% # columns="iteration, evaluation, min max(neg(.)) min(pos(.)) max correlation, correlation matrix principal axes lengths  (sorted square roots of eigenvalues of correlation matrix)", seed=380322, Wed Apr  6 15:04:03 2022
1 12 -0.023361941605917272 -0.007973124899811765 0.011345683281520212 0.04760726951615456 0.9343892766723135 0.9631479773233006 0.9871355579014146 0.9902524298584543 0.9933306822811597 0.9964367138990959 0.9992269931304717 1.000272908830139 1.0008960048410134 1.0019865300651938 1.003559418016991 1.007630760034836 1.0094280914301652 1.0177465959226566 1.027418289766321 1.061636050335534
2 24 -0.043068416494932774 -0.00861329167650527 0.022317718000249696 0.07701693125996138 0.9343892766723135 0.9631479773233006 0.9871355579014146 0.9902524298584543 0.9933306822811597 0.9964367138990959 0.9992269931304717 1.000272908830139 1.0008960048410134 1.0019865300651938 1.003559418016991 1.007630760034836 1.0094280914301652 1.0177465959226566 1.027418289766321 1.061636050335534
3 36 -0.06507742735276746 -0.010114511982109092 0.025207689547264822 0.09825853343621499 0.9343892766723135 0.9631479773233006 0.9871355579014146 0.9902524298584543 0.9933306822811597 0.9964367138990959 0.9992269931304717 1.000272908830139 1.0008960048410134 1.0019865300651938 1.003559418016991 1.007630760034836 1.0094280914301652 1.0177465959226566 1.027418289766321 1.061636050335534
4 48 -0.08247998393513215 -0.01363249343627709 0.027162251176641367 0.10974960360954171 0.9343892766723135 0.9631479773233006 0.9871355579014146 0.9902524298584543 0.9933306822811597 0.9964367138990959 0.9992269931304717 1.000272908830139 1.0008960048410134 1.0019865300651938 1.003559418016991 1.007630760034836 1.0094280914301652 1.0177465959226566 1.027418289766321 1.061636050335534
5 60 -0.09035243831000608 -0.01889261270127998 0.027919190625664347 0.13802107583886192 0.9343892766723135 0.9631479773233006 0.9871355579014146 0.9902524298584543 0.9933306822811597 0.9964367138990959 0.9992269931304717 1.000272908830139 1.0008960048410134 1.0019865300651938 1.003559418016991 1.007630760034836 1.0094280914301652 1.0177465959226566 1.027418289766321 1.061636050335534
6 72 -0.0859312727951682 -0.022407351656513926 0.02815612865759736 0.15261174385642567 0.9343892766723135 0.9631479773233006 0.9871355579014146 0.9902524298584543 0.9933306822811597 0.9964367138990959 0.9992269931304717 1.000272908830139 1.0008960048410134 1.0019865300651938 1.003559418016991 1.007630760034836 1.0094280914301652 1.0177465959226566 1.027418289766321 1.061636050335534
7 84 -0.08311888045222414 -0.02384666249738558 0.036447400141998085 0.1520935783686307 0.9343892766723135 0.9631479773233006 0.9871355579014146 0.9902524298584543 0.9933306822811597 0.9964367138990959 0.9992269931304717 1.000272908830139 1.0008960048410134 1.0019865300651938 1.003559418016991 1.007630760034836 1.0094280914301652 1.0177465959226566 1.027418289766321 1.061636050335534
8 96 -0.08717749760000838 -0.026177254494937716 0.03920354484926168 0.16978527237622149 0.9343892766723135 0.9631479773233006 0.9871355579014146 0.9902524298584543 0.9933306822811597 0.9964367138990959 0.9992269931304717 1.000272908830139 1.0008960048410134 1.0019865300651938 1.003559418016991 1.007630760034836 1.0094280914301652 1.0177465959226566 1.027418289766321 1.061636050335534
9 108 -0.09211177341058258 -0.029334743500905543 0.03454827331424207 0.16245863622790765 0.9343892766723135 0.9631479773233006 0.9871355579014146 0.9902524298584543 0.9933306822811597 0.9964367138990959 0.9992269931304717 1.000272908830139 1.0008960048410134 1.0019865300651938 1.003559418016991 1.007630760034836 1.0094280914301652 1.0177465959226566 1.027418289766321 1.061636050335534
10 120 -0.09495299296293255 -0.02885780131904117 0.03762234689132049 0.16996188694004247 0.9343892766723135 0.9631479773233006 0.9871355579014146 0.9902524298584543 0.9933306822811597 0.9964367138990959 0.9992269931304717 1.000272908830139 1.0008960048410134 1.0019865300651938 1.003559418016991 1.007630760034836 1.0094280914301652 1.0177465959226566 1.027418289766321 1.061636050335534
11 132 -0.10744032177574109 -0.029769639083683533 0.03516421173610754 0.17005526639758128 0.9343892766723135 0.9631479773233006 0.9871355579014146 0.9902524298584543 0.9933306822811597 0.9964367138990959 0.9992269931304717 1.000272908830139 1.0008960048410134 1.0019865300651938 1.003559418016991 1.007630760034836 1.0094280914301652 1.0177465959226566 1.027418289766321 1.061636050335534
12 144 -0.10779955623401433 -0.029294265971308867 0.04275248782099299 0.15096428329130113 0.9343892766723135 0.9631479773233006 0.9871355579014146 0.9902524298584543 0.9933306822811597 0.9964367138990959 0.9992269931304717 1.000272908830139 1.0008960048410134 1.0019865300651938 1.003559418016991 1.007630760034836 1.0094280914301652 1.0177465959226566 1.027418289766321 1.061636050335534
13 156 -0.12123994050796573 -0.03349271885099295 0.04003369735450005 0.1600124748926677 0.9343892766723135 0.9631479773233006 0.9871355579014146 0.9902524298584543 0.9933306822811597 0.9964367138990959 0.9992269931304717 1.000272908830139 1.0008960048410134 1.0019865300651938 1.003559418016991 1.007630760034836 1.0094280914301652 1.0177465959226566 1.027418289766321 1.061636050335534
14 168 -0.1338955411566223 -0.033415186528739885 0.041890802062901744 0.15883690243139223 0.9343892766723135 0.9631479773233006 0.9871355579014146 0.9902524298584543 0.9933306822811597 0.9964367138990959 0.9992269931304717 1.000272908830139 1.0008960048410134 1.0019865300651938 1.003559418016991 1.007630760034836 1.0094280914301652 1.0177465959226566 1.027418289766321 1.061636050335534
15 180 -0.1606139411542628 -0.03263239578055536 0.045284752792456945 0.17220787198245285 0.9343892766723135 0.9631479773233006 0.9871355579014146 0.9902524298584543 0.9933306822811597 0.9964367138990959 0.9992269931304717 1.000272908830139 1.0008960048410134 1.0019865300651938 1.003559418016991 1.007630760034836 1.0094280914301652 1.0177465959226566 1.027418289766321 1.061636050335534
16 192 -0.15186347452912932 -0.032903323750930705 0.04909937773600565 0.1755315454383796 0.9343892766723135 0.9631479773233006 0.9871355579014146 0.9902524298584543 0.9933306822811597 0.9964367138990959 0.9992269931304717 1.000272908830139 1.0008960048410134 1.0019865300651938 1.003559418016991 1.007630760034836 1.0094280914301652 1.0177465959226566 1.027418289766321 1.061636050335534
17 204 -0.13534275107061533 -0.036115559914406875 0.046577055506738366 0.18114378294273312 0.8117648267013465 0.8522610428696258 0.8700442404215153 0.8919365619466276 0.9147319640197532 0.9281428648795785 0.9583160334861581 0.973702354909552 0.990003940851808 1.017119048162813 1.0191805537075274 1.0428886621929825 1.0836898086121936 1.0904997267981853 1.1436089229501554 1.2981187089700565
18 216 -0.13566572838320223 -0.03427231806769181 0.05580314243174103 0.1806757550203119 0.8117648267013465 0.8522610428696258 0.8700442404215153 0.8919365619466276 0.9147319640197532 0.9281428648795785 0.9583160334861581 0.973702354909552 0.990003940851808 1.017119048162813 1.0191805537075274 1.0428886621929825 1.0836898086121936 1.0904997267981853 1.1436089229501554 1.2981187089700565
19 228 -0.14372854343300287 -0.03964417078337898 0.0555751475972593 0.1750166530823073 0.8117648267013465 0.8522610428696258 0.8700442404215153 0.8919365619466276 0.9147319640197532 0.9281428648795785 0.9583160334861581 0.973702354909552 0.990003940851808 1.017119048162813 1.0191805537075274 1.0428886621929825 1.0836898086121936 1.0904997267981853 1.1436089229501554 1.2981187089700565
20 240 -0.16265187021216704 -0.04110870765190652 0.05613504334376011 0.17426320048198773 0.8117648267013465 0.8522610428696258 0.8700442404215153 0.8919365619466276 0.9147319640197532 0.9281428648795785 0.9583160334861581 0.973702354909552 0.990003940851808 1.017119048162813 1.0191805537075274 1.0428886621929825 1.0836898086121936 1.0904997267981853 1.1436089229501554 1.2981187089700565
21 252 -0.17124894320610276 -0.043699504737489306 0.05817574943985291 0.18031739918063666 0.8117648267013465 0.8522610428696258 0.8700442404215153 0.8919365619466276 0.9147319640197532 0.9281428648795785 0.9583160334861581 0.973702354909552 0.990003940851808 1.017119048162813 1.0191805537075274 1.0428886621929825 1.0836898086121936 1.0904997267981853 1.1436089229501554 1.2981187089700565
22 264 -0.19385831466838366 -0.047196153262807766 0.05270029472667831 0.18417956000191224 0.8117648267013465 0.8522610428696258 0.8700442404215153 0.8919365619466276 0.9147319640197532 0.9281428648795785 0.9583160334861581 0.973702354909552 0.990003940851808 1.017119048162813 1.0191805537075274 1.0428886621929825 1.0836898086121936 1.0904997267981853 1.1436089229501554 1.2981187089700565
23 276 -0.1886907310972458 -0.04665508323724828 0.053851082502099565 0.18344285837844218 0.8117648267013465 0.8522610428696258 0.8700442404215153 0.8919365619466276 0.9147319640197532 0.9281428648795785 0.9583160334861581 0.973702354909552 0.990003940851808 1.017119048162813 1.0191805537075274 1.0428886621929825 1.0836898086121936 1.0904997267981853 1.1436089229501554 1.2981187089700565
