% # columns="iteration, evaluation, sigma, void, void,  stds==sigma*sqrt(diag(C))", seed=380322, Wed Apr  6 15:04:03 2022, <python>{}</python>
1 12 0.936343622621264 0 0 0.9204823438036626 0.9317032173391528 0.9380430289401489 0.9319964893055348 0.9415214691897111 0.9236354210678114 0.9382242602357727 0.9455578704959332 0.9377780657876588 0.9371340487596468 0.9400501009407972 0.9300409152421517 0.9434385640481291 0.9332653369958033 0.9309059095374937 0.9315748457244746
2 24 0.9470848853499333 0 0 0.9218190765494259 0.9614720179055486 0.9692139916040406 0.9629328267474454 0.9409281993292854 0.9379000593943492 0.9451707066998125 0.9431812441849953 0.946176496215716 0.9504779611458285 0.9452013079928923 0.9341775279775667 0.9396566283854965 0.9527537710498353 0.9561473391034284 0.9308119062721331
3 36 0.9704549543881061 0 0 0.9465511160454343 0.9778719437208924 0.9926837523623575 0.9778483249172727 0.9642135457261634 0.9597996386089609 0.974033637884623 0.9716288826222071 0.9692411165443742 0.976518178446072 0.9591169612703163 0.9658155013335857 0.9559790559043349 0.9815567098598693 0.9976521580759337 0.9482216322967961
4 48 0.9975283486590087 0 0 0.9661549468009639 1.0096170550030539 1.026983520075212 1.002683289436058 0.982460391054694 0.9905469839937863 1.0040311370715354 1.0014629092073226 0.9886439981349608 1.0279875002269427 1.0080619774657522 0.9883953028178324 0.9654947230074501 1.0078601730390497 1.04700981631919 0.9754022597067853
5 60 1.044300606538194 0 0 1.0024348993674888 1.06354946307605 1.069584174066724 1.0476667662294803 1.0265554216391313 1.0631936440527294 1.0566120996065695 1.0489516553878064 1.0279993809428325 1.0738177529459694 1.0629723486775808 1.0209858054185839 1.001892273116163 1.064297986199952 1.1141201082280643 1.0209528089865787
6 72 1.0355100010517064 0 0 0.9943271323181456 1.0540373672959897 1.0557997019483256 1.041652493956454 1.0101421747340886 1.0620409416070953 1.0488479235299193 1.0412125358162154 1.0136148931339892 1.0521870296341742 1.0552012484065756 1.0183277327559428 0.9684066812392492 1.047946616225645 1.1123889536156684 1.0035141829563319
7 84 1.01847106244009 0 0 0.9828850435834977 1.0414140148705575 1.0371310675340784 1.0088886933849686 0.9930280696627609 1.0473943882383976 1.0158595018631869 1.0133882132685446 1.0011797563580864 1.0296985976332986 1.0464944649734433 0.9967175820924778 0.954137437173779 1.037381353402471 1.092893883971473 0.9769842265420359
8 96 1.0040857301958763 0 0 0.9539607557586851 1.0321793798395047 1.021609979561945 0.9985698287949347 0.9736007204967292 1.03809846245526 0.9911812335651065 1.0000529608733182 0.981991681317496 1.0236888050158235 1.0488162816826792 0.9831160008675667 0.9381081425564004 1.0118538737192353 1.084974849968035 0.9604164218051995
9 108 0.9863314133592713 0 0 0.9359014247656867 1.0081048518180433 0.9900667565162643 0.9844276281757139 0.9529186364092911 1.0138072394446207 0.9684027945103748 0.9893236897641333 0.968037362150752 0.9997617899046252 1.043515187918208 0.9598605083375181 0.911753219326637 0.9864804254131706 1.0672891722154785 0.9361741058451482
10 120 0.9632743791072645 0 0 0.8986813400945466 0.9894747986887075 0.9538961580004619 0.9584397419095491 0.9186110628485672 1.000306200531864 0.9416814235256744 0.9694487690826605 0.9480286198494492 0.9603530961818615 1.0319959871445556 0.9425480088784984 0.8727922782861028 0.9666965040753297 1.0376972144241274 0.9187012016247499
11 132 0.9188422643753523 0 0 0.8530614150236219 0.9497139658382913 0.9104889001202923 0.9120011431402831 0.875504623643991 0.9425889702399014 0.8737119048203629 0.9350308386059306 0.8999848145228143 0.8981092547147851 0.9862094033787341 0.9054125912117521 0.833289010162759 0.9168823821965766 0.9962681216941165 0.8699543490375145
12 144 0.8856618565570568 0 0 0.8254023789170934 0.9114894303466406 0.8805059167812294 0.8791373488252047 0.8447649902818245 0.9101174027976779 0.8383949350077095 0.9076024500437568 0.8633741370819145 0.8623771091931643 0.9506972810102092 0.879044190731118 0.7985589876028638 0.8786833673016634 0.9563401200812492 0.8221884341301223
13 156 0.8768399022853985 0 0 0.8207419009877623 0.9107332767976059 0.859492832015132 0.869355988934419 0.8315559636945227 0.9049918169559761 0.8275745247852114 0.8902545647715758 0.8595548551081099 0.8499550492294655 0.9411022729866214 0.8664555293518811 0.7872909772163031 0.8770334536065616 0.9528380092667859 0.809715288891985
14 168 0.85703444591839 0 0 0.7949242811748267 0.8909534369513237 0.8414015264013357 0.8407291214082392 0.8163080767506309 0.8675745889227607 0.8138673180786622 0.8701201595028387 0.8422647117352545 0.8259202630606104 0.9179786531227518 0.847618313962785 0.7668248280472925 0.8657406614883555 0.9350106272536789 0.7782264049655714
15 180 0.839894072873811 0 0 0.7818994094014231 0.8716900480850839 0.8290600930655583 0.8266274171396277 0.8067861767914997 0.8407351970145714 0.8026440061063889 0.8522807670023507 0.8323921044103786 0.7903591312636865 0.8977448157755624 0.8121258547762978 0.7460317869495716 0.8632804646098561 0.9129410094403255 0.7556519514857197
16 192 0.7794050584425786 0 0 0.7254310906151958 0.805080993460873 0.7602197007579423 0.764206937836602 0.7507308643046126 0.7824637612200734 0.7437677496890044 0.7835942514515642 0.7761513903108981 0.7288630789484447 0.8309483967908766 0.7348777549356147 0.6940748819672113 0.8008064211494872 0.8457923382293846 0.6914595663772154
17 204 0.7445529001500358 0 0 0.689326117178091 0.766720300949622 0.7450763110995651 0.7422417219329089 0.7097321440910819 0.7450877253153294 0.7138546084364805 0.7334391062633734 0.742794590268485 0.6944980511456076 0.788238606250554 0.699008769676973 0.6607931663698934 0.7539217657418174 0.7996661312726273 0.6558239126435504
18 216 0.7377791933875448 0 0 0.6858686226542692 0.7511968596750224 0.7409577953681613 0.735579747219812 0.7128297777410915 0.7397922884477164 0.7032296273346303 0.7225652976763335 0.7317534259594296 0.685540871742135 0.7845176277603856 0.690597092199146 0.6530914622874104 0.7487485381211539 0.7922155179792766 0.6560997599249874
19 228 0.7277543830849055 0 0 0.6668386474479043 0.732975687606546 0.7326113910392418 0.7248180490888106 0.7080701095956651 0.735607965009392 0.6922910948337833 0.7217074970924395 0.7246988108433131 0.6656467766234418 0.7702102287264244 0.6749347351260347 0.6399970080861446 0.735194941010631 0.7754595124001188 0.6483832458459713
20 240 0.6830439130965636 0 0 0.6220868630298195 0.6896337493256625 0.6870346430175317 0.6848996589462605 0.6690981795475515 0.6837882409143758 0.6486757084813192 0.6768922993841298 0.6793873154796382 0.6238177263494018 0.7292180539142054 0.628005905429517 0.5929604938134164 0.6869889647156335 0.7278314207412304 0.6015174997437488
21 252 0.6383812908311652 0 0 0.5802281193909633 0.6416557818629431 0.6428400238684305 0.6342083433605755 0.6235531822072025 0.6308143949741809 0.6044410645446561 0.6294781175046971 0.6380831305033815 0.5837787804822061 0.685421329529942 0.5824028263151849 0.5575955844762922 0.6374233562971071 0.6784147644535252 0.5441041312426683
22 264 0.6002861910100483 0 0 0.546998309613735 0.5999683358664736 0.6049033582324316 0.595229807161797 0.5949420707121672 0.5929340263002202 0.5671729037669107 0.5904262791828108 0.6010048806630948 0.5502875745606479 0.6513642312569703 0.5388546667829572 0.5308235524117331 0.6001523060182153 0.6389313971330967 0.5052103826757018
23 276 0.5827673490306468 0 0 0.5307354266287813 0.5876964501176648 0.5819123480655093 0.5757390381430741 0.5747719247825189 0.5750046631635851 0.567469679703835 0.5713671847920473 0.5830196753475525 0.5321424072998329 0.6370156210839963 0.5253679565563573 0.5190670607889889 0.574298896389373 0.6096812050369584 0.4914539755722135
