% # columns="iteration, evaluation, sigma, max axis length,  min axis length, all principal axes lengths  (sorted square roots of eigenvalues of C)", seed=1101981, Wed Apr 27 01:27:35 2022
1 8 0.9464691654807351 1.0000375007031337 1.0 1.0 1.0000125000781253 1.0000250003125026 1.0000375007031337
2 16 0.8711974506710385 1.1233302160400875 0.7655769474940023 0.7655769474940023 0.9648622835914734 1.0001073616889105 1.1233302160400875
3 24 0.8603429213956328 1.1414507098960816 0.6406825412334394 0.6406825412334394 0.9629737233540906 0.9977075708472524 1.1414507098960816
4 32 0.8870737201058991 1.281735699234875 0.6258356552374896 0.6258356552374896 0.9072018930368245 1.013783142940514 1.281735699234875
5 40 0.9549285003714775 1.412568573701449 0.5938126772617491 0.5938126772617491 0.8629384262406163 0.9329022534275305 1.412568573701449
6 48 0.8868593207749884 1.375146560330424 0.6244498112590235 0.6244498112590235 0.7938499884471096 0.9402906878916799 1.375146560330424
7 56 0.9104721728255247 1.2914589017779299 0.570869075943572 0.570869075943572 0.7620919904337713 0.9647744519707222 1.2914589017779299
8 64 0.892270433189881 1.3923640111094713 0.5547576175073646 0.5547576175073646 0.7132861564734905 0.9093294836844662 1.3923640111094713
9 72 0.7545715560047975 1.4183204270683742 0.5141741368492475 0.5141741368492475 0.7021700277233975 0.9903524982209668 1.4183204270683742
10 80 0.6726096783647474 1.3159856049956227 0.5056081150233138 0.5056081150233138 0.6760908527433395 0.9507680435877591 1.3159856049956227
11 88 0.6337345134151782 1.2839436400663444 0.5054323945390132 0.5054323945390132 0.699446996621899 0.8100314321162722 1.2839436400663444
12 96 0.6923843956923221 1.246588117890549 0.4921361696470893 0.4921361696470893 0.6505985488245517 0.8224160475457419 1.246588117890549
13 104 0.827580336470214 1.2165954511031967 0.4556222529878847 0.4556222529878847 0.6996885898702278 0.8384712189615934 1.2165954511031967
14 112 0.9044784423896801 1.226925410433193 0.48294427495257936 0.48294427495257936 0.699001760609357 0.8905741033732912 1.226925410433193
15 120 0.9826149002959211 1.0875346354481679 0.468661332169966 0.468661332169966 0.7264540411498264 0.9155169084999852 1.0875346354481679
16 128 1.0492544527426946 1.1008141703092889 0.4505206934804699 0.4505206934804699 0.7339701784872198 0.8999827293549938 1.1008141703092889
17 136 1.0336868243481607 1.1676236876733892 0.44881448174644095 0.44881448174644095 0.6805926094246643 0.93381578972509 1.1676236876733892
18 144 1.097132429687171 1.2567007950878566 0.4021965286417029 0.4021965286417029 0.6843446055162773 0.8112711769931799 1.2567007950878566
19 152 1.1582175908706878 1.2014162545616636 0.42833470584923955 0.42833470584923955 0.6913218541965865 0.8371582260943217 1.2014162545616636
20 160 1.307368563646477 1.2250133603142623 0.4058389434463214 0.4058389434463214 0.7407647397661857 0.8649104626002763 1.2250133603142623
21 168 1.523211966192646 1.247845770415172 0.36313665234334197 0.36313665234334197 0.7464162386013506 0.9402763019063466 1.247845770415172
22 176 2.2344528681216334 1.3442203981837517 0.3590650706576263 0.3590650706576263 0.7055135132018029 0.9541750990606315 1.3442203981837517
23 184 2.4063662637485606 1.375790022721157 0.3680385058705854 0.3680385058705854 0.6889003028123227 0.9898503687903946 1.375790022721157
24 192 2.2636899104506067 1.260367670234608 0.37200829937382923 0.37200829937382923 0.6700399339627168 0.9116041333560059 1.260367670234608
25 200 2.0275018486335 1.1853767834154687 0.33531791912177006 0.33531791912177006 0.6682941107064457 0.9766073138536756 1.1853767834154687
26 208 1.9274924513561922 1.1240889611210143 0.31457904715645585 0.31457904715645585 0.6408299479758611 0.9708404314454673 1.1240889611210143
27 216 1.952402491086256 1.1413104571445478 0.31254133654773764 0.31254133654773764 0.6033028222990486 0.9818534968686043 1.1413104571445478
28 224 2.36142310601679 1.0527867749046502 0.31975447120266315 0.31975447120266315 0.5839241369663214 1.0009130438924114 1.0527867749046502
29 232 2.5886840833338436 1.1646016702968736 0.3518626280341234 0.3518626280341234 0.5551947420563438 0.9392087106860568 1.1646016702968736
30 240 3.6050066970331667 1.158608887548696 0.3608946154188089 0.3608946154188089 0.5649672007663646 0.9429968301036199 1.158608887548696
31 248 4.060077221901687 1.2485583551494266 0.35353043725085004 0.35353043725085004 0.5449655532966297 0.9582023729473498 1.2485583551494266
32 256 3.817923002095184 1.196051089985544 0.3300584137071419 0.3300584137071419 0.586588684002129 0.8897131322415703 1.196051089985544
33 264 3.6883415100905705 1.2356317457285293 0.3571347231696955 0.3571347231696955 0.5295649011914864 0.8279908665687872 1.2356317457285293
34 272 3.6628086988987354 1.2006316451946186 0.3863416537245264 0.3863416537245264 0.4653056273374149 0.8562539725657599 1.2006316451946186
35 280 3.4225504924013253 1.1807283386414065 0.3892927226134942 0.3892927226134942 0.468628440363688 0.8001873410407664 1.1807283386414065
36 288 3.2909878978221934 1.231158783891454 0.3799952832345738 0.3799952832345738 0.41536794074425637 0.7659336445027756 1.231158783891454
37 296 3.0653040033872383 1.3015104056106201 0.3581568314677204 0.3581568314677204 0.402734666834737 0.7086298768057256 1.3015104056106201
38 304 3.0294419977902085 1.2746055158247078 0.34105840067718346 0.34105840067718346 0.38327572007819793 0.725902119560323 1.2746055158247078
39 312 2.49883244738972 1.3965641777697437 0.30640972283103024 0.30640972283103024 0.3679905063539316 0.7156291126670044 1.3965641777697437
40 320 2.1718509828878623 1.25282388561381 0.29474788297879817 0.29474788297879817 0.34643105052391315 0.7176365997837326 1.25282388561381
41 328 1.9408842523377667 1.1812476418938678 0.2888697482820883 0.2888697482820883 0.3145947947959005 0.7076644031680689 1.1812476418938678
42 336 1.905290357289827 1.0521996494912513 0.2728659065427726 0.2728659065427726 0.3008493532453427 0.75673599753212 1.0521996494912513
43 344 1.8527615407245883 1.0224968499729432 0.2664382575376499 0.2664382575376499 0.2836319563238878 0.7409403806859629 1.0224968499729432
44 352 2.0118529120636697 1.0084623078579742 0.2517592506503148 0.2517592506503148 0.3037060001396393 0.7045105435636974 1.0084623078579742
45 360 2.4804528240369814 1.1100865883804114 0.24017157809718723 0.24017157809718723 0.30699856162460665 0.7013053247068477 1.1100865883804114
46 368 3.2946797731736277 1.1087771528558046 0.2173096011117036 0.2173096011117036 0.35994049775394266 0.7322015086749961 1.1087771528558046
47 376 3.754861329198845 1.1290001092475517 0.20754984250969685 0.20754984250969685 0.37594141294851857 0.7543668930940506 1.1290001092475517
48 384 3.8587211294581003 1.0489754924576205 0.21259844471809378 0.21259844471809378 0.36662024312466207 0.7216741686356207 1.0489754924576205
49 392 3.7157977434879665 1.0319840297273026 0.2247175396881436 0.2247175396881436 0.3360900299380584 0.6725197568686683 1.0319840297273026
50 400 3.9592723567483294 1.0387790591601123 0.2089348497319565 0.2089348497319565 0.31362031322922845 0.625943471216029 1.0387790591601123
51 408 3.6973941258566088 1.1171041547345817 0.2142919018245436 0.2142919018245436 0.31620798034148506 0.5554612824875379 1.1171041547345817
52 416 3.7994352699910645 1.095133881193637 0.20885492964679359 0.20885492964679359 0.27904896700791065 0.5628039004599619 1.095133881193637
53 424 4.077080900090409 1.0039724481289696 0.20550384807148833 0.20550384807148833 0.3061888382735549 0.5325277873582671 1.0039724481289696
54 432 3.6746709557770623 0.9779764833838807 0.21693592116657492 0.21693592116657492 0.30876187562519136 0.5294757663820546 0.9779764833838807
55 440 3.640354824089818 0.9819080816430467 0.20439151474446157 0.20439151474446157 0.3119098261281876 0.4769986096708777 0.9819080816430467
56 448 3.7546653337139007 0.8395990310527625 0.23156125318655388 0.23156125318655388 0.3166501266913103 0.4893472417554484 0.8395990310527625
57 456 3.5492541069542067 0.861348900170575 0.22837342961185736 0.22837342961185736 0.31686020923472236 0.48081054451767763 0.861348900170575
58 464 2.910582967933736 0.8384628692810477 0.24602439340277496 0.24602439340277496 0.30813576895638556 0.4481701583616862 0.8384628692810477
59 472 2.7428060969428585 0.8271114822441052 0.24335313446411483 0.24335313446411483 0.2827960575873706 0.42002907256901006 0.8271114822441052
60 480 2.804984018868008 0.8222865196209042 0.23521601384793425 0.23521601384793425 0.2851476883401674 0.37043174890067876 0.8222865196209042
61 488 2.901463082155702 0.816381590804761 0.22519582355672496 0.22519582355672496 0.2988702822469465 0.34003280793548746 0.816381590804761
62 496 2.311191719451738 0.8001834495973396 0.19513351554667857 0.19513351554667857 0.2854546194712781 0.37383542720354423 0.8001834495973396
63 504 2.2385897896506117 0.7868944596545521 0.1675480305754978 0.1675480305754978 0.2660560422334145 0.3832642147861111 0.7868944596545521
64 512 2.0402943323934246 0.7763410799828032 0.17153319140506834 0.17153319140506834 0.2798241660056716 0.33413699121493 0.7763410799828032
65 520 1.9415995369715375 0.7585697444797477 0.16592909276558973 0.16592909276558973 0.2733259904011004 0.30638059857662575 0.7585697444797477
66 528 1.7937065392893086 0.6979376250116697 0.1510250553657338 0.1510250553657338 0.2842014854412961 0.31633519869259963 0.6979376250116697
67 536 2.0897981633751344 0.6773403462596446 0.13861329263626565 0.13861329263626565 0.2646708326831083 0.32696471845047625 0.6773403462596446
68 544 2.28966109852825 0.8145362052590539 0.14175984103536812 0.14175984103536812 0.23048658200414343 0.34176928213559027 0.8145362052590539
69 552 2.5061937422704137 0.8824238947745481 0.1315590783230428 0.1315590783230428 0.22583312171626832 0.3463734604734941 0.8824238947745481
70 560 2.386595526519333 0.9328637894123273 0.13983204970374993 0.13983204970374993 0.22864201870554055 0.31341413459888756 0.9328637894123273
71 568 2.141525783744433 0.9426713517714848 0.12813584242458517 0.12813584242458517 0.20791628880335028 0.3465472945367629 0.9426713517714848
72 576 1.8474757700880469 0.9238340112811363 0.10972747591018327 0.10972747591018327 0.21202216918525899 0.339568600692618 0.9238340112811363
73 584 1.8874968824963694 0.9484675343719964 0.10469468079381404 0.10469468079381404 0.20902295742194069 0.3367463717925868 0.9484675343719964
74 592 2.0880997626621185 1.0331243943619421 0.1042110542973683 0.1042110542973683 0.1706271407148588 0.34267732009828294 1.0331243943619421
75 600 1.8160456459026202 1.0761132294437983 0.11170234023826583 0.11170234023826583 0.17277173552352756 0.3316476765221306 1.0761132294437983
76 608 1.9850440201715989 0.9821520855026044 0.10514597036150572 0.10514597036150572 0.1739415381371097 0.3387748496387371 0.9821520855026044
77 616 1.879291226268434 1.045158619134796 0.11038441403940843 0.11038441403940843 0.15529905138848746 0.33897544860951845 1.045158619134796
78 624 1.8828621573933342 1.0494667023962558 0.11037085145964116 0.11037085145964116 0.14845208752905334 0.30120071795210207 1.0494667023962558
79 632 2.6297787713448617 1.0331464816764688 0.11016143730896233 0.11016143730896233 0.15893513032934217 0.28687662535409303 1.0331464816764688
80 640 2.5148017174069404 0.9937526931146513 0.10892673440115176 0.10892673440115176 0.1812182297760809 0.2835182051321963 0.9937526931146513
81 648 2.1774186363408896 0.9263985521969418 0.09815433678718136 0.09815433678718136 0.17707059839650957 0.2834124689927534 0.9263985521969418
82 656 1.9831148482356908 0.8965637462732942 0.095436739322284 0.095436739322284 0.18281645994179133 0.2758651638450289 0.8965637462732942
83 664 1.7129012004365083 0.9275891498723174 0.08575030026203352 0.08575030026203352 0.1754297046825216 0.2715910009410302 0.9275891498723174
84 672 1.610333000989818 0.8692365853234425 0.07367884466771406 0.07367884466771406 0.18676093675417246 0.27792471660323814 0.8692365853234425
85 680 1.9434572835049035 0.9378026789708416 0.07674152934352142 0.07674152934352142 0.17903955959988518 0.260298744426819 0.9378026789708416
86 688 1.9077595005251475 1.1756000213950344 0.07133972685117693 0.07133972685117693 0.16313854255777757 0.255137587410123 1.1756000213950344
87 696 1.7266974046277719 1.145641873095362 0.07652657039590044 0.07652657039590044 0.1396019678173422 0.2664248464720181 1.145641873095362
88 704 1.8298084843333593 1.1623330121930806 0.07533671190774945 0.07533671190774945 0.13791650252702198 0.2643691790700973 1.1623330121930806
89 712 1.735094837894139 1.2258795340401194 0.06992183928384128 0.06992183928384128 0.14389173714374434 0.25259513419146845 1.2258795340401194
90 720 1.7009792965018116 1.2016384055558447 0.0666963282462485 0.0666963282462485 0.12356252983936171 0.2539945712527456 1.2016384055558447
91 728 1.513251938329842 1.1530640243108448 0.05915809192081992 0.05915809192081992 0.13352216274037046 0.2560142184875553 1.1530640243108448
92 736 1.329953473947743 1.1331865696155226 0.054924910844651155 0.054924910844651155 0.12360998048218813 0.2588465101783703 1.1331865696155226
93 744 1.3259004407993764 1.1198635582664416 0.0518647056311088 0.0518647056311088 0.1075510956712406 0.25359750135316067 1.1198635582664416
94 752 1.167731243856371 1.140731407236637 0.050438608661778774 0.050438608661778774 0.09601365630804477 0.25915190717985714 1.140731407236637
95 760 0.9944280163049632 1.104003495176113 0.0498737470780853 0.0498737470780853 0.08435741522764534 0.2546670744024245 1.104003495176113
96 768 0.8602428439599478 1.112223610039545 0.046309503025041464 0.046309503025041464 0.0853185648988453 0.21986146224424283 1.112223610039545
97 776 0.9949028814056641 1.0295587313841301 0.048414530319456375 0.048414530319456375 0.08471808756918835 0.21817140995527334 1.0295587313841301
98 784 1.1738126507834457 1.1024106709739478 0.04663111349607911 0.04663111349607911 0.09280645768271499 0.22249803576382 1.1024106709739478
99 792 1.1202753387441646 0.8902619259995221 0.05562029059970517 0.05562029059970517 0.09755670534013319 0.241713054274754 0.8902619259995221
100 800 1.0416456151862359 0.8571458670325605 0.04914645133628124 0.04914645133628124 0.10070688951823585 0.23489782922515065 0.8571458670325605
101 808 0.9178701883590116 0.8243608190465808 0.045598704732192616 0.045598704732192616 0.09841594552847915 0.2302926741718667 0.8243608190465808
102 816 0.9247406918641452 0.8708943353073256 0.04242495195171633 0.04242495195171633 0.09253347390971184 0.21759331125753026 0.8708943353073256
103 824 0.9063854072886807 0.8923446742050448 0.04144038188258294 0.04144038188258294 0.09030398904501943 0.22054868110867296 0.8923446742050448
104 832 0.7514883210449589 0.8248401463749206 0.040753753300204094 0.040753753300204094 0.09326196838793832 0.2261983257848294 0.8248401463749206
105 840 0.6985894444121898 0.826696416636763 0.041570227945107785 0.041570227945107785 0.08185791843065349 0.21597702940404345 0.826696416636763
106 848 0.6453764909153067 0.8236715167216984 0.035583714161132984 0.035583714161132984 0.08580279583838137 0.21343281065319125 0.8236715167216984
107 856 0.6556234137931266 0.8063978635129795 0.0373086995155955 0.0373086995155955 0.08457092827864189 0.1783413571921252 0.8063978635129795
108 864 0.7166365971064635 0.8324630347013708 0.03800997886790181 0.03800997886790181 0.07918136137024048 0.18386539592626716 0.8324630347013708
109 872 0.7046847555541118 0.8794832796444862 0.04806372515388515 0.04806372515388515 0.07348493721104367 0.1681320093069873 0.8794832796444862
110 880 0.699327870912972 0.8669769866695419 0.047353273141791115 0.047353273141791115 0.06582444928041215 0.1671137359904099 0.8669769866695419
111 888 0.5708447175638669 0.8510014415292078 0.049853576936824275 0.049853576936824275 0.06341160486765371 0.15030638222582982 0.8510014415292078
112 896 0.5908588527129784 0.7707025305466498 0.0506248478233314 0.0506248478233314 0.05833475053570094 0.14930191215972402 0.7707025305466498
113 904 0.6125179493532571 0.816986255339442 0.04866748053532858 0.04866748053532858 0.06250552147126295 0.1281096792939716 0.816986255339442
114 912 0.5824969069297787 0.8274669129364496 0.05141467066614567 0.05141467066614567 0.06587697766573271 0.12301818761449407 0.8274669129364496
115 920 0.6000808015806285 0.749035260172955 0.052337689882357374 0.052337689882357374 0.06226488308559414 0.12763680749920384 0.749035260172955
116 928 0.6847698498971572 0.7397540639715934 0.04665358893544597 0.04665358893544597 0.06290908223506331 0.13460966792323753 0.7397540639715934
117 936 0.7759565706028769 0.7190454873806926 0.04481111695263761 0.04481111695263761 0.05936770260989681 0.15853174176028623 0.7190454873806926
118 944 0.9657114304872129 0.7027520079296437 0.046112898949625516 0.046112898949625516 0.061466963785463555 0.17032059507073305 0.7027520079296437
119 952 0.9225453039743609 0.6909779170358787 0.05087716428594666 0.05087716428594666 0.0564354344837867 0.1896750075589992 0.6909779170358787
120 960 0.8377790527169007 0.7225096937595276 0.05021365302838748 0.05021365302838748 0.05247585961805628 0.20821870908188667 0.7225096937595276
121 968 0.776631446467217 0.6371417119566185 0.0496008394240823 0.0496008394240823 0.055223105317296274 0.19651357931208704 0.6371417119566185
122 976 0.7958046980161426 0.614689546015045 0.04734199682283881 0.04734199682283881 0.05494756471202476 0.1880286488235235 0.614689546015045
123 984 0.782019765215875 0.6028914714414826 0.04636138151127115 0.04636138151127115 0.05108949425637548 0.20489784850440063 0.6028914714414826
124 992 0.6438380695724742 0.5079862201196399 0.048372091827945364 0.048372091827945364 0.05139909192466634 0.2169796856433526 0.5079862201196399
125 1000 0.6150663866944638 0.49725147665765 0.04739826339218517 0.04739826339218517 0.04980281642070988 0.2035702616418164 0.49725147665765
126 1008 0.553541922645402 0.49373160754983153 0.04735045777088542 0.04735045777088542 0.050404236032933675 0.18875738077033086 0.49373160754983153
127 1016 0.5532895852370331 0.5231142241815564 0.04149863032819909 0.04149863032819909 0.050738987343201064 0.1699937965494324 0.5231142241815564
128 1024 0.6635441054603728 0.5048875191679577 0.0434393928694816 0.0434393928694816 0.053626618338338185 0.15827663964433977 0.5048875191679577
129 1032 0.8215582367840316 0.5982404854896402 0.0392659861735227 0.0392659861735227 0.054257362511784334 0.15769306212201964 0.5982404854896402
130 1040 0.7600006453220057 0.6052900699694616 0.03742942352510419 0.03742942352510419 0.055656658795158125 0.16104029055158164 0.6052900699694616
131 1048 0.6459712736332246 0.5953830759831187 0.035800806633357427 0.035800806633357427 0.05551388738619657 0.14600875121368803 0.5953830759831187
132 1056 0.5971169970313911 0.5777089357138432 0.03603634741282912 0.03603634741282912 0.04897845345579062 0.1450064633606151 0.5777089357138432
133 1064 0.6526104384642734 0.5365249662222359 0.032849582075462756 0.032849582075462756 0.0515732643611525 0.15130477616686575 0.5365249662222359
134 1072 0.7624411758192023 0.57470002479985 0.032475360401210414 0.032475360401210414 0.049501597596734344 0.15195000617672605 0.57470002479985
135 1080 0.7894753141052606 0.5573065316928816 0.031003869911043046 0.031003869911043046 0.060341259039335356 0.14020226325674337 0.5573065316928816
136 1088 0.8755154470144222 0.5065939178669923 0.031695380952879826 0.031695380952879826 0.06321396726270863 0.13302941456732323 0.5065939178669923
137 1096 0.805665840417079 0.531447032409459 0.03176688270910125 0.03176688270910125 0.06418672113098389 0.12552429258574907 0.531447032409459
138 1104 0.7910280570473986 0.47947868817308514 0.031077394679198282 0.031077394679198282 0.06564209995433695 0.11152750022468856 0.47947868817308514
139 1112 0.94651715449112 0.39811925353803457 0.03095879432837639 0.03095879432837639 0.06853408953934699 0.1079838821063604 0.39811925353803457
140 1120 0.9733137234746135 0.4776325897282002 0.028874834602316705 0.028874834602316705 0.06813471373098536 0.10656097546021992 0.4776325897282002
141 1128 1.008508235376605 0.46578963939597 0.02579129857352792 0.02579129857352792 0.07336943945119832 0.10503012395618265 0.46578963939597
142 1136 1.0617719948955915 0.46490581109484674 0.025203907449748344 0.025203907449748344 0.06701334440585893 0.10936851814200971 0.46490581109484674
143 1144 1.1171830001772736 0.5190011110363587 0.023365857125362998 0.023365857125362998 0.06898496371922797 0.09971968199290808 0.5190011110363587
144 1152 1.025541739327372 0.5297902252789188 0.022198364095822997 0.022198364095822997 0.0687862610513875 0.10108591813916432 0.5297902252789188
145 1160 0.8568335159025089 0.5671291920056899 0.02212209752933121 0.02212209752933121 0.0646885102806379 0.09945928707644991 0.5671291920056899
146 1168 0.9116694225610067 0.5236576776336799 0.022320453500849147 0.022320453500849147 0.059927664692012265 0.09727280910525106 0.5236576776336799
147 1176 1.1882733774623626 0.5559650358126572 0.02025482993441544 0.02025482993441544 0.0654751626051085 0.09651875536238624 0.5559650358126572
148 1184 1.1046587612163032 0.5744284636958507 0.018631330550328805 0.018631330550328805 0.07367907544245474 0.09225260447438546 0.5744284636958507
149 1192 0.9346714449311723 0.5589451723805559 0.01673652528450394 0.01673652528450394 0.0769676978650482 0.09128662984122149 0.5589451723805559
150 1200 0.7587552441367402 0.5028155253836707 0.016374609954319976 0.016374609954319976 0.0732487253545371 0.09326327979622248 0.5028155253836707
151 1208 0.7149049937520049 0.4946992385262366 0.01645271677542066 0.01645271677542066 0.07021310923861779 0.08071873967790685 0.4946992385262366
152 1216 0.8386916990960991 0.47017734562207875 0.016901763686363938 0.016901763686363938 0.06937737687947845 0.08141125530312743 0.47017734562207875
153 1224 0.9030457874272969 0.4274797427503035 0.017278216671187938 0.017278216671187938 0.07405228892129094 0.08927343026480451 0.4274797427503035
154 1232 0.9852068892119095 0.41633781122111196 0.01694263649875484 0.01694263649875484 0.07247990971868237 0.0985775127675305 0.41633781122111196
155 1240 1.2870528057952397 0.38423957152261984 0.016667021443476086 0.016667021443476086 0.06501806005058187 0.11087792599301724 0.38423957152261984
156 1248 1.4624665380935098 0.38693767279379326 0.01718065562778553 0.01718065562778553 0.060577112212126 0.11317617389335971 0.38693767279379326
157 1256 1.3926995546604881 0.36145478957872923 0.01646704397638487 0.01646704397638487 0.05970287527752873 0.11406643510231218 0.36145478957872923
158 1264 1.3887899995815987 0.35164534601452474 0.015603994464677669 0.015603994464677669 0.06033854487980111 0.1097088470531167 0.35164534601452474
159 1272 1.3535073152924362 0.33096227055266303 0.0151529670452959 0.0151529670452959 0.06073671186314854 0.11142568086865379 0.33096227055266303
160 1280 1.3596100161112463 0.36236164589612985 0.014857992175247404 0.014857992175247404 0.0586932665647585 0.09837043962620809 0.36236164589612985
161 1288 1.3127003704301057 0.35966445979729594 0.014620192797512517 0.014620192797512517 0.052806251606768474 0.10753788369042351 0.35966445979729594
162 1296 1.1903516539612424 0.36143947873061705 0.014026158236428464 0.014026158236428464 0.05156728101148555 0.10477372061431359 0.36143947873061705
163 1304 1.1959629947074042 0.3269901849148254 0.014200023640610307 0.014200023640610307 0.05086629328263966 0.10589972688830589 0.3269901849148254
164 1312 1.2367801754844974 0.3173139560691471 0.013895038260162374 0.013895038260162374 0.044254773442962046 0.12016363298724 0.3173139560691471
165 1320 1.1489262300876708 0.3151789459407783 0.014417315628484804 0.014417315628484804 0.043266726644991975 0.11491428621768983 0.3151789459407783
166 1328 1.163542380554496 0.31856832969929927 0.013337010580115811 0.013337010580115811 0.04352815180634807 0.10844236226056174 0.31856832969929927
167 1336 1.1030866879470784 0.3041951218629533 0.015211683842845585 0.015211683842845585 0.039875038874487956 0.10176145441168918 0.3041951218629533
168 1344 0.8847345630356236 0.2782446257959873 0.015172019157482987 0.015172019157482987 0.04232160452885304 0.10356569318957355 0.2782446257959873
169 1352 0.844381069946021 0.25904070677588453 0.014172366372225449 0.014172366372225449 0.04167701717940096 0.09663282654767831 0.25904070677588453
170 1360 0.7857071975395833 0.27999968124870356 0.013386823366190292 0.013386823366190292 0.0421980145230471 0.08995441128925537 0.27999968124870356
171 1368 0.8207305858376817 0.27560875663939444 0.012066763253849526 0.012066763253849526 0.03920431036241985 0.09413906850226163 0.27560875663939444
172 1376 0.816234618359741 0.30234601586402016 0.011906056212016106 0.011906056212016106 0.03538925455145339 0.0883290833015023 0.30234601586402016
173 1384 0.7069476460692976 0.3093347042723465 0.011934650471959594 0.011934650471959594 0.03427871237408189 0.07952765880441225 0.3093347042723465
174 1392 0.6526455509474046 0.31125247149264856 0.011537824982020144 0.011537824982020144 0.03090511066147971 0.0778900125538572 0.31125247149264856
175 1400 0.5568100523102395 0.28963852023260345 0.01089732941813361 0.01089732941813361 0.03313565866513596 0.07000805480021689 0.28963852023260345
176 1408 0.48868889195455734 0.2682216795410038 0.009721141506610123 0.009721141506610123 0.03261985236435871 0.06966766511622917 0.2682216795410038
177 1416 0.4460742806389767 0.27238310412398753 0.009054355335876674 0.009054355335876674 0.02922302204846201 0.07195479694695704 0.27238310412398753
178 1424 0.4051016345873618 0.2622640720684883 0.008202326262957317 0.008202326262957317 0.029178751299507876 0.07208445329011104 0.2622640720684883
179 1432 0.3476286753370568 0.2502885463158664 0.00790218646329991 0.00790218646329991 0.02859490773711586 0.06918058235919096 0.2502885463158664
180 1440 0.3247898784273604 0.25685285332067004 0.006956056530754071 0.006956056530754071 0.026442260117342235 0.07000076771513643 0.25685285332067004
181 1448 0.39344836728607285 0.24803741230246854 0.006809084460344439 0.006809084460344439 0.025046510506405672 0.07069310751896708 0.24803741230246854
182 1456 0.32471334177524175 0.271260649671752 0.006429798329846253 0.006429798329846253 0.026699964216944556 0.07224651789662032 0.271260649671752
183 1464 0.2999561016673126 0.26227408201728974 0.006559356185559598 0.006559356185559598 0.025059406948008935 0.068380855508042 0.26227408201728974
184 1472 0.31373820964241955 0.2468582906402915 0.006529813621033245 0.006529813621033245 0.02201133340594136 0.07030348933276616 0.2468582906402915
185 1480 0.31350587110020706 0.21715833531730194 0.007420686517679614 0.007420686517679614 0.021204682226117287 0.07009227369500758 0.21715833531730194
186 1488 0.37231606529924854 0.22245643412706895 0.0071734169574099275 0.0071734169574099275 0.019999846027473994 0.07216236353162031 0.22245643412706895
187 1496 0.36811832427879493 0.2261638931850269 0.006873516326733206 0.006873516326733206 0.01919125248840743 0.08716444052241233 0.2261638931850269
188 1504 0.43060339279922527 0.23364281751780006 0.006596780659788991 0.006596780659788991 0.018512007345932217 0.0812397322025472 0.23364281751780006
189 1512 0.4082995885785947 0.22954309471079773 0.005791510860242954 0.005791510860242954 0.01877548208136245 0.09162797974957021 0.22954309471079773
190 1520 0.4526999617766649 0.22428313358169277 0.005687225759292614 0.005687225759292614 0.018540905168771785 0.08623851691770912 0.22428313358169277
191 1528 0.42322700270870495 0.21112199216947178 0.005461803327211697 0.005461803327211697 0.01920051516473642 0.09253454583060157 0.21112199216947178
192 1536 0.3701533964906616 0.19982451123769965 0.00525042682922567 0.00525042682922567 0.01760279968023565 0.09717978544853566 0.19982451123769965
193 1544 0.37471893431484415 0.2009170742540832 0.00498532438578785 0.00498532438578785 0.016357494288809542 0.09715500064273676 0.2009170742540832
194 1552 0.44659264682153765 0.20649357064779972 0.004579179347226743 0.004579179347226743 0.017495728428542134 0.09225250624475521 0.20649357064779972
195 1560 0.4700694188371369 0.24026266169131846 0.00455297552547027 0.00455297552547027 0.01639594649697204 0.0892633030949169 0.24026266169131846
196 1568 0.5358950938750942 0.2481946523973714 0.004476092604525991 0.004476092604525991 0.015209764182967147 0.08839239784365774 0.2481946523973714
197 1576 0.6698401215926846 0.228480388830851 0.004511701730481552 0.004511701730481552 0.017715529298235267 0.08891761645881077 0.228480388830851
198 1584 0.6572817833086367 0.25340732919688236 0.004369881579154085 0.004369881579154085 0.01871896660183298 0.09094687033032225 0.25340732919688236
199 1592 0.6853026482065226 0.2295400860600207 0.0042662635706137665 0.0042662635706137665 0.018956902646834875 0.08419007578430096 0.2295400860600207
200 1600 0.6542405443049886 0.2251301581416859 0.004148225761631077 0.004148225761631077 0.019348026154332763 0.081980570974769 0.2251301581416859
201 1608 0.6459525549031472 0.24148263004926632 0.003768854290985685 0.003768854290985685 0.018863899257048667 0.07646700762435808 0.24148263004926632
202 1616 0.7425105968221503 0.23545053902908897 0.0038755128316426985 0.0038755128316426985 0.018623428238564443 0.0689596387386502 0.23545053902908897
203 1624 0.7231564874636641 0.24109023114339168 0.0036756868935524985 0.0036756868935524985 0.01811799585332645 0.07629230412062753 0.24109023114339168
204 1632 0.878384495965528 0.24369068224359472 0.003375061264239352 0.003375061264239352 0.018406639458402936 0.07546957017074821 0.24369068224359472
205 1640 1.010178234497611 0.37741464637645805 0.003133475562269903 0.003133475562269903 0.018301199235015202 0.06747494007171616 0.37741464637645805
206 1648 0.9917857455932556 0.41283880733774625 0.0029778657725012983 0.0029778657725012983 0.01742251550263057 0.06983627606895043 0.41283880733774625
207 1656 0.9856980546475731 0.41146135136168466 0.0027263070642037667 0.0027263070642037667 0.01682068302175883 0.0772536651649846 0.41146135136168466
208 1664 1.0841071564283133 0.3958333372966702 0.0025146333452781854 0.0025146333452781854 0.015765234605332225 0.08155800909266762 0.3958333372966702
209 1672 0.9104106155703866 0.39339073197806607 0.002531892950530529 0.002531892950530529 0.016292536389503152 0.08092496770693133 0.39339073197806607
210 1680 0.9471404397623202 0.40696492088683756 0.0025822354224761686 0.0025822354224761686 0.015765783147756954 0.07130028901243403 0.40696492088683756
211 1688 0.9930343523201295 0.3967898821964562 0.002642467303547022 0.002642467303547022 0.015654478835602725 0.07253755992990665 0.3967898821964562
212 1696 1.1241864188184092 0.3954699927465806 0.0024974363036168058 0.0024974363036168058 0.015773743761157855 0.07331379712663871 0.3954699927465806
213 1704 1.1390467710734915 0.47931566627751304 0.002515676557431027 0.002515676557431027 0.013943620521819546 0.07212132984849354 0.47931566627751304
214 1712 1.046604012917476 0.4960959878525123 0.0023218738293136754 0.0023218738293136754 0.013323615024426768 0.07207373899377674 0.4960959878525123
215 1720 1.0783383290852722 0.48935980227638554 0.002384948151075016 0.002384948151075016 0.011467262868445604 0.07257213994975274 0.48935980227638554
216 1728 1.109341227049014 0.539233599142164 0.002350112073809975 0.002350112073809975 0.009944338090237776 0.07272848382257953 0.539233599142164
217 1736 1.204804543638442 0.5455009122899441 0.0021666071129831346 0.0021666071129831346 0.010322293382598532 0.07223779443236196 0.5455009122899441
218 1744 1.4589230705152487 0.5039924847020736 0.002009770318975213 0.002009770318975213 0.01081829012005997 0.07727645479137472 0.5039924847020736
219 1752 1.7488370727276585 0.5061663095798544 0.002025906251074862 0.002025906251074862 0.010076857697023553 0.08587788933777987 0.5061663095798544
220 1760 2.053535666751542 0.5921464446607273 0.0018640205194078736 0.0018640205194078736 0.009550410218315479 0.09095754592892186 0.5921464446607273
221 1768 2.3212027893613003 0.5924278707332097 0.0021624085906044883 0.0021624085906044883 0.00902110877216061 0.08322776063512496 0.5924278707332097
222 1776 2.1989743124895686 0.5654037564030457 0.002376746793371718 0.002376746793371718 0.007845024616529372 0.08343335884875641 0.5654037564030457
223 1784 2.0258148993427856 0.5438977067680176 0.0024545380932684407 0.0024545380932684407 0.007079707827890813 0.08057890902100326 0.5438977067680176
224 1792 2.3360385749390056 0.5186628390526803 0.0022217468534380417 0.0022217468534380417 0.006785806387048242 0.0825296730173346 0.5186628390526803
225 1800 2.4166496584735664 0.5323980003512851 0.0022175983835215976 0.0022175983835215976 0.006085365827719141 0.09722050913879807 0.5323980003512851
226 1808 2.61479411800916 0.5751353750341606 0.0021599042389414585 0.0021599042389414585 0.006656302753892883 0.08433772534918658 0.5751353750341606
227 1816 2.2680349823401285 0.6461820283759396 0.0019449232691195598 0.0019449232691195598 0.005733574966600484 0.08636042716696855 0.6461820283759396
228 1824 1.8856403974924147 0.590227573388287 0.0018104507256294234 0.0018104507256294234 0.005702865425040273 0.08345883584487182 0.590227573388287
229 1832 1.9277931159421982 0.5506006707450871 0.0017671490045963864 0.0017671490045963864 0.005560263367248544 0.07209941208745543 0.5506006707450871
230 1840 1.8329753618427889 0.549610015046773 0.0016511202052157546 0.0016511202052157546 0.005990438509371595 0.06603749400520674 0.549610015046773
231 1848 1.6404341930545159 0.5474203895216778 0.0015254906120180899 0.0015254906120180899 0.005685217878443888 0.06942661248693578 0.5474203895216778
232 1856 1.5607017139428754 0.5024179239552733 0.0015353557353357033 0.0015353557353357033 0.005331800814007225 0.0678096917266307 0.5024179239552733
233 1864 1.684686088590785 0.48134357210367146 0.0013487780745214603 0.0013487780745214603 0.005262438792310783 0.07225528785919502 0.48134357210367146
234 1872 1.5044073349844107 0.44322677552421086 0.0014261538376905802 0.0014261538376905802 0.005069717180026393 0.07309949513863098 0.44322677552421086
235 1880 1.4104159215348604 0.4125580859171822 0.0014081192345695727 0.0014081192345695727 0.004855628104807458 0.07170228696775266 0.4125580859171822
236 1888 1.4828581646675083 0.42352631073301494 0.0014283512547102288 0.0014283512547102288 0.0044037356149749084 0.06941251700219214 0.42352631073301494
237 1896 1.529740272272233 0.445435672521211 0.0014341170614779475 0.0014341170614779475 0.004358616676218399 0.06763315023048024 0.445435672521211
238 1904 1.3196487649951296 0.43306679280256855 0.0013710106898274141 0.0013710106898274141 0.004136865833134467 0.07390345021840664 0.43306679280256855
239 1912 1.3098215970799967 0.4309527739013065 0.0011609240873574611 0.0011609240873574611 0.004190657799866859 0.07108153488101049 0.4309527739013065
240 1920 1.172290231771134 0.44582401511308567 0.001024410743025907 0.001024410743025907 0.003964483881643502 0.07823613960352799 0.44582401511308567
241 1928 1.0686227280428817 0.43477277937230613 0.001046435434540728 0.001046435434540728 0.0036031239115677533 0.07314985185769574 0.43477277937230613
242 1936 0.9864233611499301 0.4119753646197711 0.000903896535288016 0.000903896535288016 0.003598842948700192 0.07689909773850125 0.4119753646197711
243 1944 0.8563207533419942 0.4206224588460715 0.0008716482553118395 0.0008716482553118395 0.0035112438713893177 0.0742954329131421 0.4206224588460715
244 1952 0.7147937702586978 0.4144164565579618 0.000817562771620243 0.000817562771620243 0.003634452575484736 0.0695489728283693 0.4144164565579618
245 1960 0.623701602237532 0.42464547339592107 0.0008354255637799649 0.0008354255637799649 0.003059658900235555 0.06929759085402457 0.42464547339592107
246 1968 0.6605088890204179 0.4055352670651132 0.0008000479090184584 0.0008000479090184584 0.002942815833901657 0.06673353871270221 0.4055352670651132
247 1976 0.6510343079771087 0.40991040167573756 0.0007853333956461003 0.0007853333956461003 0.002834454004159814 0.0691509959370961 0.40991040167573756
248 1984 0.596730312284674 0.37769364714738196 0.000831197813390008 0.000831197813390008 0.002644778674368008 0.0691879872474631 0.37769364714738196
249 1992 0.636390695808716 0.36682238631142655 0.0007949981600314054 0.0007949981600314054 0.0023000076462441283 0.06987848154379618 0.36682238631142655
250 2000 0.7326265940591252 0.3647957293913806 0.0007961298213497447 0.0007961298213497447 0.0022713230579828885 0.06968507180098114 0.3647957293913806
251 2008 0.7713405399121906 0.3417367808503953 0.0007825784039531146 0.0007825784039531146 0.0021128197596737013 0.08567556540004843 0.3417367808503953
252 2016 0.7158858958293729 0.32209809726566974 0.0007933480282774348 0.0007933480282774348 0.002025265205720812 0.08617847707500845 0.32209809726566974
253 2024 0.5485760439351438 0.2951946909146062 0.0007996949631793008 0.0007996949631793008 0.0019878041679983545 0.08383867803467455 0.2951946909146062
254 2032 0.5121173653709129 0.28740174018579134 0.0006986501108137181 0.0006986501108137181 0.0019462116121403126 0.08220273193621491 0.28740174018579134
255 2040 0.5464961101112937 0.300159723492827 0.0006992578671222535 0.0006992578671222535 0.0018532318753847691 0.0749156838650634 0.300159723492827
256 2048 0.5587321667801282 0.29058725313483197 0.0006883539461280992 0.0006883539461280992 0.002038734034439005 0.06873935371820968 0.29058725313483197
257 2056 0.5254894950193177 0.26703170296510914 0.000648825953779596 0.000648825953779596 0.0020425094653473 0.07144989692082844 0.26703170296510914
258 2064 0.5212468856415787 0.2649462524950063 0.0006384313747775682 0.0006384313747775682 0.001722927675060731 0.07408011003621698 0.2649462524950063
259 2072 0.5277124145667381 0.2776200854203159 0.0006184371287072713 0.0006184371287072713 0.001646442401887303 0.07476388167972754 0.2776200854203159
260 2080 0.45842966926947787 0.2580871186788301 0.0005819559702704988 0.0005819559702704988 0.0016724152653612419 0.07974284631179197 0.2580871186788301
261 2088 0.5969029737558377 0.249986340475382 0.0005535167016277596 0.0005535167016277596 0.0016468965057226156 0.07159890969725256 0.249986340475382
262 2096 0.7464575580404086 0.24913989081284896 0.0005359093258725696 0.0005359093258725696 0.0016345011332740244 0.07977082286154823 0.24913989081284896
263 2104 0.8056173485827438 0.2735395302928073 0.0005172902062213259 0.0005172902062213259 0.0016656382005083327 0.08470080092390034 0.2735395302928073
264 2112 0.7524655370722941 0.24080854658081458 0.0005208716198105141 0.0005208716198105141 0.0017721580603124293 0.08303254741593961 0.24080854658081458
265 2120 0.8609355442798255 0.22041347400991593 0.0005283733014585818 0.0005283733014585818 0.0016264724202729552 0.08222836310843575 0.22041347400991593
266 2128 0.7370247895154073 0.24179650258265104 0.0005105481867637244 0.0005105481867637244 0.0019029449830960904 0.07302370629643093 0.24179650258265104
267 2136 0.663849918029566 0.2380493864036945 0.0004929342330338081 0.0004929342330338081 0.001834012124379756 0.06903422961334348 0.2380493864036945
268 2144 0.5958147491814787 0.23357165380584907 0.0005169182299731366 0.0005169182299731366 0.0016020153827825219 0.06814784353510499 0.23357165380584907
269 2152 0.5918480823605331 0.20930002856502933 0.0004874943471845675 0.0004874943471845675 0.0016066105322795736 0.0725919295257754 0.20930002856502933
270 2160 0.5380720937615582 0.19968284194095476 0.00045204750118466014 0.00045204750118466014 0.0015900429624175587 0.07951298918141574 0.19968284194095476
271 2168 0.5426432184389794 0.18995645864236496 0.0004418389755027655 0.0004418389755027655 0.0014327550729110812 0.08062024989376189 0.18995645864236496
272 2176 0.5408033157586581 0.1895675762978463 0.00039028107494464676 0.00039028107494464676 0.001492970752334172 0.08201028951745798 0.1895675762978463
273 2184 0.6534610305946665 0.17566887696480163 0.00038006965613352725 0.00038006965613352725 0.0013847024933818122 0.08438664637484586 0.17566887696480163
274 2192 0.747906762665586 0.21263094121760334 0.0003746105851555732 0.0003746105851555732 0.0015358934979378392 0.07574436964057962 0.21263094121760334
275 2200 0.7266217287935973 0.2176644177831789 0.0003899370317129433 0.0003899370317129433 0.001512448239674649 0.07094850517222076 0.2176644177831789
276 2208 0.7274647971201876 0.2054643534608222 0.00041402362442987707 0.00041402362442987707 0.0013519927242545255 0.07468838162530775 0.2054643534608222
277 2216 0.7976475422533845 0.2044403697971745 0.00039455302902766446 0.00039455302902766446 0.0014905149501469256 0.06658399353683868 0.2044403697971745
278 2224 0.660135395439431 0.19321637641561695 0.0003837377645285419 0.0003837377645285419 0.0015899651744144456 0.06456682888103112 0.19321637641561695
279 2232 0.6601562949004092 0.19240142214990702 0.000357935282542868 0.000357935282542868 0.0015615838080653402 0.05851787261474531 0.19240142214990702
280 2240 0.6115375411843442 0.20041909676380532 0.0003791020212229951 0.0003791020212229951 0.0014532866435127698 0.05452075435959613 0.20041909676380532
281 2248 0.6752544625137928 0.177307502793416 0.00038271679078977314 0.00038271679078977314 0.0013749401027938388 0.05380502137911371 0.177307502793416
282 2256 0.6866591649869632 0.1830714140519396 0.00042489204361068734 0.00042489204361068734 0.001354433074444322 0.05040642051359098 0.1830714140519396
283 2264 0.6297013285310099 0.18334105488998825 0.00039994806679705363 0.00039994806679705363 0.0013372085334562515 0.04895495013848578 0.18334105488998825
284 2272 0.5697258129332257 0.1988864153946717 0.000356325480008363 0.000356325480008363 0.0012185316408354365 0.0496576432332977 0.1988864153946717
285 2280 0.553758683466494 0.18435593836234984 0.00033087905967879073 0.00033087905967879073 0.001280948857839643 0.04866863128668364 0.18435593836234984
286 2288 0.5799104243525904 0.17711358564525775 0.00034746117723298363 0.00034746117723298363 0.001295690504766504 0.04569981176061095 0.17711358564525775
287 2296 0.5633877351756951 0.1915601448073195 0.0003337071333578736 0.0003337071333578736 0.001299878597396591 0.046181121954219126 0.1915601448073195
288 2304 0.6820025686122358 0.18973461538846184 0.0003082166041694497 0.0003082166041694497 0.0013791380350682105 0.043578145537089996 0.18973461538846184
289 2312 0.7124003243967109 0.1961450575056824 0.0003344837144481776 0.0003344837144481776 0.0012689422339123475 0.044928750290706365 0.1961450575056824
290 2320 0.7729862750530889 0.1794422330282165 0.0003270514714834656 0.0003270514714834656 0.001287971274061883 0.043046737317391795 0.1794422330282165
291 2328 0.7736440115385724 0.16296710991394703 0.0003283545313690263 0.0003283545313690263 0.0014969675852545589 0.04198307664050615 0.16296710991394703
292 2336 0.8399315518301828 0.18073132390893445 0.0003220501260011598 0.0003220501260011598 0.0013388991340187166 0.041701929054363936 0.18073132390893445
293 2344 1.1206905059800454 0.1870754202341245 0.0003155945066120624 0.0003155945066120624 0.001348245592413537 0.04134331808632252 0.1870754202341245
294 2352 1.4678079401314061 0.19548255513615467 0.0003124605303801772 0.0003124605303801772 0.0013845386456198194 0.04133050484139782 0.19548255513615467
295 2360 1.3247989306524566 0.19765386922050246 0.00032112312730032434 0.00032112312730032434 0.0013585348030647718 0.041914261204751585 0.19765386922050246
296 2368 1.128458521410872 0.1965421314028096 0.0003122931318232271 0.0003122931318232271 0.0013164862478187108 0.04096669042271008 0.1965421314028096
297 2376 0.986132479761863 0.19998329269384002 0.0003027363064442016 0.0003027363064442016 0.0011911900791235393 0.037801768346816436 0.19998329269384002
298 2384 1.33038771476453 0.19671367736515807 0.0002841746164430612 0.0002841746164430612 0.0011635554746134262 0.03604709305076584 0.19671367736515807
299 2392 1.2957065610633935 0.20253700780825445 0.0002866536560973063 0.0002866536560973063 0.0011905384469651614 0.03671062702563298 0.20253700780825445
300 2400 1.2050667493234355 0.21503578678543128 0.00026563954848668854 0.00026563954848668854 0.0010801315632491667 0.03555248403396095 0.21503578678543128
301 2408 1.4205668685572783 0.19789423329470002 0.000256451682044248 0.000256451682044248 0.001079836575846792 0.03292696153223541 0.19789423329470002
302 2416 1.2823557775747645 0.18560227560597067 0.000259270613676785 0.000259270613676785 0.0010458332829074084 0.04047918988341228 0.18560227560597067
303 2424 1.1805526647714402 0.17227712055814176 0.00030148315615927004 0.00030148315615927004 0.0009543921406746911 0.03931686324142057 0.17227712055814176
304 2432 1.428039664585942 0.144354256280312 0.00030733582293673395 0.00030733582293673395 0.0009730911606139068 0.04003076833918782 0.144354256280312
305 2440 1.2750166150854207 0.1469877185035678 0.0002832478940544408 0.0002832478940544408 0.0010872432007904924 0.04146148223608118 0.1469877185035678
306 2448 1.1679964104139886 0.14533041826158674 0.0002933199917631766 0.0002933199917631766 0.0009770191462097357 0.03934149732098691 0.14533041826158674
307 2456 1.0437805590055178 0.14308241791737256 0.00028870076056931345 0.00028870076056931345 0.0009811067217831385 0.036865132147278525 0.14308241791737256
308 2464 1.2496798752061435 0.13667225413589187 0.00028443255976338033 0.00028443255976338033 0.000953176193489516 0.034263643860353576 0.13667225413589187
309 2472 1.568120727834156 0.14854089852786426 0.00028302682639474357 0.00028302682639474357 0.0009861869362969245 0.03475613848152609 0.14854089852786426
310 2480 1.8498219717359357 0.14687123722946138 0.00033189642782848616 0.00033189642782848616 0.0009633696752757477 0.03380075374517157 0.14687123722946138
311 2488 2.150965417830517 0.1579932485003388 0.0002992180339297188 0.0002992180339297188 0.0010780785534081098 0.03561048071674955 0.1579932485003388
312 2496 2.3433631874656404 0.14408720643979808 0.0002691769311013018 0.0002691769311013018 0.001093484966760376 0.04149808079376638 0.14408720643979808
313 2504 2.186586252699234 0.15365459002110637 0.00024942081328809446 0.00024942081328809446 0.0010730059811913826 0.04454944960096484 0.15365459002110637
314 2512 2.2108488308773864 0.15236034676908153 0.00022227177550924714 0.00022227177550924714 0.0009827864846095487 0.044223134252251106 0.15236034676908153
315 2520 2.0079155771262145 0.1567873253825198 0.00022171257040958252 0.00022171257040958252 0.00105529397552808 0.03892909669790655 0.1567873253825198
316 2528 1.9835502586602225 0.15248443990814647 0.00020696927919603442 0.00020696927919603442 0.0010895809107439082 0.03438144869597053 0.15248443990814647
317 2536 2.6516895003104715 0.1510968762998711 0.00019090280398375905 0.00019090280398375905 0.0010826889545512402 0.03708641322554573 0.1510968762998711
318 2544 2.557223188243738 0.14776680295630654 0.00018437872939077514 0.00018437872939077514 0.001144160683283104 0.037212604079945644 0.14776680295630654
319 2552 2.3077739741883976 0.15214791330555535 0.00018188323357172485 0.00018188323357172485 0.00116738389964841 0.0357690124912689 0.15214791330555535
320 2560 2.4372301896506765 0.14525622836866303 0.0001813839796191202 0.0001813839796191202 0.0010489161579736134 0.03371100656013698 0.14525622836866303
321 2568 2.553946285874098 0.14431260427785075 0.00019479244201489425 0.00019479244201489425 0.0010653487261535885 0.028138802344603392 0.14431260427785075
322 2576 2.259625026303115 0.13996379759723618 0.00017656945452243478 0.00017656945452243478 0.001044917638082766 0.03138645595124527 0.13996379759723618
323 2584 2.1439546357930017 0.13500232116455 0.0001829756883820843 0.0001829756883820843 0.001006505469658065 0.03143578028171868 0.13500232116455
324 2592 2.265381370568462 0.1196984086734427 0.00018258745263445412 0.00018258745263445412 0.0010580648876234839 0.03123677583023926 0.1196984086734427
325 2600 2.3302942572996024 0.12439593777974631 0.00018465595194805615 0.00018465595194805615 0.0009255164828358604 0.03250860780187566 0.12439593777974631
326 2608 2.068155534839509 0.11875040821176762 0.00017117944523769638 0.00017117944523769638 0.0008920757441105344 0.03525787986615288 0.11875040821176762
327 2616 1.8170199407264895 0.12285687864793975 0.00017135843873913244 0.00017135843873913244 0.0008217174125010472 0.032827494803494416 0.12285687864793975
328 2624 1.950406309170918 0.1197761386441525 0.00017182251729113635 0.00017182251729113635 0.0008172229066259749 0.029530877143501263 0.1197761386441525
329 2632 2.0972093928660285 0.11208885555834404 0.00016185177352425481 0.00016185177352425481 0.0008928418426268191 0.030137928042821366 0.11208885555834404
330 2640 2.100330639104887 0.09781233942853501 0.0001727636745988065 0.0001727636745988065 0.0008842008634759037 0.02909625596429364 0.09781233942853501
331 2648 2.4828133963954135 0.10252900740270512 0.00014991743128261724 0.00014991743128261724 0.000837605482095639 0.029845836785925332 0.10252900740270512
332 2656 2.911176894189868 0.10531174532636363 0.00016278630854280884 0.00016278630854280884 0.0007693562586126327 0.03261233288229909 0.10531174532636363
333 2664 3.0172579845547385 0.12445608034633643 0.00015498080605878885 0.00015498080605878885 0.0007185785846660957 0.0332766909099647 0.12445608034633643
334 2672 3.4771781342004213 0.13927102903471214 0.00015139440563405578 0.00015139440563405578 0.0006653390462964778 0.03045003805881945 0.13927102903471214
335 2680 3.4397425973976317 0.1410954734611113 0.00016881271090246372 0.00016881271090246372 0.0006161606406282852 0.029488288266205837 0.1410954734611113
336 2688 2.8841524225235164 0.13778014275109304 0.00017099848182933658 0.00017099848182933658 0.0005905231452855325 0.02669397463702212 0.13778014275109304
337 2696 3.180767958432753 0.13194658302644646 0.00015943774519059842 0.00015943774519059842 0.0005436082285253026 0.02636049805359006 0.13194658302644646
338 2704 3.468650156323546 0.13418539731930515 0.00016326338223749572 0.00016326338223749572 0.0005951619936370781 0.0244450059654503 0.13418539731930515
339 2712 4.299245679950139 0.1339684349444969 0.00016093776603669392 0.00016093776603669392 0.0006343166213136306 0.023137874348469728 0.1339684349444969
340 2720 4.483417799174443 0.14832174831318407 0.00015787270980856022 0.00015787270980856022 0.0007182308820570109 0.02010818817710048 0.14832174831318407
341 2728 4.323276697306657 0.1475356391669414 0.00013483148138510127 0.00013483148138510127 0.0007240221563864894 0.02117119727633471 0.1475356391669414
342 2736 4.083740331599391 0.14492055335289628 0.0001335100957840248 0.0001335100957840248 0.0006590422921606345 0.021424186988309887 0.14492055335289628
343 2744 3.7317670588675167 0.1396524098040945 0.00013359811634335297 0.00013359811634335297 0.0006823339268737594 0.020393016296442034 0.1396524098040945
344 2752 3.4309949881689312 0.12984646702840208 0.00013497953242094213 0.00013497953242094213 0.0006509130958003329 0.020509485964702933 0.12984646702840208
345 2760 2.7394669669912677 0.12176530836851555 0.0001318367409807211 0.0001318367409807211 0.0006190330818353512 0.020514421701679136 0.12176530836851555
346 2768 3.2316903987901933 0.12032373308309383 0.00013386565921568832 0.00013386565921568832 0.0005696026182315095 0.018806658438766246 0.12032373308309383
347 2776 2.7086449769145653 0.14104464464542535 0.00012300430512181864 0.00012300430512181864 0.0005962142184906005 0.018521134258809614 0.14104464464542535
348 2784 2.5074648764238616 0.14100914918233323 0.00012250296653575963 0.00012250296653575963 0.0006078379482037616 0.0165086045855239 0.14100914918233323
349 2792 2.524672692576382 0.13641943273605972 0.0001125299159432628 0.0001125299159432628 0.0006357209812437925 0.01604716601593436 0.13641943273605972
350 2800 2.6675099326840384 0.13709922181750359 0.00011020585160254721 0.00011020585160254721 0.0006159411636847591 0.01646304468199877 0.13709922181750359
351 2808 2.231751053958523 0.15267548656887472 0.0001052374943622322 0.0001052374943622322 0.0005758248322520875 0.016901339888318503 0.15267548656887472
352 2816 2.0686484522704003 0.14052728049005137 0.00010846037726085713 0.00010846037726085713 0.0005659623040282893 0.015973814937295754 0.14052728049005137
353 2824 1.9867066211141406 0.14155010436674165 0.00010664304565026889 0.00010664304565026889 0.0005595029533791923 0.014554196946925899 0.14155010436674165
354 2832 2.107069286646607 0.14419827845122032 0.00011545550125507297 0.00011545550125507297 0.00045395754169215175 0.014450719310239533 0.14419827845122032
355 2840 1.8869498472198938 0.14546996056159195 0.0001237461502001872 0.0001237461502001872 0.0004171889048232397 0.014256765947133217 0.14546996056159195
356 2848 2.3173211560480853 0.1368783009091403 0.00012189715091153846 0.00012189715091153846 0.00040973056844763827 0.013613785836299698 0.1368783009091403
357 2856 2.3237305068693748 0.13611049700498787 0.00011781837376185852 0.00011781837376185852 0.00045385520853465935 0.013932677405104168 0.13611049700498787
358 2864 2.0322702725960626 0.11809967472034667 0.00011554917823870788 0.00011554917823870788 0.0004461248141242948 0.013726580361855464 0.11809967472034667
359 2872 2.033135408675416 0.11433612496338363 0.00010932338693002641 0.00010932338693002641 0.0004452019494867036 0.012638774434856882 0.11433612496338363
360 2880 1.7308139032215262 0.11436322624569535 0.00010620021767194889 0.00010620021767194889 0.0004432168604882145 0.012444914484385245 0.11436322624569535
361 2888 1.6073228937419084 0.12171206963570794 9.948683860071489e-05 9.948683860071489e-05 0.0004273691758683116 0.01199140038874052 0.12171206963570794
362 2896 1.340911362528147 0.11860342765442525 9.92219025241038e-05 9.92219025241038e-05 0.00040969157419130307 0.011318368312558643 0.11860342765442525
363 2904 1.316459043711268 0.1114021861006785 9.536841366555716e-05 9.536841366555716e-05 0.0004178375399244133 0.010641664366521576 0.1114021861006785
364 2912 1.3709900976397942 0.1059769747630144 9.698226334439428e-05 9.698226334439428e-05 0.0004168441084241523 0.0108683457250698 0.1059769747630144
365 2920 1.2590767668587113 0.1061859100436966 8.89758230137846e-05 8.89758230137846e-05 0.0004263164807327369 0.012037528797152228 0.1061859100436966
366 2928 1.1463223520751675 0.10176699327839162 8.566453311207487e-05 8.566453311207487e-05 0.00043570706166866667 0.011189813157937021 0.10176699327839162
367 2936 1.13018193196117 0.10190873975044468 8.326263870248394e-05 8.326263870248394e-05 0.0004174787065272844 0.010453857980099093 0.10190873975044468
368 2944 1.034801684382686 0.10528756293549249 7.664390362711208e-05 7.664390362711208e-05 0.00042352324148501274 0.009711868582551117 0.10528756293549249
369 2952 1.2758510948854584 0.10167263815028446 7.785125603932167e-05 7.785125603932167e-05 0.0003674666196887991 0.009771350877178387 0.10167263815028446
370 2960 1.6526842467015455 0.09367053771278963 8.490226124264211e-05 8.490226124264211e-05 0.00041695190707620184 0.009174853323771723 0.09367053771278963
371 2968 1.5566247394812207 0.10030887068422938 8.482158925353019e-05 8.482158925353019e-05 0.00043356756002256455 0.008678955713714943 0.10030887068422938
372 2976 1.4936775757526737 0.09954483851857848 8.258950608348338e-05 8.258950608348338e-05 0.0004058478298782666 0.009520191552654112 0.09954483851857848
373 2984 1.7429959804680617 0.09516134017999012 8.661373177929652e-05 8.661373177929652e-05 0.00036412988962386626 0.0096219901732825 0.09516134017999012
374 2992 1.722150901157552 0.08777374817892356 8.227695165647847e-05 8.227695165647847e-05 0.0004329989538525529 0.009687056698703317 0.08777374817892356
375 3000 1.6164772756092045 0.09316683106860617 7.600476226347585e-05 7.600476226347585e-05 0.0003904188848653563 0.009230881452276874 0.09316683106860617
376 3008 1.5149225077904704 0.08660469140509065 8.050341537637496e-05 8.050341537637496e-05 0.0003691926171568216 0.009155531648689394 0.08660469140509065
377 3016 1.376143060510029 0.08541282659795826 7.716824493139722e-05 7.716824493139722e-05 0.00032372724902786636 0.009483959658945919 0.08541282659795826
378 3024 1.2457754546389825 0.08260588813516047 7.68667816525044e-05 7.68667816525044e-05 0.00030932341672605706 0.008545813887579468 0.08260588813516047
379 3032 1.3708921606622584 0.07316151770178062 7.336829313480634e-05 7.336829313480634e-05 0.0003028096222038464 0.008777682139489684 0.07316151770178062
380 3040 1.231142513324852 0.07924347122767796 6.95046758058999e-05 6.95046758058999e-05 0.000313017364397325 0.009272541577348343 0.07924347122767796
381 3048 1.4612400859756045 0.07675840599950402 6.468086436207238e-05 6.468086436207238e-05 0.0002957685276876153 0.009074709041625531 0.07675840599950402
382 3056 1.1706561643544333 0.08296181195158442 6.690409644820604e-05 6.690409644820604e-05 0.00030874940717368673 0.008629743129649117 0.08296181195158442
383 3064 1.0989200671629897 0.07663011650482626 6.82880840381108e-05 6.82880840381108e-05 0.0002952598167997941 0.007868240081631103 0.07663011650482626
384 3072 1.3105853601424955 0.0795227069792145 6.677825218695093e-05 6.677825218695093e-05 0.0002716930500946874 0.007663557888902094 0.0795227069792145
385 3080 1.6896182338014973 0.08679022591244145 6.885471071842692e-05 6.885471071842692e-05 0.0002629503789439897 0.007671570413408634 0.08679022591244145
386 3088 1.630715439436648 0.08943398694248801 6.641216696408831e-05 6.641216696408831e-05 0.00024310542733405274 0.008508567282237783 0.08943398694248801
387 3096 1.7664311182897185 0.08155549244656371 6.25108534455852e-05 6.25108534455852e-05 0.00022759789252157266 0.00829396715985665 0.08155549244656371
388 3104 1.9898784313655868 0.08987268233565271 6.367959316753111e-05 6.367959316753111e-05 0.00020423781553450382 0.008079311300431722 0.08987268233565271
389 3112 1.8395198923281733 0.10117039774758806 6.477631484709346e-05 6.477631484709346e-05 0.00019583035953934225 0.008322073076012165 0.10117039774758806
390 3120 1.844350146552353 0.10272824013935183 6.0115798600385036e-05 6.0115798600385036e-05 0.00019771759589539214 0.007938434334774098 0.10272824013935183
391 3128 1.601679761471693 0.0946532928804813 5.7955792032735794e-05 5.7955792032735794e-05 0.00019146321791334853 0.008393900175731274 0.0946532928804813
392 3136 1.7769204125640292 0.09620549735012325 5.9250397020258564e-05 5.9250397020258564e-05 0.00017422436183587875 0.007566738200435227 0.09620549735012325
393 3144 1.5098500013265521 0.11068737327508243 5.829791887469943e-05 5.829791887469943e-05 0.00016572032240733518 0.00733095565838048 0.11068737327508243
394 3152 1.2508207596482592 0.10731252859558237 5.1018282911036285e-05 5.1018282911036285e-05 0.000168564383549225 0.0072734284903339 0.10731252859558237
395 3160 1.1380602974374154 0.10393029911362793 4.857821029819053e-05 4.857821029819053e-05 0.00015761105118854566 0.007228053001116972 0.10393029911362793
396 3168 1.0581837717263807 0.10493905124521935 4.484479226148077e-05 4.484479226148077e-05 0.0001521217279175538 0.007095299885564704 0.10493905124521935
397 3176 1.2791825940004533 0.099733920750753 4.371230713491556e-05 4.371230713491556e-05 0.00014592349103523678 0.007175480588224678 0.099733920750753
398 3184 1.380067394666039 0.10071663665861513 4.566270950883777e-05 4.566270950883777e-05 0.0001358055329327771 0.007903457981160628 0.10071663665861513
399 3192 1.3181804266398274 0.0910372229759312 4.552712621683969e-05 4.552712621683969e-05 0.00013284245230091158 0.008150780212560894 0.0910372229759312
400 3200 1.1500527173963164 0.08685997063419257 4.0491969227240115e-05 4.0491969227240115e-05 0.0001439658929694148 0.007918296253494564 0.08685997063419257
401 3208 1.0796664785106154 0.09025255592782586 3.773734386973449e-05 3.773734386973449e-05 0.00013616593799700027 0.007768944482446721 0.09025255592782586
402 3216 1.1366675357636136 0.08866277236704358 3.44269692571242e-05 3.44269692571242e-05 0.0001551988329539596 0.007027238207729291 0.08866277236704358
403 3224 0.9925793418605555 0.09791100315167969 3.074159322149864e-05 3.074159322149864e-05 0.00016378699835561383 0.006940417406196741 0.09791100315167969
404 3232 1.1520530081665987 0.09442038949631691 2.8931339842284828e-05 2.8931339842284828e-05 0.00015950550375568238 0.007044597388785996 0.09442038949631691
405 3240 1.4156783395663566 0.07999887484462914 3.089180925752098e-05 3.089180925752098e-05 0.0001613042351872196 0.00792807593927844 0.07999887484462914
406 3248 1.2747731255876844 0.07402099831641472 2.9358289172508153e-05 2.9358289172508153e-05 0.00015320600699140908 0.009417107981125546 0.07402099831641472
407 3256 1.2233591587607038 0.0720251576053231 2.4997223560830138e-05 2.4997223560830138e-05 0.0001494804882595695 0.009638635629377333 0.0720251576053231
408 3264 1.1487791265941623 0.06734895165261669 2.430247607691773e-05 2.430247607691773e-05 0.00013589045673994608 0.009901955438427227 0.06734895165261669
409 3272 1.2769312960815977 0.06471653455591903 2.4372031207798803e-05 2.4372031207798803e-05 0.0001296802399098217 0.009444561533032114 0.06471653455591903
410 3280 1.355844570787184 0.0626378954856959 2.2009889865627205e-05 2.2009889865627205e-05 0.00014321208539133933 0.010720793751560055 0.0626378954856959
411 3288 1.551410554102583 0.059849826871688695 2.4220987348632248e-05 2.4220987348632248e-05 0.000141927620536401 0.010699871710320935 0.059849826871688695
412 3296 1.7951910410544958 0.058327004646537194 2.4731909603646525e-05 2.4731909603646525e-05 0.00015202112142009036 0.011373579105983753 0.058327004646537194
413 3304 1.9411748036907959 0.057455142903333076 2.2732257677680004e-05 2.2732257677680004e-05 0.000170954034023855 0.010956050409193714 0.057455142903333076
414 3312 1.779834355753379 0.05588949617973368 2.1999378959263666e-05 2.1999378959263666e-05 0.0001732712337412682 0.011225904720624374 0.05588949617973368
415 3320 1.6871793407299802 0.05760177655048998 2.2259742248130155e-05 2.2259742248130155e-05 0.000167724111174273 0.009892600966920352 0.05760177655048998
416 3328 1.7790518241014568 0.057308656826310214 2.1439602860133107e-05 2.1439602860133107e-05 0.00015896239128362983 0.009770933495023792 0.057308656826310214
417 3336 1.7719926214729973 0.062049226732445575 2.0977820096764294e-05 2.0977820096764294e-05 0.0001559127351756456 0.009129556778929732 0.062049226732445575
418 3344 1.6646794499381752 0.06352320667513248 2.1018377330942893e-05 2.1018377330942893e-05 0.000152171044434359 0.007832754014473982 0.06352320667513248
419 3352 1.6269058409939223 0.06220660196762146 2.0982169434081196e-05 2.0982169434081196e-05 0.00014648721895558074 0.007585689167641915 0.06220660196762146
420 3360 1.5007903038189718 0.06270740290886524 2.2274909601421233e-05 2.2274909601421233e-05 0.0001320450898788544 0.0074364990081100335 0.06270740290886524
421 3368 1.4819242256813083 0.05272577242021947 2.3248248802722875e-05 2.3248248802722875e-05 0.00012735605413851652 0.007281977770316032 0.05272577242021947
422 3376 1.50511165495806 0.050937785927412306 2.1234903787697294e-05 2.1234903787697294e-05 0.000132891875766739 0.007147004484653636 0.050937785927412306
423 3384 1.2693197301357617 0.04744452834179943 2.1492079194460943e-05 2.1492079194460943e-05 0.000125616315526233 0.007251468130824682 0.04744452834179943
424 3392 1.277911281761462 0.04134903147721418 2.1380707416315795e-05 2.1380707416315795e-05 0.00012738862527422658 0.006596830846933427 0.04134903147721418
425 3400 1.2215508174592014 0.04119362308190559 2.0708901350569292e-05 2.0708901350569292e-05 0.00012269526311654966 0.006912300083455347 0.04119362308190559
426 3408 1.2884950621043652 0.04137066729982583 2.2624812638318473e-05 2.2624812638318473e-05 0.0001052199815440539 0.006763747378046786 0.04137066729982583
427 3416 1.2253797698371924 0.04118788851257779 2.387182360185413e-05 2.387182360185413e-05 0.00010837264364392993 0.00674740781394908 0.04118788851257779
428 3424 1.0227509747018528 0.039784861293069025 2.3490237007858316e-05 2.3490237007858316e-05 0.00010139191161861009 0.006851282598914515 0.039784861293069025
429 3432 0.9246033375115225 0.03986257924564494 2.309405845663643e-05 2.309405845663643e-05 8.637348345458643e-05 0.006918720429760856 0.03986257924564494
430 3440 0.9422226180313621 0.03842669472018633 2.1880062157292023e-05 2.1880062157292023e-05 8.658160065898615e-05 0.006323580918321524 0.03842669472018633
431 3448 1.0338251528449371 0.03541655145239997 2.2051060724365355e-05 2.2051060724365355e-05 8.748842469179252e-05 0.006259317913196876 0.03541655145239997
432 3456 0.974788342335346 0.03554282544183709 1.979482702121151e-05 1.979482702121151e-05 8.83819035485568e-05 0.007003003935883824 0.03554282544183709
433 3464 0.9945391098154515 0.036017734182027354 2.048396058575221e-05 2.048396058575221e-05 8.400446661574411e-05 0.00668880500911617 0.036017734182027354
434 3472 1.1207692766133521 0.03392445724260099 2.122829160096684e-05 2.122829160096684e-05 7.96889700791392e-05 0.006895695656588322 0.03392445724260099
435 3480 1.1529427751948755 0.03066265664655023 2.2731077367836594e-05 2.2731077367836594e-05 8.289839255431198e-05 0.007016959308563807 0.03066265664655023
436 3488 0.9965138476261828 0.03228211702342042 2.2729344185513957e-05 2.2729344185513957e-05 7.444803662813789e-05 0.0077284297552153635 0.03228211702342042
437 3496 0.9277699023142288 0.03084342022074097 2.1380264218067823e-05 2.1380264218067823e-05 6.539351104048603e-05 0.00786864178345563 0.03084342022074097
438 3504 1.0835969875085596 0.032912422185968446 1.9542370785615326e-05 1.9542370785615326e-05 6.510558932891794e-05 0.007100326629634937 0.032912422185968446
439 3512 1.1429995148882035 0.03554172174936952 2.1343333602654563e-05 2.1343333602654563e-05 6.327827376248339e-05 0.006763818386725235 0.03554172174936952
440 3520 1.092941876529313 0.035543678937492613 2.2163727527625645e-05 2.2163727527625645e-05 6.234662521797836e-05 0.005797492400298405 0.035543678937492613
441 3528 1.3487054305390942 0.032573615683539316 2.290528007297757e-05 2.290528007297757e-05 5.97035648080105e-05 0.005735350235450926 0.032573615683539316
442 3536 1.392006245433788 0.03303144057527201 2.277974948877451e-05 2.277974948877451e-05 6.551707374394779e-05 0.0061732318450606425 0.03303144057527201
443 3544 1.3187800627144826 0.03391728852370254 2.247325884200832e-05 2.247325884200832e-05 6.839111004303717e-05 0.005644619218178313 0.03391728852370254
444 3552 1.4502010198100481 0.031774343290520285 2.193747549779141e-05 2.193747549779141e-05 6.597273477258525e-05 0.005632391418140982 0.031774343290520285
445 3560 1.480540281546689 0.033134398069671674 2.1171595376256357e-05 2.1171595376256357e-05 6.456028037199329e-05 0.005705119026744719 0.033134398069671674
446 3568 1.605171719416069 0.031149056785351605 2.400854836114569e-05 2.400854836114569e-05 6.363305974304512e-05 0.00516245543198723 0.031149056785351605
447 3576 1.4761648247365307 0.029638854995476308 2.2426691802266614e-05 2.2426691802266614e-05 6.272967279163828e-05 0.0058216086762072575 0.029638854995476308
448 3584 1.3767562145776873 0.03007573569140326 2.312176153398866e-05 2.312176153398866e-05 5.942167635632611e-05 0.005021057080983442 0.03007573569140326
449 3592 1.3259087562386929 0.03281245164741866 2.2978401029871887e-05 2.2978401029871887e-05 4.9099664939680966e-05 0.005048992467047247 0.03281245164741866
450 3600 1.3983262359638207 0.030886130626041022 2.279779665241561e-05 2.279779665241561e-05 4.791220961855502e-05 0.005072967605774663 0.030886130626041022
451 3608 1.6677462501460192 0.03149693793133147 2.16063143194854e-05 2.16063143194854e-05 4.8498699844227765e-05 0.005088840125274616 0.03149693793133147
452 3616 1.8849138481772885 0.03252876945497845 1.940972323889213e-05 1.940972323889213e-05 4.8858927223811036e-05 0.0056797196757982955 0.03252876945497845
453 3624 1.9204312148307912 0.030765238163013905 1.9270875311716812e-05 1.9270875311716812e-05 5.168044659203963e-05 0.00574020778310109 0.030765238163013905
454 3632 1.8263485020445516 0.027028387314939794 2.012868196807507e-05 2.012868196807507e-05 5.0238760223154125e-05 0.005740943283661119 0.027028387314939794
455 3640 1.848338716903361 0.025885514636839812 2.077002392500661e-05 2.077002392500661e-05 5.207628805128536e-05 0.005777478035979581 0.025885514636839812
456 3648 1.7142327944725582 0.025315321023357148 2.1240105712682826e-05 2.1240105712682826e-05 4.704311433236654e-05 0.005796409872242262 0.025315321023357148
457 3656 1.5381827919819064 0.025569703878853982 2.083615921470654e-05 2.083615921470654e-05 4.401221965046285e-05 0.005683622912360465 0.025569703878853982
458 3664 1.3908927645326323 0.025080070890062176 2.068426269875844e-05 2.068426269875844e-05 4.4414974541981935e-05 0.004800608374906574 0.025080070890062176
459 3672 1.3797823555564368 0.025641228681887177 1.8757320859510283e-05 1.8757320859510283e-05 4.329271538495409e-05 0.004667022267088895 0.025641228681887177
460 3680 1.4742320081452418 0.027042285776073007 1.746347405746841e-05 1.746347405746841e-05 4.0644020622189156e-05 0.00456559418304335 0.027042285776073007
461 3688 1.6281872312212822 0.026495818852414487 1.7277717431462512e-05 1.7277717431462512e-05 4.054850224620847e-05 0.004673196660208972 0.026495818852414487
462 3696 1.519979555869403 0.027376291387812227 1.6336089044357754e-05 1.6336089044357754e-05 3.82642247424967e-05 0.00507375989762202 0.027376291387812227
463 3704 1.3548498713663677 0.0271049816378241 1.3662557515466148e-05 1.3662557515466148e-05 3.867370732000449e-05 0.0051007988208718 0.0271049816378241
464 3712 1.2597343815532032 0.027524567199923446 1.2165566900928916e-05 1.2165566900928916e-05 3.748132746110179e-05 0.00527518276629741 0.027524567199923446
465 3720 1.142449624571133 0.027517186395784203 1.2225390851967406e-05 1.2225390851967406e-05 3.596099175904801e-05 0.004889668782566004 0.027517186395784203
466 3728 0.9589051487093455 0.027040184699655884 1.0912788641813238e-05 1.0912788641813238e-05 3.667252150150939e-05 0.005071932550842528 0.027040184699655884
467 3736 0.870415751572834 0.024314514774708373 1.0821840384623595e-05 1.0821840384623595e-05 3.566580073495542e-05 0.004754811660628668 0.024314514774708373
468 3744 0.8421909577096519 0.024945810855034868 1.0250435456031851e-05 1.0250435456031851e-05 3.3592060975444244e-05 0.004590522907089547 0.024945810855034868
469 3752 0.7178114205197045 0.022185045914296896 1.0128219987089045e-05 1.0128219987089045e-05 3.4828975439185356e-05 0.00465463583438788 0.022185045914296896
470 3760 0.68963894064098 0.021704776684839885 9.621380313553387e-06 9.621380313553387e-06 3.2300643656961754e-05 0.004479135147280127 0.021704776684839885
471 3768 0.6096332151383552 0.021735650280930812 9.434764286121922e-06 9.434764286121922e-06 3.2710985271839014e-05 0.004428068617076359 0.021735650280930812
472 3776 0.620498558498499 0.019375633866122646 9.782763761745086e-06 9.782763761745086e-06 3.241402401133959e-05 0.0041749539197692845 0.019375633866122646
473 3784 0.6408299590306441 0.019092004997325086 9.284435542523721e-06 9.284435542523721e-06 3.238923736927177e-05 0.004211805693256154 0.019092004997325086
474 3792 0.6256172017424312 0.019299159520759612 9.23919358010414e-06 9.23919358010414e-06 3.3385989319332416e-05 0.003953414479890237 0.019299159520759612
475 3800 0.5554407998929947 0.018742692206452142 9.177755158049779e-06 9.177755158049779e-06 3.559299955130771e-05 0.0035848910105331666 0.018742692206452142
476 3808 0.6801216262580865 0.01835591971871601 8.587121533577765e-06 8.587121533577765e-06 3.598355021580174e-05 0.0032698742333030855 0.01835591971871601
477 3816 0.7435820134363721 0.02248653335319096 8.318259271669442e-06 8.318259271669442e-06 3.687620885293525e-05 0.0033920780071642616 0.02248653335319096
478 3824 0.8386757312651335 0.020889924604465596 8.24800089863661e-06 8.24800089863661e-06 3.8321992111851854e-05 0.003459843298240838 0.020889924604465596
479 3832 0.8580400389788188 0.02064837620284475 7.5276364156294245e-06 7.5276364156294245e-06 3.5224309073983516e-05 0.004105867453831559 0.02064837620284475
480 3840 0.8733399748942768 0.020178499827930855 7.467733852582559e-06 7.467733852582559e-06 3.820481910961437e-05 0.003753918266730793 0.020178499827930855
481 3848 0.8756369562934053 0.021943313425599954 7.520119808761146e-06 7.520119808761146e-06 3.567612044854933e-05 0.003479886474766511 0.021943313425599954
482 3856 0.7309947877405942 0.022695570278515247 6.983753056355071e-06 6.983753056355071e-06 3.341627912614792e-05 0.0034907688806553035 0.022695570278515247
483 3864 0.6633682493543716 0.022044756041155723 6.484185922383333e-06 6.484185922383333e-06 3.217520517246124e-05 0.0033022615073948804 0.022044756041155723
484 3872 0.6904534448311724 0.01902113135441683 6.641009073346595e-06 6.641009073346595e-06 3.2387850750050784e-05 0.0032258339827798545 0.01902113135441683
485 3880 0.599116785643773 0.02144146677136435 6.3183089835140035e-06 6.3183089835140035e-06 3.0846883228169756e-05 0.0031787173695558162 0.02144146677136435
486 3888 0.6167689472768033 0.02133770547828661 6.171347604506178e-06 6.171347604506178e-06 3.160954309200437e-05 0.002959186658212478 0.02133770547828661
487 3896 0.5174821072970204 0.021229951608558964 6.332280732931747e-06 6.332280732931747e-06 3.270079438201305e-05 0.002811471721847926 0.021229951608558964
488 3904 0.5284990943384088 0.020852156877352482 5.761703541023774e-06 5.761703541023774e-06 3.1997468855088785e-05 0.0026460702343152147 0.020852156877352482
489 3912 0.5920398558933391 0.021729299679885555 5.140984440471292e-06 5.140984440471292e-06 3.255473920867938e-05 0.0026522012490579464 0.021729299679885555
490 3920 0.66712601315905 0.02263178179212995 4.897319951551294e-06 4.897319951551294e-06 3.431577222816054e-05 0.0025302907869038413 0.02263178179212995
491 3928 0.6534725845792112 0.021567338126746004 4.736207398527335e-06 4.736207398527335e-06 3.492781261057907e-05 0.0025904033309882796 0.021567338126746004
492 3936 0.6247294847774233 0.020090434259535547 4.454939741045884e-06 4.454939741045884e-06 3.376743301590939e-05 0.002547489458997773 0.020090434259535547
493 3944 0.7262255925195187 0.02006857909568428 4.0113156003461306e-06 4.0113156003461306e-06 3.226287408551512e-05 0.0025912164425206012 0.02006857909568428
494 3952 0.8211719643631333 0.018514542594018003 3.931889989359361e-06 3.931889989359361e-06 3.0469531197897137e-05 0.00307858679914386 0.018514542594018003
495 3960 0.8541783460328018 0.018237821796511264 3.916177317767538e-06 3.916177317767538e-06 2.8919670033391324e-05 0.003232481331215065 0.018237821796511264
496 3968 0.9154891474098209 0.019136374471975737 3.90290152260946e-06 3.90290152260946e-06 2.907706933581903e-05 0.0029040528334028366 0.019136374471975737
497 3976 0.9891723303750747 0.019552875422438196 4.303502344079017e-06 4.303502344079017e-06 2.899890607266349e-05 0.0028280773587399527 0.019552875422438196
498 3984 0.9943138020098989 0.019825884174044486 4.526685618756717e-06 4.526685618756717e-06 2.860834784677869e-05 0.0026532205682575196 0.019825884174044486
499 3992 0.8687107210365834 0.01952151238293699 4.940013708307711e-06 4.940013708307711e-06 2.7172732434732385e-05 0.0024144399157638627 0.01952151238293699
500 4000 0.8223686033431169 0.02029561904794451 4.593243272531747e-06 4.593243272531747e-06 2.398305807933327e-05 0.0024208352798949086 0.02029561904794451
501 4008 0.76149450692887 0.020550433444913113 4.452299251013493e-06 4.452299251013493e-06 2.3232304306632797e-05 0.0024404321304666967 0.020550433444913113
502 4016 0.7879213541142218 0.017950862103147378 4.433804568743013e-06 4.433804568743013e-06 2.274251559295993e-05 0.0024008893936732856 0.017950862103147378
503 4024 1.1634017283394456 0.01831462844624959 4.25909710218362e-06 4.25909710218362e-06 2.0496457476278242e-05 0.0027078688873930852 0.01831462844624959
504 4032 1.2721890636263806 0.019273632579475255 4.404969037451921e-06 4.404969037451921e-06 2.1049059846191894e-05 0.0027483204759783807 0.019273632579475255
505 4040 1.2649808561244253 0.019344144424596862 4.229334536216113e-06 4.229334536216113e-06 2.093889873554855e-05 0.002453876934452626 0.019344144424596862
