% # columns="iteration, evaluation, min max(neg(.)) min(pos(.)) max correlation, correlation matrix principal axes lengths  (sorted square roots of eigenvalues of correlation matrix)", seed=1101981, Wed Apr 27 01:27:35 2022
1 8 -0.0308810270093637 -0.023277567115894616 0.014985443725618814 0.13228143439163462 0.9272798594247195 0.9903596785409533 1.012956685572676 1.0645461580312765
2 16 -0.12814640997547164 -0.0769054420245016 0.08711628484462634 0.2988149826546458 0.9272798594247195 0.9903596785409533 1.012956685572676 1.0645461580312765
3 24 -0.0872827138820068 0.0738955284038103 0.19887691463652685 0.29794718793583075 0.9272798594247195 0.9903596785409533 1.012956685572676 1.0645461580312765
4 32 0.07391303009336418 0.13330364844521908 0.29122836375527106 0.3698067687911597 0.9272798594247195 0.9903596785409533 1.012956685572676 1.0645461580312765
5 40 -0.07694890531353676 0.12725874896226677 0.29647034363640495 0.3312873189663026 0.7653192162292595 0.868921081198269 1.0280995768134336 1.2658095876060909
6 48 -0.1664373070646683 0.08574693634324058 0.2370354617838496 0.26727632979136695 0.7653192162292595 0.868921081198269 1.0280995768134336 1.2658095876060909
7 56 -0.03137117999749678 0.07389097319578203 0.16575313463908584 0.40871565935448423 0.7653192162292595 0.868921081198269 1.0280995768134336 1.2658095876060909
8 64 -0.0797494751018622 -0.046187718302276984 0.2538944290408834 0.3694615727942106 0.7653192162292595 0.868921081198269 1.0280995768134336 1.2658095876060909
9 72 -0.011526293218795025 0.03928463975405002 0.31728640187237733 0.3463474879898377 0.6715680471038927 0.9379178104724453 1.0463657120740315 1.2547610670974143
10 80 0.035234539133984666 0.1021059385043159 0.3487038324657461 0.4619232004229357 0.6715680471038927 0.9379178104724453 1.0463657120740315 1.2547610670974143
11 88 -0.07963150386275539 0.03888192461687626 0.3056087038068972 0.424184023663804 0.6715680471038927 0.9379178104724453 1.0463657120740315 1.2547610670974143
12 96 -0.16648032900761414 -0.1121933646142962 0.2675225357712615 0.3472474649925508 0.6715680471038927 0.9379178104724453 1.0463657120740315 1.2547610670974143
13 104 -0.18423694197473972 -0.10831646452873947 0.1987190929790463 0.20787657995951875 0.8640483169241924 0.9292170069035093 0.9639549890517732 1.2086219587546598
14 112 -0.18083480775735117 -0.16387289114002393 0.1653021798503516 0.3112479467766078 0.8640483169241924 0.9292170069035093 0.9639549890517732 1.2086219587546598
15 120 -0.2143302264394769 -0.1739578116910165 0.16039794044633268 0.2289162613657112 0.8640483169241924 0.9292170069035093 0.9639549890517732 1.2086219587546598
16 128 -0.23663196616965362 -0.1682494993226905 0.21303836771429804 0.26381400078387895 0.8640483169241924 0.9292170069035093 0.9639549890517732 1.2086219587546598
17 136 -0.26570772454677 -0.18436502769633817 0.20103770991620773 0.40406029718210956 0.7521759441070202 0.9134077737168892 0.972549545393478 1.286104571866226
18 144 -0.28954398297559775 -0.27733411897665267 0.18140116786765376 0.3579341414710295 0.7521759441070202 0.9134077737168892 0.972549545393478 1.286104571866226
19 152 -0.3918459229909763 -0.13086078877550433 0.16804904679003638 0.2973152759649903 0.7521759441070202 0.9134077737168892 0.972549545393478 1.286104571866226
20 160 -0.38516738968908115 -0.23684356046432004 0.05638254219351984 0.3853974387547624 0.7521759441070202 0.9134077737168892 0.972549545393478 1.286104571866226
21 168 -0.3568668496858469 -0.2935543163493933 0.10116912307603113 0.37077635549334303 0.6572972652459491 0.8491073965171081 1.1478817671898682 1.2366666417564594
22 176 -0.35491246991859565 -0.35050721592946565 0.15831255119293086 0.3552375844308427 0.6572972652459491 0.8491073965171081 1.1478817671898682 1.2366666417564594
23 184 -0.3779436412796565 -0.29622972654778196 0.147846477591804 0.37657184962315576 0.6572972652459491 0.8491073965171081 1.1478817671898682 1.2366666417564594
24 192 -0.5238731683433855 -0.3207575521955578 0.23261008025383248 0.2888755497975566 0.6572972652459491 0.8491073965171081 1.1478817671898682 1.2366666417564594
25 200 -0.5043778524142553 -0.35509078359169816 0.2004994166118165 0.42320306511093386 0.6541343544801648 0.8079919241328548 1.0217740362714591 1.3693922431598757
26 208 -0.5577692026370104 -0.43629084842622967 0.2282866874630503 0.4509151018149617 0.6541343544801648 0.8079919241328548 1.0217740362714591 1.3693922431598757
27 216 -0.5130299772420541 -0.46449626000467154 0.036252523510724936 0.48524203041421665 0.6541343544801648 0.8079919241328548 1.0217740362714591 1.3693922431598757
28 224 -0.48132551325653644 -0.369973496306129 0.18101017488096485 0.34440812625798034 0.6541343544801648 0.8079919241328548 1.0217740362714591 1.3693922431598757
29 232 -0.4823032788588332 -0.32521514840744925 0.20196764800943962 0.24619254983715935 0.7065313312797301 0.7895195096478711 1.0739667121486762 1.3130376700620738
30 240 -0.468156010771761 -0.38938500487170996 0.1309020397353451 0.23096814057829715 0.7065313312797301 0.7895195096478711 1.0739667121486762 1.3130376700620738
31 248 -0.479262172025861 -0.3666497218077282 0.10635438267187515 0.28009764624268535 0.7065313312797301 0.7895195096478711 1.0739667121486762 1.3130376700620738
32 256 -0.39520449708730465 -0.3831043445805013 0.16440461963362038 0.27887643593535305 0.7065313312797301 0.7895195096478711 1.0739667121486762 1.3130376700620738
33 264 -0.5463264261233345 -0.2981462925764176 0.09483756718354465 0.2206038703083825 0.654189916309447 0.7752867457173416 1.1499373116984144 1.2839821628347792
34 272 -0.4931992964955853 -0.40764869371931206 -0.008348617800419693 0.12891355648797098 0.654189916309447 0.7752867457173416 1.1499373116984144 1.2839821628347792
35 280 -0.5233256832478919 -0.47568118572010637 0.07785566080585282 0.18435885093629878 0.654189916309447 0.7752867457173416 1.1499373116984144 1.2839821628347792
36 288 -0.486788942354693 -0.4826378324742887 0.06066233351621144 0.194337513988568 0.654189916309447 0.7752867457173416 1.1499373116984144 1.2839821628347792
37 296 -0.5586313997969644 -0.5230998585185802 0.07162695164221163 0.11665033201216772 0.6406794212718228 0.6855312417214511 1.2318493050677204 1.2657504040634635
38 304 -0.738677727809819 -0.5495286271902539 0.08253434517515744 0.14515318779643466 0.6406794212718228 0.6855312417214511 1.2318493050677204 1.2657504040634635
39 312 -0.6938147429191641 -0.5928530183257561 0.04584427518979202 0.1390394457438367 0.6406794212718228 0.6855312417214511 1.2318493050677204 1.2657504040634635
40 320 -0.6948792719991725 -0.6507993649776824 0.042464022944591256 0.06349721538254971 0.6406794212718228 0.6855312417214511 1.2318493050677204 1.2657504040634635
41 328 -0.7441242469985065 -0.5721947420578246 0.020754149887422763 0.23474812841412043 0.4978757357372577 0.6460554892599276 1.1894412310312175 1.3856267948059249
42 336 -0.7703008061127575 -0.5836926184681958 0.043336254306011124 0.1091571880534248 0.4978757357372577 0.6460554892599276 1.1894412310312175 1.3856267948059249
43 344 -0.7684911310187763 -0.5162934140131427 0.08425095422901016 0.2745999274103118 0.4978757357372577 0.6460554892599276 1.1894412310312175 1.3856267948059249
44 352 -0.7780741068551041 -0.6077755423424993 7.529887388698801e-05 0.11106728087526242 0.4978757357372577 0.6460554892599276 1.1894412310312175 1.3856267948059249
45 360 -0.822212943301882 -0.6287887756803859 0.05720783215529883 0.13199386031006677 0.40429103934255084 0.6064419567266199 1.2776821554446176 1.3551033976369862
46 368 -0.8403829006301244 -0.6416009960343351 0.05681644192413958 0.15184385490162966 0.40429103934255084 0.6064419567266199 1.2776821554446176 1.3551033976369862
47 376 -0.8223885654925802 -0.5910912844739776 0.048954985729536576 0.22604778791992672 0.40429103934255084 0.6064419567266199 1.2776821554446176 1.3551033976369862
48 384 -0.7710172155786679 -0.5966979698379824 0.007437905203708928 0.33386451161088276 0.40429103934255084 0.6064419567266199 1.2776821554446176 1.3551033976369862
49 392 -0.7414882469316004 -0.6087275890886709 0.0221087985022433 0.4039256932627236 0.4648157989454622 0.5715950888426491 1.1909064219535999 1.4279240951855003
50 400 -0.6623470750098771 -0.6374729688589231 -0.04150612521249683 0.43653053545442466 0.4648157989454622 0.5715950888426491 1.1909064219535999 1.4279240951855003
51 408 -0.6669662582344904 -0.6638418675913976 -0.07794241282442738 0.4937388862879823 0.4648157989454622 0.5715950888426491 1.1909064219535999 1.4279240951855003
52 416 -0.6648558253638345 -0.6204277648097981 -0.029593190814449492 0.4584900839615515 0.4648157989454622 0.5715950888426491 1.1909064219535999 1.4279240951855003
53 424 -0.6027515989928965 -0.5727694971189322 -0.11079028222565322 0.3982690140778403 0.5768227701431959 0.6172540518274813 1.1704845204200436 1.3842828160473373
54 432 -0.5880216038202197 -0.5812479128599578 -0.020217028794863125 0.394312340230176 0.5768227701431959 0.6172540518274813 1.1704845204200436 1.3842828160473373
55 440 -0.5644662475008069 -0.4888486809478913 -0.02885873934244611 0.2822183750409676 0.5768227701431959 0.6172540518274813 1.1704845204200436 1.3842828160473373
56 448 -0.5295300074357532 -0.4277844588114808 -0.1234921699809774 0.27999678575031445 0.5768227701431959 0.6172540518274813 1.1704845204200436 1.3842828160473373
57 456 -0.4343883907450767 -0.3987167056707028 -0.06120352079960786 0.2422586895975527 0.679428779662308 0.783892003635706 1.1099081579887828 1.3007665973696172
58 464 -0.3606711750236638 -0.32682536728901784 0.10441046261756523 0.1670695309349603 0.679428779662308 0.783892003635706 1.1099081579887828 1.3007665973696172
59 472 -0.4369094107485866 -0.2895101566240935 0.20299929147274068 0.27970852952327674 0.679428779662308 0.783892003635706 1.1099081579887828 1.3007665973696172
60 480 -0.32950258112742703 -0.24180436535325806 0.25763186601500954 0.26361827526131626 0.679428779662308 0.783892003635706 1.1099081579887828 1.3007665973696172
61 488 -0.40647200498844027 -0.22998896630792354 0.33888515247954415 0.3647033592379567 0.66808978810853 0.875264261004122 1.0144526073778894 1.3260672742429807
62 496 -0.39718993188523927 -0.2702908664472897 0.40421454728506295 0.41969200564898107 0.66808978810853 0.875264261004122 1.0144526073778894 1.3260672742429807
63 504 -0.5037764153001961 -0.35969242954552283 0.31362234444137177 0.32528436287484214 0.66808978810853 0.875264261004122 1.0144526073778894 1.3260672742429807
64 512 -0.5203327143777464 -0.48794917022556067 0.3627813555377605 0.39049900205270793 0.66808978810853 0.875264261004122 1.0144526073778894 1.3260672742429807
65 520 -0.49710104494326546 -0.4860957093634467 0.2924455999805189 0.5692235588474724 0.586210942165735 0.7170974094490469 1.0136530412312295 1.4541786508711052
66 528 -0.4990134037549638 -0.4689560980541477 0.3405776582607563 0.6045312471348131 0.586210942165735 0.7170974094490469 1.0136530412312295 1.4541786508711052
67 536 -0.7260295738550095 -0.48499989426061474 0.3961964590654449 0.4796113664319162 0.586210942165735 0.7170974094490469 1.0136530412312295 1.4541786508711052
68 544 -0.766060927404401 -0.5522232201606526 0.4737212875564597 0.5018232566857631 0.586210942165735 0.7170974094490469 1.0136530412312295 1.4541786508711052
69 552 -0.7692401111424116 -0.6099729180445188 0.4977560474090974 0.5511657258116962 0.4623854419429664 0.49983187254170164 1.0903551580604618 1.5321532010740995
70 560 -0.7973627169926328 -0.4962148946409639 0.4781817162453027 0.5960348942797377 0.4623854419429664 0.49983187254170164 1.0903551580604618 1.5321532010740995
71 568 -0.7857142188663141 -0.47774334540948715 0.4216964210482555 0.6487726798240236 0.4623854419429664 0.49983187254170164 1.0903551580604618 1.5321532010740995
72 576 -0.7785711244286605 -0.4038996962277343 0.36439021610250516 0.6137064599493955 0.4623854419429664 0.49983187254170164 1.0903551580604618 1.5321532010740995
73 584 -0.8537145476721691 -0.3400244607808754 0.33249632607758906 0.6111371353046847 0.35134030956159956 0.42972514241522014 1.2674495150549518 1.4441149592883347
74 592 -0.8725922276414614 -0.3520194570653344 0.32334806437279645 0.5494782269215698 0.35134030956159956 0.42972514241522014 1.2674495150549518 1.4441149592883347
75 600 -0.834738991287526 -0.3162228293947016 0.2933068054073208 0.5950452842720741 0.35134030956159956 0.42972514241522014 1.2674495150549518 1.4441149592883347
76 608 -0.8885526049004964 -0.37152384953317086 0.36994072106015136 0.5783241624085579 0.35134030956159956 0.42972514241522014 1.2674495150549518 1.4441149592883347
77 616 -0.8967359925383422 -0.3883200782433253 0.37833668342362553 0.47837056613500667 0.28645401045137725 0.559435491056287 1.2034568330557958 1.468559730557204
78 624 -0.8729887887100362 -0.4240370229524252 0.436917438228268 0.44563291072926364 0.28645401045137725 0.559435491056287 1.2034568330557958 1.468559730557204
79 632 -0.8003004677595102 -0.3445033319599526 0.34222640742459925 0.40014900200429915 0.28645401045137725 0.559435491056287 1.2034568330557958 1.468559730557204
80 640 -0.7840377014856288 -0.3284924091012473 0.2509743533538767 0.5214724787853586 0.28645401045137725 0.559435491056287 1.2034568330557958 1.468559730557204
81 648 -0.7468068462070424 -0.3391516349834169 0.2655965688978641 0.4614176512925041 0.39841066377128576 0.6707326264750615 1.212932435599187 1.3857061713965966
82 656 -0.7478988128503419 -0.41153844582673177 0.3867372260959989 0.48284914675684193 0.39841066377128576 0.6707326264750615 1.212932435599187 1.3857061713965966
83 664 -0.7185414195696213 -0.30933557180511423 0.28000172582038185 0.6415071821286543 0.39841066377128576 0.6707326264750615 1.212932435599187 1.3857061713965966
84 672 -0.7818620224617095 -0.21350219234312903 0.16465278478170012 0.6471025483976377 0.39841066377128576 0.6707326264750615 1.212932435599187 1.3857061713965966
85 680 -0.8536092653559577 -0.3321556100799117 0.2392431981737805 0.6642894185506487 0.35038416960699514 0.5313648193912698 1.2324283544494739 1.4408340340063672
86 688 -0.8733084069031222 -0.45214837085614124 0.29503635632806247 0.6763450994870102 0.35038416960699514 0.5313648193912698 1.2324283544494739 1.4408340340063672
87 696 -0.8874493269657026 -0.4700144628207863 0.36203033222246717 0.7250037997438674 0.35038416960699514 0.5313648193912698 1.2324283544494739 1.4408340340063672
88 704 -0.9181911296258782 -0.3663722886204917 0.334888657291911 0.7373297764776843 0.35038416960699514 0.5313648193912698 1.2324283544494739 1.4408340340063672
89 712 -0.9421803482392037 -0.3263542353067876 0.30136287417283275 0.744184791798836 0.20028733497970966 0.49346368019713205 1.1930281581292677 1.5142861003402608
90 720 -0.9193607325683361 -0.35201927250440734 0.29556304543110656 0.7872822997203309 0.20028733497970966 0.49346368019713205 1.1930281581292677 1.5142861003402608
91 728 -0.9257632005518137 -0.29287602564098814 0.2114270054241541 0.804580771887385 0.20028733497970966 0.49346368019713205 1.1930281581292677 1.5142861003402608
92 736 -0.9341713281127884 -0.310344566488697 0.21343137701879328 0.8056305859209715 0.20028733497970966 0.49346368019713205 1.1930281581292677 1.5142861003402608
93 744 -0.9459031255731744 -0.350205399071556 0.23043251262894404 0.8283673537020556 0.1590505136591182 0.4177166330742784 1.2021516617660815 1.5346162812478263
94 752 -0.9484215605359044 -0.45660997645381374 0.31329066063121186 0.846611901138942 0.1590505136591182 0.4177166330742784 1.2021516617660815 1.5346162812478263
95 760 -0.9556931375960359 -0.5651528137830227 0.4700466373598843 0.8412007680643083 0.1590505136591182 0.4177166330742784 1.2021516617660815 1.5346162812478263
96 768 -0.9550314833070561 -0.4679371133542442 0.37602193538806455 0.8119830710152506 0.1590505136591182 0.4177166330742784 1.2021516617660815 1.5346162812478263
97 776 -0.9566186861098479 -0.5084011016795353 0.4223034341520009 0.8272347453188924 0.15868081893704072 0.4005623298925123 1.0722473646969117 1.6323773480641905
98 784 -0.9247774734476406 -0.3822517095489764 0.1513605393189613 0.7547894156919037 0.15868081893704072 0.4005623298925123 1.0722473646969117 1.6323773480641905
99 792 -0.9206409503536032 -0.3677999719582219 0.18055372158603147 0.7780982698462138 0.15868081893704072 0.4005623298925123 1.0722473646969117 1.6323773480641905
100 800 -0.9249649276322698 -0.35953342715812864 0.145361203344807 0.8066991281446032 0.15868081893704072 0.4005623298925123 1.0722473646969117 1.6323773480641905
101 808 -0.939133409560433 -0.3515451132982895 0.15528732216514746 0.782828845157906 0.16987787634244766 0.4794039430649638 1.214384059266571 1.5055180912570896
102 816 -0.945521297011352 -0.404426295198941 0.2575406776222852 0.8367136983964389 0.16987787634244766 0.4794039430649638 1.214384059266571 1.5055180912570896
103 824 -0.9278042861861103 -0.27332539360454194 0.07117094158106782 0.8130587889884622 0.16987787634244766 0.4794039430649638 1.214384059266571 1.5055180912570896
104 832 -0.9442714800134681 -0.2490981293586219 0.054336285074210185 0.8149755169271139 0.16987787634244766 0.4794039430649638 1.214384059266571 1.5055180912570896
105 840 -0.9359934192258035 -0.26777298623236895 0.08531839840278797 0.8101641095137238 0.15382836980027123 0.46500573153760283 1.2605638826176746 1.4734602811482986
106 848 -0.946303926063121 -0.38184689275038736 0.2149762763303485 0.7639252542512004 0.15382836980027123 0.46500573153760283 1.2605638826176746 1.4734602811482986
107 856 -0.9535411304645793 -0.2606431453704738 0.08972759886488954 0.7749249847887784 0.15382836980027123 0.46500573153760283 1.2605638826176746 1.4734602811482986
108 864 -0.9677031262462334 -0.3612197663093114 0.2447419216467326 0.7138035033362505 0.15382836980027123 0.46500573153760283 1.2605638826176746 1.4734602811482986
109 872 -0.972759948157927 -0.3386499838855042 0.2336817854837738 0.7241134212287236 0.14199045448532513 0.5258019017655081 1.1536066506839409 1.5403125547863994
110 880 -0.9709435826441944 -0.24679707271336132 0.12645168156878234 0.6250899194558167 0.14199045448532513 0.5258019017655081 1.1536066506839409 1.5403125547863994
111 888 -0.9660234216586904 -0.18699468084387513 0.09858206013212381 0.6577810361802553 0.14199045448532513 0.5258019017655081 1.1536066506839409 1.5403125547863994
112 896 -0.9704624524465085 -0.20394417969808035 0.14324610491643044 0.5907529158495025 0.14199045448532513 0.5258019017655081 1.1536066506839409 1.5403125547863994
113 904 -0.9677012140333041 -0.15175063243745768 0.08075034483284806 0.5485730283755172 0.16454600917883308 0.6693063126316926 1.2254449230438893 1.4224058532362138
114 912 -0.9677901856030608 -0.15382270566238063 0.08765212612522447 0.5528765250949359 0.16454600917883308 0.6693063126316926 1.2254449230438893 1.4224058532362138
115 920 -0.9728170766912434 -0.05723207202497743 0.005184978630002264 0.6193926168874652 0.16454600917883308 0.6693063126316926 1.2254449230438893 1.4224058532362138
116 928 -0.9775778942214551 -0.16235920929757147 0.09887447697859458 0.7131184730707485 0.16454600917883308 0.6693063126316926 1.2254449230438893 1.4224058532362138
117 936 -0.9763168417626887 -0.19292704695600765 0.11956777934363605 0.7635281667414066 0.13664401631158116 0.48889892986131683 1.2506036094088968 1.4759054377974696
118 944 -0.9771568313401742 -0.07721593914272065 0.03574780628865683 0.8038294273298309 0.13664401631158116 0.48889892986131683 1.2506036094088968 1.4759054377974696
119 952 -0.9812174372880582 -0.22395374161843068 0.19240306440696037 0.8646056427232248 0.13664401631158116 0.48889892986131683 1.2506036094088968 1.4759054377974696
120 960 -0.9729670935032583 -0.3205734385886778 0.2912642003370087 0.8612689026675072 0.13664401631158116 0.48889892986131683 1.2506036094088968 1.4759054377974696
121 968 -0.9722044349090637 -0.4434163961727514 0.4362731698866239 0.8638226977806065 0.16563324699572107 0.35381105963008563 1.0839866908910096 1.6347342950902601
122 976 -0.9768932278600622 -0.43718146786732714 0.4395808627041572 0.8882443948392145 0.16563324699572107 0.35381105963008563 1.0839866908910096 1.6347342950902601
123 984 -0.9658708155548378 -0.21235219607309203 0.25904344673100577 0.8804276590434876 0.16563324699572107 0.35381105963008563 1.0839866908910096 1.6347342950902601
124 992 -0.9669910391760049 -0.23931264269293154 0.24202685273056648 0.87413185198426 0.16563324699572107 0.35381105963008563 1.0839866908910096 1.6347342950902601
125 1000 -0.9649928144910942 -0.18570451353632225 0.13446295854725138 0.8285180026366901 0.18331112766264285 0.3975656464969359 1.3132102399727847 1.4435433671459768
126 1008 -0.9766391515643642 -0.08693455725637506 0.09068818353198134 0.7761126505720688 0.18331112766264285 0.3975656464969359 1.3132102399727847 1.4435433671459768
127 1016 -0.9715389826976972 -0.24787098593019125 0.2163743271800368 0.6884831561016279 0.18331112766264285 0.3975656464969359 1.3132102399727847 1.4435433671459768
128 1024 -0.9814318377967386 -0.2244110651428678 0.23192548554835385 0.691159172302551 0.18331112766264285 0.3975656464969359 1.3132102399727847 1.4435433671459768
129 1032 -0.9825942530422485 -0.44387125901393815 0.45292589326203686 0.6731342089541845 0.12466703922481939 0.5379002586054725 1.0815529029013167 1.5891396286509312
130 1040 -0.9825608644209581 -0.4766961053670572 0.5070706208436299 0.6126840047939695 0.12466703922481939 0.5379002586054725 1.0815529029013167 1.5891396286509312
131 1048 -0.9841049097490957 -0.4406289167147785 0.45241695122434455 0.6552601416345836 0.12466703922481939 0.5379002586054725 1.0815529029013167 1.5891396286509312
132 1056 -0.9838762801092148 -0.397466923766826 0.41747753627880635 0.5950751094299386 0.12466703922481939 0.5379002586054725 1.0815529029013167 1.5891396286509312
133 1064 -0.9844414443788397 -0.4646778619143308 0.48799845881162424 0.582302730170837 0.11571281442124717 0.5397246131601915 1.1364381835625987 1.5504245036340005
134 1072 -0.9814773649229284 -0.3483193054624463 0.40698766959400734 0.4271389862639748 0.11571281442124717 0.5397246131601915 1.1364381835625987 1.5504245036340005
135 1080 -0.9769451365231147 -0.3379513105997565 0.4002018503054932 0.4282936331744431 0.11571281442124717 0.5397246131601915 1.1364381835625987 1.5504245036340005
136 1088 -0.977881727737453 -0.19649536557264397 0.2727880358317356 0.4092376566990978 0.11571281442124717 0.5397246131601915 1.1364381835625987 1.5504245036340005
137 1096 -0.9744574043944048 -0.10256495243407077 0.2036036018427435 0.3409574441622602 0.13381468965025634 0.8092401498820736 1.136431687547774 1.4267960709891108
138 1104 -0.9688608460283511 -0.0859324006485623 0.14407981525297153 0.265429763923162 0.13381468965025634 0.8092401498820736 1.136431687547774 1.4267960709891108
139 1112 -0.9819822374725776 -0.2888270208287276 0.18235195386375425 0.25560812321514603 0.13381468965025634 0.8092401498820736 1.136431687547774 1.4267960709891108
140 1120 -0.979403758481961 -0.30337278727197803 0.19228364385363647 0.3020067366526571 0.13381468965025634 0.8092401498820736 1.136431687547774 1.4267960709891108
141 1128 -0.9798878610182725 -0.3525701716785814 0.173879354859183 0.34882464358963977 0.10758755340488413 0.8259824905444296 1.0578474043009605 1.4788971272134155
142 1136 -0.9846524660997218 -0.4468935792872621 0.14373493778133775 0.4477136033610525 0.10758755340488413 0.8259824905444296 1.0578474043009605 1.4788971272134155
143 1144 -0.9852249815138256 -0.47643342981158054 0.16273381474138365 0.4854870674521681 0.10758755340488413 0.8259824905444296 1.0578474043009605 1.4788971272134155
144 1152 -0.9891373582873053 -0.3624627607474227 0.10002795452030128 0.35901829468586743 0.10758755340488413 0.8259824905444296 1.0578474043009605 1.4788971272134155
145 1160 -0.9894921288918492 -0.19378103603473995 0.18309224535677168 0.18851021135044344 0.08305117203358083 0.9370995726693793 1.0112312144814732 1.4464986431328024
146 1168 -0.9904083590103067 -0.2881548794767018 0.21781608017605636 0.37322905427741015 0.08305117203358083 0.9370995726693793 1.0112312144814732 1.4464986431328024
147 1176 -0.9893347241046576 -0.3018336413827554 0.2573858308895618 0.4053374628078555 0.08305117203358083 0.9370995726693793 1.0112312144814732 1.4464986431328024
148 1184 -0.9868248297978403 -0.32326285572858604 0.16642396227418219 0.44816392270376004 0.08305117203358083 0.9370995726693793 1.0112312144814732 1.4464986431328024
149 1192 -0.9837827532220058 -0.32503750019072847 0.15271626203232425 0.4646760754681628 0.06587771593681435 0.8639486561829631 0.9858124835740106 1.5091145063421272
150 1200 -0.9835992589041426 -0.32611332699401213 0.13294236993412864 0.4649331969539754 0.06587771593681435 0.8639486561829631 0.9858124835740106 1.5091145063421272
151 1208 -0.9812929288007689 -0.2930083327254138 0.2421443209359495 0.4299214730465631 0.06587771593681435 0.8639486561829631 0.9858124835740106 1.5091145063421272
152 1216 -0.9764511808014112 -0.39868515985644987 0.38671666455216025 0.4452226843670794 0.06587771593681435 0.8639486561829631 0.9858124835740106 1.5091145063421272
153 1224 -0.9762148613369398 -0.3256505134861947 0.3322399231668814 0.4168381418940863 0.08289012202505652 0.7809609033025874 1.043497164548735 1.5147088706290155
154 1232 -0.9762818198629405 -0.31692549902956096 0.3319924815852603 0.3693791190659287 0.08289012202505652 0.7809609033025874 1.043497164548735 1.5147088706290155
155 1240 -0.9782321924809565 -0.28892499268179883 0.2241983544024607 0.4314689667739115 0.08289012202505652 0.7809609033025874 1.043497164548735 1.5147088706290155
156 1248 -0.9789663361369021 -0.32010671476487884 0.2019877310061301 0.46420855557185775 0.08289012202505652 0.7809609033025874 1.043497164548735 1.5147088706290155
157 1256 -0.9791752658865099 -0.31468950500128184 0.1469895636783905 0.45732457737454374 0.08861857800914215 0.798210367177646 1.0575728840460499 1.4955087937863436
158 1264 -0.9748482156235625 -0.21984527561387343 0.2000445461235111 0.38827422574649834 0.08861857800914215 0.798210367177646 1.0575728840460499 1.4955087937863436
159 1272 -0.9809561792644749 -0.36173124895446035 0.37074225214917267 0.4511408324464174 0.08861857800914215 0.798210367177646 1.0575728840460499 1.4955087937863436
160 1280 -0.98205768942607 -0.36598264721677576 0.2657518068120002 0.4935127154889419 0.08861857800914215 0.798210367177646 1.0575728840460499 1.4955087937863436
161 1288 -0.9825886628048032 -0.39531758452388177 0.3359309209058866 0.5154519577826755 0.080778291085717 0.6750816087001381 1.0649423593886176 1.5503668793107999
162 1296 -0.979214437944168 -0.3434968543925646 0.2939085363642537 0.47438418212694405 0.080778291085717 0.6750816087001381 1.0649423593886176 1.5503668793107999
163 1304 -0.9831944313541789 -0.42638925612921036 0.22411134771311378 0.5278541173587806 0.080778291085717 0.6750816087001381 1.0649423593886176 1.5503668793107999
164 1312 -0.9825218770844483 -0.5091696308523536 0.19757229310095575 0.6077946312535426 0.080778291085717 0.6750816087001381 1.0649423593886176 1.5503668793107999
165 1320 -0.982154127909356 -0.5131014505581727 0.13268932322443605 0.6174956652567172 0.08586760687409467 0.7082775177650048 1.0294654067941162 1.5592211799910183
166 1328 -0.984103058852669 -0.5201742539065133 0.1922908232410772 0.5972462856983279 0.08586760687409467 0.7082775177650048 1.0294654067941162 1.5592211799910183
167 1336 -0.978831794082396 -0.46744494639926865 0.21840784677982228 0.5630808351632471 0.08586760687409467 0.7082775177650048 1.0294654067941162 1.5592211799910183
168 1344 -0.976334348803963 -0.46734168632843703 0.2521756521038583 0.5796505717902243 0.08586760687409467 0.7082775177650048 1.0294654067941162 1.5592211799910183
169 1352 -0.9795015034321932 -0.48334976188717693 0.12157596625606039 0.5931853413068031 0.0959766907995747 0.7687229915172246 0.9888523096764903 1.5562854965537154
170 1360 -0.980588739514634 -0.5045495873902569 0.13218602564920395 0.6064979436111521 0.0959766907995747 0.7687229915172246 0.9888523096764903 1.5562854965537154
171 1368 -0.9856845021471734 -0.4863417319666302 -0.0017599482271548254 0.5692340219276857 0.0959766907995747 0.7687229915172246 0.9888523096764903 1.5562854965537154
172 1376 -0.986865566562336 -0.5470257411058685 -0.012283291623745408 0.621659163065421 0.0959766907995747 0.7687229915172246 0.9888523096764903 1.5562854965537154
173 1384 -0.9882027902061413 -0.629644165682704 0.007824735316585715 0.6935145944063449 0.07223164001830347 0.649555531092563 1.0099683361364138 1.5977559770531822
174 1392 -0.9872286129942389 -0.6086934936319268 0.10634558580124605 0.6793767225249029 0.07223164001830347 0.649555531092563 1.0099683361364138 1.5977559770531822
175 1400 -0.9850818768863342 -0.5832333617898403 0.05886585220986859 0.6726973357729189 0.07223164001830347 0.649555531092563 1.0099683361364138 1.5977559770531822
176 1408 -0.9879131729659278 -0.6532760031194103 0.09334117659310917 0.7238860864276656 0.07223164001830347 0.649555531092563 1.0099683361364138 1.5977559770531822
177 1416 -0.9878156168880082 -0.6425944958580014 0.14763225320598786 0.7172643712360338 0.06063366042695108 0.6448828320098056 0.9680265279170687 1.6258457286751
178 1424 -0.9865138168850959 -0.6408449543192781 0.16449115581872556 0.7281915348200848 0.06063366042695108 0.6448828320098056 0.9680265279170687 1.6258457286751
179 1432 -0.9867536018076403 -0.7086192836450227 0.21181064282334142 0.7925054558875859 0.06063366042695108 0.6448828320098056 0.9680265279170687 1.6258457286751
180 1440 -0.9860928524418884 -0.6709726107467654 0.19884274102813926 0.7614946147502902 0.06063366042695108 0.6448828320098056 0.9680265279170687 1.6258457286751
181 1448 -0.9828902004413111 -0.6021411001994623 0.14370433366281474 0.717002376544122 0.051878012906677616 0.6350046372828398 0.9705175879740395 1.62854947540417
182 1456 -0.9806076654377949 -0.587808727114275 0.21314123486966302 0.7167595134348653 0.051878012906677616 0.6350046372828398 0.9705175879740395 1.62854947540417
183 1464 -0.9761706195791435 -0.5771544421954818 0.1636529795151433 0.7033962006255652 0.051878012906677616 0.6350046372828398 0.9705175879740395 1.62854947540417
184 1472 -0.9696229501671222 -0.6302171202827329 0.18088338839362378 0.6275498109283781 0.051878012906677616 0.6350046372828398 0.9705175879740395 1.62854947540417
185 1480 -0.9707533979030158 -0.6436486936088794 0.1264117839288428 0.6374304264587706 0.07092455441616399 0.5203210050213296 1.047750091512185 1.6206342909647045
186 1488 -0.9669617062006292 -0.7785497155279513 0.23394378552154688 0.6912658684553475 0.07092455441616399 0.5203210050213296 1.047750091512185 1.6206342909647045
187 1496 -0.9727134859585632 -0.7550297421200985 0.2492941209221391 0.700674891381491 0.07092455441616399 0.5203210050213296 1.047750091512185 1.6206342909647045
188 1504 -0.9625098929279298 -0.8152332887247488 0.15106463230966094 0.5863295795105812 0.07092455441616399 0.5203210050213296 1.047750091512185 1.6206342909647045
189 1512 -0.9617804425530757 -0.8305257569051231 0.20679826795657458 0.5924744974032342 0.05191156772124652 0.3908432636264864 1.0613948863612843 1.6486320473715885
190 1520 -0.9514474093359635 -0.8547341135777079 0.25885488031034537 0.6596899909008326 0.05191156772124652 0.3908432636264864 1.0613948863612843 1.6486320473715885
191 1528 -0.9434909768290362 -0.8658203177425129 0.1490907684054461 0.5889362571565082 0.05191156772124652 0.3908432636264864 1.0613948863612843 1.6486320473715885
192 1536 -0.9441180054101714 -0.8775043276977647 0.11850519694032809 0.5989942055647596 0.05191156772124652 0.3908432636264864 1.0613948863612843 1.6486320473715885
193 1544 -0.9510444157297109 -0.8373967659315912 0.10769358010737137 0.6338192578925681 0.04560183397906896 0.34498918237974585 1.0970018438096174 1.6356924807117623
194 1552 -0.9637289507814563 -0.7703052441633711 -0.050823775694847674 0.4923611725139279 0.04560183397906896 0.34498918237974585 1.0970018438096174 1.6356924807117623
195 1560 -0.9674779330550619 -0.7697677296837405 -0.038300420622672846 0.501375909881422 0.04560183397906896 0.34498918237974585 1.0970018438096174 1.6356924807117623
196 1568 -0.9607570118815265 -0.7666971467034612 -0.1286387235027149 0.5265967489354642 0.04560183397906896 0.34498918237974585 1.0970018438096174 1.6356924807117623
197 1576 -0.9634477915266068 -0.8069942811608065 -0.08991135842427399 0.3746763680392632 0.03668471420643599 0.3848131456404853 1.3036077757077429 1.4666900973962351
198 1584 -0.9644569194961286 -0.7824659889055596 -0.03175963958186884 0.4878143535910651 0.03668471420643599 0.3848131456404853 1.3036077757077429 1.4666900973962351
199 1592 -0.9656720669865924 -0.7277309943922151 -0.11300685581137383 0.5149953819131944 0.03668471420643599 0.3848131456404853 1.3036077757077429 1.4666900973962351
200 1600 -0.9713571547871053 -0.682135159647433 0.026838414126653352 0.46578923610375894 0.03668471420643599 0.3848131456404853 1.3036077757077429 1.4666900973962351
201 1608 -0.9774749308053348 -0.5946013341563414 0.10871762979983896 0.449821910747387 0.03505010344346903 0.47650065136531833 1.2562050137979304 1.4811035017195695
202 1616 -0.9773820839146 -0.6673048317543651 -0.022600534867278196 0.6775899881946361 0.03505010344346903 0.47650065136531833 1.2562050137979304 1.4811035017195695
203 1624 -0.979618851942999 -0.6892967325498237 0.0460906034973573 0.6805188440260365 0.03505010344346903 0.47650065136531833 1.2562050137979304 1.4811035017195695
204 1632 -0.9935771753966449 -0.7674235635721218 0.036238732593161016 0.8300880130140114 0.03505010344346903 0.47650065136531833 1.2562050137979304 1.4811035017195695
205 1640 -0.9943286215353052 -0.805770166621727 0.2071304573204267 0.8605619556826507 0.014502132513825539 0.3027684175025516 0.9611915598813621 1.7274929113395474
206 1648 -0.9927684572478175 -0.7481312325125972 0.00837577827756221 0.818957565257192 0.014502132513825539 0.3027684175025516 0.9611915598813621 1.7274929113395474
207 1656 -0.9910914505361674 -0.680653783869402 -0.04840594263799782 0.768715262112652 0.014502132513825539 0.3027684175025516 0.9611915598813621 1.7274929113395474
208 1664 -0.9901126340237846 -0.6876499330608443 -0.04637377584753311 0.7799351160645623 0.014502132513825539 0.3027684175025516 0.9611915598813621 1.7274929113395474
209 1672 -0.9935218055645176 -0.7500923230874884 0.0419083199908889 0.8171832096752966 0.013036049002753625 0.29408010918074035 1.0925454175406772 1.6491487080980622
210 1680 -0.9936081916753838 -0.7971667913212415 0.06517510221189143 0.8567901236584059 0.013036049002753625 0.29408010918074035 1.0925454175406772 1.6491487080980622
211 1688 -0.9934267921713765 -0.8023674429345308 0.17785683934298424 0.8617867881088017 0.013036049002753625 0.29408010918074035 1.0925454175406772 1.6491487080980622
212 1696 -0.995631846436873 -0.8514516168945003 0.11567013543361153 0.8946150882575228 0.013036049002753625 0.29408010918074035 1.0925454175406772 1.6491487080980622
213 1704 -0.9961046467378764 -0.8678989627532051 0.12679928889752606 0.9064666524883362 0.009569020271684181 0.21652353758956872 0.9910110782887357 1.723636572549369
214 1712 -0.9960842849781495 -0.8828388173939699 0.18468444702887746 0.9193853609702481 0.009569020271684181 0.21652353758956872 0.9910110782887357 1.723636572549369
215 1720 -0.9968155956426227 -0.9109009202902176 0.21816549720612624 0.9397664978571563 0.009569020271684181 0.21652353758956872 0.9910110782887357 1.723636572549369
216 1728 -0.9968218190456694 -0.8959335192571942 0.12980259613359202 0.9274833982123949 0.009569020271684181 0.21652353758956872 0.9910110782887357 1.723636572549369
217 1736 -0.9955738143128164 -0.8546849144423314 0.12986372848083388 0.8985760804442972 0.008239692044923141 0.1729571387713344 0.9962660626034571 1.725535241056422
218 1744 -0.9949098905540362 -0.8372775138513116 0.1703649114429509 0.8871493251910468 0.008239692044923141 0.1729571387713344 0.9962660626034571 1.725535241056422
219 1752 -0.9959345475623081 -0.8475440173379778 -0.0003158159239517707 0.8912434229631546 0.008239692044923141 0.1729571387713344 0.9962660626034571 1.725535241056422
220 1760 -0.9963688832718792 -0.8443973623976474 0.010238743583488495 0.8862924617607271 0.008239692044923141 0.1729571387713344 0.9962660626034571 1.725535241056422
221 1768 -0.9962019986914992 -0.8470355345461675 -0.030372243272888885 0.8894366237310756 0.008854528956724157 0.11562556048946925 1.0630397844888828 1.690117967383425
222 1776 -0.9959165967264275 -0.8139080155173224 0.1350142939657442 0.8622298066030066 0.008854528956724157 0.11562556048946925 1.0630397844888828 1.690117967383425
223 1784 -0.9951795075213955 -0.7892259109411204 0.11283719720146389 0.8449449502405982 0.008854528956724157 0.11562556048946925 1.0630397844888828 1.690117967383425
224 1792 -0.9938664557600154 -0.7496181403154821 0.03358289772496947 0.8175977577648876 0.008854528956724157 0.11562556048946925 1.0630397844888828 1.690117967383425
225 1800 -0.9958971232975229 -0.8086940093924676 0.0563144863960608 0.8580134549890703 0.00790591437083649 0.10441627511787223 1.0962254057029004 1.6695282560951104
226 1808 -0.9965319168349261 -0.8081741216811302 0.1888150070039192 0.85385971998849 0.00790591437083649 0.10441627511787223 1.0962254057029004 1.6695282560951104
227 1816 -0.9961123531838042 -0.7941912266953982 0.1732539089927483 0.8440794502408202 0.00790591437083649 0.10441627511787223 1.0962254057029004 1.6695282560951104
228 1824 -0.9964574682678775 -0.760305329506444 0.39033480204413756 0.8115376055496917 0.00790591437083649 0.10441627511787223 1.0962254057029004 1.6695282560951104
229 1832 -0.9971704803722148 -0.8088292509396982 0.39875664661303867 0.8499379056251438 0.006081227689871785 0.11665776364472237 1.0512181472346616 1.6974375958413674
230 1840 -0.9969981142949068 -0.8105554433242432 0.3319209019847231 0.8527286833721248 0.006081227689871785 0.11665776364472237 1.0512181472346616 1.6974375958413674
231 1848 -0.9966186145140153 -0.7947535611822412 0.2736525842441372 0.8411677237726138 0.006081227689871785 0.11665776364472237 1.0512181472346616 1.6974375958413674
232 1856 -0.9957500360338278 -0.753211172499606 0.27440414959216003 0.8099035469882212 0.006081227689871785 0.11665776364472237 1.0512181472346616 1.6974375958413674
233 1864 -0.9950454622977988 -0.7659795891667748 0.18539343918630263 0.8252355905373031 0.006482951828821636 0.11081549450839001 1.1211540822802724 1.6524803845428018
234 1872 -0.9943030689678147 -0.7164014120658942 0.25504319981774903 0.7858377417769803 0.006482951828821636 0.11081549450839001 1.1211540822802724 1.6524803845428018
235 1880 -0.994861077285972 -0.6930993984566892 0.36290070008318065 0.761693761852217 0.006482951828821636 0.11081549450839001 1.1211540822802724 1.6524803845428018
236 1888 -0.9957307396456583 -0.6962001845204085 0.4718566687857801 0.7587840872401403 0.006482951828821636 0.11081549450839001 1.1211540822802724 1.6524803845428018
237 1896 -0.9949068440091091 -0.6988912087530718 0.3418735196911358 0.7668589012475977 0.006651651772016632 0.09157602184908324 1.1362023556210292 1.6433544337215338
238 1904 -0.9951530521095628 -0.700551599493355 0.3763776442217989 0.7667758764160567 0.006651651772016632 0.09157602184908324 1.1362023556210292 1.6433544337215338
239 1912 -0.9947145180231872 -0.7267587619995617 0.24335533178738422 0.7930675473597277 0.006651651772016632 0.09157602184908324 1.1362023556210292 1.6433544337215338
240 1920 -0.9951392021140065 -0.74471164398529 0.25242552358197307 0.806391295581402 0.006651651772016632 0.09157602184908324 1.1362023556210292 1.6433544337215338
241 1928 -0.9938147511013807 -0.6884108130194658 0.25614724292669666 0.7643448771938912 0.004576409640792588 0.08024613577268033 1.1579647328086373 1.628698035775746
242 1936 -0.9943544879613938 -0.689035322657745 0.32258983314737316 0.761703332903231 0.004576409640792588 0.08024613577268033 1.1579647328086373 1.628698035775746
243 1944 -0.9948348176196354 -0.6768531863050894 0.3988478884823233 0.7477359535063611 0.004576409640792588 0.08024613577268033 1.1579647328086373 1.628698035775746
244 1952 -0.9951020034421592 -0.6972033460013698 0.3841208042611439 0.7643710698327295 0.004576409640792588 0.08024613577268033 1.1579647328086373 1.628698035775746
245 1960 -0.9949130918081938 -0.6898236206212507 0.3844914109705556 0.7589474955217475 0.004143576574884941 0.0717422976951118 1.1307136188642648 1.6481269931681455
246 1968 -0.9945036473288318 -0.6644363587978893 0.3869996765438801 0.7387868065896471 0.004143576574884941 0.0717422976951118 1.1307136188642648 1.6481269931681455
247 1976 -0.9936384865778656 -0.6434410917021648 0.3315455691687559 0.7252874559138845 0.004143576574884941 0.0717422976951118 1.1307136188642648 1.6481269931681455
248 1984 -0.9932111495410199 -0.6448234944332139 0.2967278982896662 0.7291277313657208 0.004143576574884941 0.0717422976951118 1.1307136188642648 1.6481269931681455
249 1992 -0.9931816031168659 -0.6372039543191484 0.29125312826192007 0.722471721144827 0.004625506321507177 0.05587455113478462 1.180594897309115 1.613397758667848
250 2000 -0.9882903921961044 -0.625106439537026 0.19750998907446302 0.6390639805703187 0.004625506321507177 0.05587455113478462 1.180594897309115 1.613397758667848
251 2008 -0.9872744690122831 -0.6936879049623896 0.023650195250758704 0.7012682258024946 0.004625506321507177 0.05587455113478462 1.180594897309115 1.613397758667848
252 2016 -0.9861680109855484 -0.7702615394922275 0.01939130481058557 0.7665618137061068 0.004625506321507177 0.05587455113478462 1.180594897309115 1.613397758667848
253 2024 -0.9859338469619768 -0.7767999302547224 0.0355725065903389 0.7713017759046905 0.005100459967536014 0.04306250042645426 1.0938202515815378 1.6738210369078417
254 2032 -0.989395338942152 -0.8157269725157374 0.24449293110348677 0.8446205966072352 0.005100459967536014 0.04306250042645426 1.0938202515815378 1.6738210369078417
255 2040 -0.9902401565743444 -0.7826778013210769 0.18092909022144602 0.8351245367781546 0.005100459967536014 0.04306250042645426 1.0938202515815378 1.6738210369078417
256 2048 -0.9871605565807228 -0.7481592061021247 -0.057117908249511476 0.7332821578265986 0.005100459967536014 0.04306250042645426 1.0938202515815378 1.6738210369078417
257 2056 -0.9859645776676264 -0.7555283206718537 -0.0801503399997267 0.7109696422892696 0.004897975960736663 0.045122888160500266 1.1664828358752686 1.623963585923014
258 2064 -0.9868764036983526 -0.7394418291693226 -0.05962566366383372 0.7139180750182067 0.004897975960736663 0.045122888160500266 1.1664828358752686 1.623963585923014
259 2072 -0.98284468261316 -0.7923941239964565 -0.060914192168117304 0.7011924417035551 0.004897975960736663 0.045122888160500266 1.1664828358752686 1.623963585923014
260 2080 -0.984817736479903 -0.7426999193139657 0.0036982934258482873 0.6641774104898212 0.004897975960736663 0.045122888160500266 1.1664828358752686 1.623963585923014
261 2088 -0.9813578827049061 -0.790652036153924 -0.06448868610961447 0.6594943664874305 0.004343758459954248 0.04198049482040921 1.2046381493262637 1.595952912527456
262 2096 -0.9834899895914535 -0.8254964125665607 0.07314714686223144 0.752522155875577 0.004343758459954248 0.04198049482040921 1.2046381493262637 1.595952912527456
263 2104 -0.9799118172772072 -0.8572268267579672 0.11319090612269199 0.7520091430143633 0.004343758459954248 0.04198049482040921 1.2046381493262637 1.595952912527456
264 2112 -0.9761441306411274 -0.8511253445365499 -0.00028287804027103496 0.6942612382328225 0.004343758459954248 0.04198049482040921 1.2046381493262637 1.595952912527456
265 2120 -0.9843618558404617 -0.8149840492289567 0.09482857667678973 0.7738677263145985 0.004261356842141587 0.04912891916647805 1.0667586519567052 1.691033461707636
266 2128 -0.9856342646592312 -0.8001983436754145 0.07341821196699283 0.771475907401114 0.004261356842141587 0.04912891916647805 1.0667586519567052 1.691033461707636
267 2136 -0.9857394580776462 -0.8085707904366433 0.10645263843886327 0.7836084107884752 0.004261356842141587 0.04912891916647805 1.0667586519567052 1.691033461707636
268 2144 -0.9797457268994783 -0.8330582025208276 0.015104679515619866 0.7162017123467174 0.004261356842141587 0.04912891916647805 1.0667586519567052 1.691033461707636
269 2152 -0.9730538674898532 -0.8544410915983248 -0.064320929558255 0.6521113595336718 0.0044731737631869715 0.04348076919742392 1.1864642155838567 1.6094695022166365
270 2160 -0.9690840137374075 -0.8656790694236621 -0.10906033860971584 0.6136898675690962 0.0044731737631869715 0.04348076919742392 1.1864642155838567 1.6094695022166365
271 2168 -0.966481598964287 -0.8672410280668283 -0.06951754838183197 0.5541226327327141 0.0044731737631869715 0.04348076919742392 1.1864642155838567 1.6094695022166365
272 2176 -0.9593337008224989 -0.8955160375068874 -0.13497869610761443 0.5717371057342757 0.0044731737631869715 0.04348076919742392 1.1864642155838567 1.6094695022166365
273 2184 -0.9786593732141016 -0.8698775843603817 0.14459622292449206 0.7606330244927058 0.0035128068748262195 0.03869404490645997 1.0486497576377105 1.7025933504166542
274 2192 -0.9819673730040346 -0.8832471220244575 0.26495495098683 0.8091907839098081 0.0035128068748262195 0.03869404490645997 1.0486497576377105 1.7025933504166542
275 2200 -0.9775690765584264 -0.8823980417175677 0.16059051022459375 0.7580174205075543 0.0035128068748262195 0.03869404490645997 1.0486497576377105 1.7025933504166542
276 2208 -0.9818482618277635 -0.8584790904062247 0.1449653867361469 0.7646978848310346 0.0035128068748262195 0.03869404490645997 1.0486497576377105 1.7025933504166542
277 2216 -0.9808506541861371 -0.8789374523847064 0.1870555152608981 0.7683780727874225 0.003993547521904806 0.04497321472801149 1.0247818346920679 1.7169110788915014
278 2224 -0.9837869149796475 -0.8472243022019857 0.13088763533549563 0.7619774048367371 0.003993547521904806 0.04497321472801149 1.0247818346920679 1.7169110788915014
279 2232 -0.9871232929268812 -0.8341922077151221 0.17753414253293645 0.7947803560280297 0.003993547521904806 0.04497321472801149 1.0247818346920679 1.7169110788915014
280 2240 -0.9838299587340613 -0.8424205548224705 0.10947827093908556 0.7538507518975234 0.003993547521904806 0.04497321472801149 1.0247818346920679 1.7169110788915014
281 2248 -0.9865195741029376 -0.8020569700928912 0.06315422613112309 0.7596301267658063 0.004735509791498755 0.04814874989545438 1.087353899838068 1.677891763296269
282 2256 -0.9874475584731432 -0.8201569186911373 0.15644550967695228 0.7954781119909995 0.004735509791498755 0.04814874989545438 1.087353899838068 1.677891763296269
283 2264 -0.9890037040196873 -0.8185836579890898 0.19336133739798106 0.8140114681850832 0.004735509791498755 0.04814874989545438 1.087353899838068 1.677891763296269
284 2272 -0.9877220122991952 -0.8364362624015107 0.21473642592797354 0.812697906238495 0.004735509791498755 0.04814874989545438 1.087353899838068 1.677891763296269
285 2280 -0.988295191651623 -0.8175079018555071 0.1808348630742152 0.8096998859635773 0.003968395038285529 0.04766712274019375 1.011717866073514 1.7245692380180464
286 2288 -0.9898938622809456 -0.8435626506380619 0.30434177062763285 0.848866604806291 0.003968395038285529 0.04766712274019375 1.011717866073514 1.7245692380180464
287 2296 -0.9907524272676832 -0.8313654950093552 0.2951082261531031 0.8517505754137427 0.003968395038285529 0.04766712274019375 1.011717866073514 1.7245692380180464
288 2304 -0.9907006282032328 -0.7237810126035239 -0.0026212755848655247 0.7775950657022446 0.003968395038285529 0.04766712274019375 1.011717866073514 1.7245692380180464
289 2312 -0.9900669511042799 -0.7769273430608531 0.1169071218465633 0.8040370335044146 0.003721390734949315 0.05000893115759575 1.0450610923676262 1.7045036143331753
290 2320 -0.9884908553281709 -0.7637654893727444 0.028254903151176083 0.766999286551981 0.003721390734949315 0.05000893115759575 1.0450610923676262 1.7045036143331753
291 2328 -0.9905494439364283 -0.7123562348607918 -0.044293129798988834 0.7613702932905568 0.003721390734949315 0.05000893115759575 1.0450610923676262 1.7045036143331753
292 2336 -0.9915213945704334 -0.715093570670851 0.014894022239898434 0.7915609475792619 0.003721390734949315 0.05000893115759575 1.0450610923676262 1.7045036143331753
293 2344 -0.992170126879137 -0.6915397877948056 -0.05453011153895175 0.7761916172873538 0.0032968999294754617 0.05699444686638391 1.1284958859582523 1.6502235602646538
294 2352 -0.99231596119542 -0.7046186428804376 -0.050796221952858614 0.7868610969350627 0.0032968999294754617 0.05699444686638391 1.1284958859582523 1.6502235602646538
295 2360 -0.992542979405245 -0.6886216211893004 0.004918762665089594 0.7717377008728296 0.0032968999294754617 0.05699444686638391 1.1284958859582523 1.6502235602646538
296 2368 -0.9937605846842711 -0.7060527590690605 0.07412848555906348 0.7804944669975712 0.0032968999294754617 0.05699444686638391 1.1284958859582523 1.6502235602646538
297 2376 -0.9941919519702572 -0.7652188565062388 -0.03252588942540472 0.8299368312970852 0.0029704011054492658 0.05059312736238284 1.091228195550658 1.6753066995079497
298 2384 -0.9944148910517657 -0.768387797965265 -0.03906374296596362 0.8315325892264842 0.0029704011054492658 0.05059312736238284 1.091228195550658 1.6753066995079497
299 2392 -0.995386361654735 -0.8060640702815868 -0.0027718020779435183 0.8590421599213465 0.0029704011054492658 0.05059312736238284 1.091228195550658 1.6753066995079497
300 2400 -0.9953558600274702 -0.8333660081484061 0.16378948504073612 0.8826117338757551 0.0029704011054492658 0.05059312736238284 1.091228195550658 1.6753066995079497
301 2408 -0.9921950266274462 -0.8415345316971463 0.3665427325877137 0.8759194061256287 0.002807563984687286 0.038098279648249585 0.8843412352635545 1.793455106291999
302 2416 -0.9914048724364722 -0.8216321365446179 0.28965832444501793 0.8563895759133536 0.002807563984687286 0.038098279648249585 0.8843412352635545 1.793455106291999
303 2424 -0.9874563704467304 -0.8689094943047528 0.3200394381817526 0.8404517435052229 0.002807563984687286 0.038098279648249585 0.8843412352635545 1.793455106291999
304 2432 -0.9873322874857011 -0.891342119370235 0.3926300091414244 0.8567187563247638 0.002807563984687286 0.038098279648249585 0.8843412352635545 1.793455106291999
305 2440 -0.9881932008846475 -0.872265760034629 0.3534421620240766 0.8532599727507542 0.004217275134838303 0.03817509993469932 0.8990428765702726 1.7861261944285072
306 2448 -0.9894725709229174 -0.8726119908929171 0.3886240045770311 0.8676906391031046 0.004217275134838303 0.03817509993469932 0.8990428765702726 1.7861261944285072
307 2456 -0.9899762385465922 -0.8590289634937486 0.3581746831077598 0.8629979134164381 0.004217275134838303 0.03817509993469932 0.8990428765702726 1.7861261944285072
308 2464 -0.9914813577830057 -0.8206841678649958 0.30059901826711566 0.8624701838987027 0.004217275134838303 0.03817509993469932 0.8990428765702726 1.7861261944285072
309 2472 -0.9917372837948633 -0.8514355579674814 0.3933594588929165 0.8824217042352789 0.004941168958596032 0.03877577330540333 0.8646131048900844 1.8030297288470367
310 2480 -0.9922153275150052 -0.902328668270802 0.5455732324294764 0.9098966506479478 0.004941168958596032 0.03877577330540333 0.8646131048900844 1.8030297288470367
311 2488 -0.9875014948938592 -0.8971525703378453 0.42842041323569974 0.8694276111189623 0.004941168958596032 0.03877577330540333 0.8646131048900844 1.8030297288470367
312 2496 -0.9871051592465132 -0.8862819516118577 0.379269200092132 0.8560469649629585 0.004941168958596032 0.03877577330540333 0.8646131048900844 1.8030297288470367
313 2504 -0.9869835681900436 -0.8942960097285163 0.3973391446373779 0.857835132010717 0.0032191540920713862 0.03297635213867122 0.8698278359674471 1.8006392567704241
314 2512 -0.9904687460508068 -0.8858137641590512 0.45279600945754384 0.8852153311372919 0.0032191540920713862 0.03297635213867122 0.8698278359674471 1.8006392567704241
315 2520 -0.9920422459142809 -0.8879395480610116 0.49947359353827353 0.9012599221204368 0.0032191540920713862 0.03297635213867122 0.8698278359674471 1.8006392567704241
316 2528 -0.9905957354950247 -0.8805918631164676 0.4431075483184062 0.8846242091663385 0.0032191540920713862 0.03297635213867122 0.8698278359674471 1.8006392567704241
317 2536 -0.9900684760626975 -0.887716823996207 0.4511616096816378 0.8831929259831524 0.0027477305422698474 0.041945166138972624 0.8255640705327868 1.8211746260201898
318 2544 -0.9912453165707859 -0.870244356908913 0.428579934764891 0.8844737068419394 0.0027477305422698474 0.041945166138972624 0.8255640705327868 1.8211746260201898
319 2552 -0.991654523449968 -0.8361063439230655 0.35036663466931867 0.8739891947359191 0.0027477305422698474 0.041945166138972624 0.8255640705327868 1.8211746260201898
320 2560 -0.9940971223881404 -0.847802089838739 0.4053523455260858 0.9002872738899501 0.0027477305422698474 0.041945166138972624 0.8255640705327868 1.8211746260201898
321 2568 -0.992086097537005 -0.8227016487081062 0.32563960818284504 0.8708430742492231 0.002758040648240693 0.047055288213713846 0.9105632714406346 1.7800709878446521
322 2576 -0.9914586184894065 -0.8319253644880301 0.332019916553568 0.8686295677664935 0.002758040648240693 0.047055288213713846 0.9105632714406346 1.7800709878446521
323 2584 -0.9891445209934988 -0.8159203304524387 0.2134381369914751 0.8264290011089962 0.002758040648240693 0.047055288213713846 0.9105632714406346 1.7800709878446521
324 2592 -0.9886464796888158 -0.8152121473605178 0.18433586989351367 0.8131204399703745 0.002758040648240693 0.047055288213713846 0.9105632714406346 1.7800709878446521
325 2600 -0.9854749160193582 -0.8318207430725892 0.1347866433428078 0.7772896406186625 0.003233159633547168 0.04190860336231771 1.0473453916589792 1.7033205353701644
326 2608 -0.9881698104792174 -0.8365311861174006 0.21911766681879596 0.8141535889180791 0.003233159633547168 0.04190860336231771 1.0473453916589792 1.7033205353701644
327 2616 -0.9896945929159608 -0.7985099480479425 0.15326137035178886 0.8073387813132986 0.003233159633547168 0.04190860336231771 1.0473453916589792 1.7033205353701644
328 2624 -0.9879169599333961 -0.8273304584971317 0.1913075931825225 0.8072814424627889 0.003233159633547168 0.04190860336231771 1.0473453916589792 1.7033205353701644
329 2632 -0.9850166850832042 -0.809938640321825 0.048860687737161554 0.7466165866132753 0.003832268233809442 0.05346197215936244 1.0989260661276021 1.670176227958693
330 2640 -0.9859184971262961 -0.8283201474538209 0.14501811915807403 0.7853446789329541 0.003832268233809442 0.05346197215936244 1.0989260661276021 1.670176227958693
331 2648 -0.9844324019521755 -0.8708251569421265 0.2592158089565877 0.8128190619776623 0.003832268233809442 0.05346197215936244 1.0989260661276021 1.670176227958693
332 2656 -0.9883440442015092 -0.9151662780574782 0.4980120619186585 0.8848892521184332 0.003832268233809442 0.05346197215936244 1.0989260661276021 1.670176227958693
333 2664 -0.9921587814173853 -0.9291565490510701 0.618051856048244 0.9199309942155862 0.0023327181451407854 0.025891070225461835 0.6880728848747633 1.8777326529644092
334 2672 -0.9927215425226923 -0.9353789412063593 0.6486521786948436 0.9268404243230318 0.0023327181451407854 0.025891070225461835 0.6880728848747633 1.8777326529644092
335 2680 -0.9938068442439465 -0.9214937807453011 0.6274023329157626 0.9269938717580596 0.0023327181451407854 0.025891070225461835 0.6880728848747633 1.8777326529644092
336 2688 -0.9934531556485626 -0.9129217807525805 0.5959389030660933 0.9213430542753395 0.0023327181451407854 0.025891070225461835 0.6880728848747633 1.8777326529644092
337 2696 -0.9945877414781711 -0.9224267142476793 0.654457017747085 0.9362579818270308 0.0027403488010321673 0.024729647711958822 0.6521792108929054 1.8905140073248858
338 2704 -0.9951534647838096 -0.9313756702760203 0.697042678525319 0.9457499503532749 0.0027403488010321673 0.024729647711958822 0.6521792108929054 1.8905140073248858
339 2712 -0.9970593593523814 -0.9473534153963897 0.7881085759903181 0.9654814536418317 0.0027403488010321673 0.024729647711958822 0.6521792108929054 1.8905140073248858
340 2720 -0.9967279375546461 -0.9559445276376827 0.8044774533397289 0.9663624909980205 0.0027403488010321673 0.024729647711958822 0.6521792108929054 1.8905140073248858
341 2728 -0.9964662616609401 -0.9570011592767493 0.8009216402614603 0.9648383919624132 0.002275304269205417 0.02230515046720765 0.4935847601844053 1.9380070659744306
342 2736 -0.9965038334185914 -0.9641697818880863 0.8227738015882969 0.9676330352426833 0.002275304269205417 0.02230515046720765 0.4935847601844053 1.9380070659744306
343 2744 -0.9958697430499036 -0.9649029043949375 0.8130867212138313 0.9644637807461541 0.002275304269205417 0.02230515046720765 0.4935847601844053 1.9380070659744306
344 2752 -0.9952249722586132 -0.9663915825997337 0.8061992938964959 0.9616558334834151 0.002275304269205417 0.02230515046720765 0.4935847601844053 1.9380070659744306
345 2760 -0.9958886550248042 -0.970220454895396 0.8301362933723294 0.9668062590458054 0.0028727233077993114 0.020327902275458963 0.4562310023001425 1.947159930871135
346 2768 -0.9970667359815611 -0.9817602204669215 0.8889093870050182 0.9779902114564348 0.0028727233077993114 0.020327902275458963 0.4562310023001425 1.947159930871135
347 2776 -0.9976215863590945 -0.9857350620485819 0.9121180046074536 0.9825891779777903 0.0028727233077993114 0.020327902275458963 0.4562310023001425 1.947159930871135
348 2784 -0.9976172615326347 -0.9870899809419735 0.9175029778261176 0.9834745425453093 0.0028727233077993114 0.020327902275458963 0.4562310023001425 1.947159930871135
349 2792 -0.997474852139293 -0.9876880352032391 0.9175603236887221 0.9832429410125129 0.002111399886194047 0.017803645663093445 0.31751280451921976 1.9745541752907065
350 2800 -0.9979046683946714 -0.9873782920930786 0.9225712273734817 0.9848530663363383 0.002111399886194047 0.017803645663093445 0.31751280451921976 1.9745541752907065
351 2808 -0.9977763407059613 -0.9850213273083631 0.9126515327858088 0.9832602001747917 0.002111399886194047 0.017803645663093445 0.31751280451921976 1.9745541752907065
352 2816 -0.99817343803474 -0.9851990379703035 0.9201544553838313 0.9852643362718548 0.002111399886194047 0.017803645663093445 0.31751280451921976 1.9745541752907065
353 2824 -0.9983043483660011 -0.9851994492745336 0.9221424640560767 0.9858761393994709 0.0020972952669419264 0.013770056747008283 0.3081930591271612 1.9760625053868084
354 2832 -0.9983648143976458 -0.9856630498948907 0.9242671828314124 0.9862008402764704 0.0020972952669419264 0.013770056747008283 0.3081930591271612 1.9760625053868084
355 2840 -0.9983248498229629 -0.985514248968239 0.9238106371269137 0.9862459247568677 0.0020972952669419264 0.013770056747008283 0.3081930591271612 1.9760625053868084
356 2848 -0.9982608803725831 -0.9848667373265065 0.9220449535354305 0.9862294882823024 0.0020972952669419264 0.013770056747008283 0.3081930591271612 1.9760625053868084
357 2856 -0.9977838051805045 -0.9828608743320536 0.9085157940300906 0.9836301837171666 0.002415855301989997 0.016772271355436977 0.3332218860337033 1.9719726238527961
358 2864 -0.9979213691531701 -0.9851167463769342 0.9179708438451317 0.9850606515800581 0.002415855301989997 0.016772271355436977 0.3332218860337033 1.9719726238527961
359 2872 -0.9979766213736592 -0.9832257292086762 0.912975344045886 0.9845961817127925 0.002415855301989997 0.016772271355436977 0.3332218860337033 1.9719726238527961
360 2880 -0.9983441374302277 -0.9854822003644901 0.9258646361653161 0.9869575302783218 0.002415855301989997 0.016772271355436977 0.3332218860337033 1.9719726238527961
361 2888 -0.9984466362253201 -0.9867899394607672 0.9320838684539647 0.9880685104711074 0.0019427229798136324 0.016900493947151242 0.28708790183995425 1.9792147775693523
362 2896 -0.9984085334305863 -0.9886235670833137 0.9366241163585497 0.9882602994391912 0.0019427229798136324 0.016900493947151242 0.28708790183995425 1.9792147775693523
363 2904 -0.9981419520298439 -0.9873147230176608 0.928748631181733 0.9868698958083876 0.0019427229798136324 0.016900493947151242 0.28708790183995425 1.9792147775693523
364 2912 -0.9975804639191537 -0.9889636141813511 0.9252461596130017 0.9850053265163193 0.0019427229798136324 0.016900493947151242 0.28708790183995425 1.9792147775693523
365 2920 -0.9977145273985902 -0.9903511435467253 0.9320350269979606 0.9860701981816186 0.002060016979887779 0.018057778920631786 0.2880216914208873 1.9790687654100214
366 2928 -0.9979661178304752 -0.9925913438621681 0.9440769273012308 0.9882727096785228 0.002060016979887779 0.018057778920631786 0.2880216914208873 1.9790687654100214
367 2936 -0.9983545551494839 -0.9938994472093895 0.9542788625165138 0.9904015495083089 0.002060016979887779 0.018057778920631786 0.2880216914208873 1.9790687654100214
368 2944 -0.9982488859352888 -0.9936105315779132 0.9518826703862057 0.9900060029932924 0.002060016979887779 0.018057778920631786 0.2880216914208873 1.9790687654100214
369 2952 -0.998191331672143 -0.9928026273194333 0.9480903888562808 0.9892956915540504 0.00242219745288915 0.016912475431850326 0.25172619109363426 1.9840216797837058
370 2960 -0.9985599429186756 -0.9939706950025866 0.956804436202723 0.9909527418598281 0.00242219745288915 0.016912475431850326 0.25172619109363426 1.9840216797837058
371 2968 -0.9982859873811082 -0.9933157783203302 0.9501199730206951 0.9894382800634943 0.00242219745288915 0.016912475431850326 0.25172619109363426 1.9840216797837058
372 2976 -0.998084271179381 -0.9918075846163463 0.9414367330976564 0.9878352436727734 0.00242219745288915 0.016912475431850326 0.25172619109363426 1.9840216797837058
373 2984 -0.9977221750391061 -0.9895608888388416 0.9284955800747416 0.985290870732912 0.002450115888468899 0.019609509832650984 0.2957481293286101 1.9779136755821485
374 2992 -0.9982308345961692 -0.9910099659498218 0.9413436202852881 0.9882577761271691 0.002450115888468899 0.019609509832650984 0.2957481293286101 1.9779136755821485
375 3000 -0.9980010075550412 -0.9889851575622901 0.9310092632084338 0.9864936436613165 0.002450115888468899 0.019609509832650984 0.2957481293286101 1.9779136755821485
376 3008 -0.997820610845807 -0.987879200120106 0.9238237944994514 0.9850480162960117 0.002450115888468899 0.019609509832650984 0.2957481293286101 1.9779136755821485
377 3016 -0.9981975253801987 -0.9879844565104587 0.9304904893288701 0.9868920675177518 0.0023258041239691035 0.016117757517769376 0.2909480902121256 1.978657124751454
378 3024 -0.9975211788610125 -0.9865416023184385 0.9148834258361944 0.9832597443072572 0.0023258041239691035 0.016117757517769376 0.2909480902121256 1.978657124751454
379 3032 -0.9976812155349409 -0.9848748710574305 0.9113103420904476 0.9830919109132042 0.0023258041239691035 0.016117757517769376 0.2909480902121256 1.978657124751454
380 3040 -0.9976837492146717 -0.9832155737754408 0.9055113279452274 0.9822543973281201 0.0023258041239691035 0.016117757517769376 0.2909480902121256 1.978657124751454
381 3048 -0.9981570788971663 -0.9880081360765336 0.9292692382356522 0.9864490664816544 0.0020169152962358876 0.015942457958063802 0.2937362859317941 1.9782468916730132
382 3056 -0.9981889568578608 -0.9891945131620391 0.9342475218617158 0.9872714424467679 0.0020169152962358876 0.015942457958063802 0.2937362859317941 1.9782468916730132
383 3064 -0.998340346744587 -0.9915198384706392 0.9443940167838415 0.988896333042016 0.0020169152962358876 0.015942457958063802 0.2937362859317941 1.9782468916730132
384 3072 -0.9986163387975043 -0.9908059045510788 0.9472398293375661 0.9902527182230213 0.0020169152962358876 0.015942457958063802 0.2937362859317941 1.9782468916730132
385 3080 -0.9983954971558924 -0.9895426395326239 0.9394162350821678 0.9888143354684982 0.0019162988969352323 0.011406964189650794 0.27124553183113076 1.9814873379429303
386 3088 -0.9981739318473328 -0.9882259950159619 0.9311681638721943 0.9871760355105356 0.0019162988969352323 0.011406964189650794 0.27124553183113076 1.9814873379429303
387 3096 -0.998582577400022 -0.989484324021019 0.9422644132527254 0.9896571708401749 0.0019162988969352323 0.011406964189650794 0.27124553183113076 1.9814873379429303
388 3104 -0.9988100546977736 -0.9926742558256254 0.95711628296381 0.992230504535905 0.0019162988969352323 0.011406964189650794 0.27124553183113076 1.9814873379429303
389 3112 -0.998959439229012 -0.99290089966707 0.9601944901014259 0.9929276422322717 0.0015347820497132558 0.007950398837403859 0.21947433124513968 1.9879047898546058
390 3120 -0.9986746383030937 -0.9893453433717625 0.9439489415375595 0.990285430445869 0.0015347820497132558 0.007950398837403859 0.21947433124513968 1.9879047898546058
391 3128 -0.9989738296405155 -0.9907756628256956 0.9536389069577109 0.9921806350927567 0.0015347820497132558 0.007950398837403859 0.21947433124513968 1.9879047898546058
392 3136 -0.9992866260641339 -0.9921027023000843 0.9634385991086793 0.9941488863145748 0.0015347820497132558 0.007950398837403859 0.21947433124513968 1.9879047898546058
393 3144 -0.9992516370283003 -0.9915019451409769 0.9610061134029956 0.9937836520938533 0.001307439324232987 0.006662900512068489 0.2173616100536347 1.9881418024965096
394 3152 -0.999222430483316 -0.9918612700570438 0.961422647548634 0.993730286802715 0.001307439324232987 0.006662900512068489 0.2173616100536347 1.9881418024965096
395 3160 -0.9992645562569644 -0.9925849603223657 0.9644255330975094 0.9941976050095895 0.001307439324232987 0.006662900512068489 0.2173616100536347 1.9881418024965096
396 3168 -0.9991659085748076 -0.991429499087905 0.9592481353410947 0.9933943067650184 0.001307439324232987 0.006662900512068489 0.2173616100536347 1.9881418024965096
397 3176 -0.999027820589475 -0.9895874591938073 0.951661275116333 0.9923153022151295 0.0011450919577053462 0.006071467566122781 0.24176017835175817 1.9853246188493534
398 3184 -0.9987425504447529 -0.9852563071845636 0.9339773617430122 0.9896901707153379 0.0011450919577053462 0.006071467566122781 0.24176017835175817 1.9853246188493534
399 3192 -0.9987003823144761 -0.9833884124905568 0.9277608595974048 0.9888570009409492 0.0011450919577053462 0.006071467566122781 0.24176017835175817 1.9853246188493534
400 3200 -0.9988477639708067 -0.985387199010427 0.9363090109218012 0.9902006865343038 0.0011450919577053462 0.006071467566122781 0.24176017835175817 1.9853246188493534
401 3208 -0.9990375181752893 -0.9861602914173613 0.9421178734629775 0.9912865709959424 0.0009629660200738995 0.00841288426508405 0.26493388094778997 1.9823567627449725
402 3216 -0.9992234969742865 -0.988130741564129 0.9515047866555727 0.9928450418953549 0.0009629660200738995 0.00841288426508405 0.26493388094778997 1.9823567627449725
403 3224 -0.999154780164268 -0.9862566537787699 0.9452081980302364 0.9920653032192728 0.0009629660200738995 0.00841288426508405 0.26493388094778997 1.9823567627449725
404 3232 -0.9984498860041217 -0.9814866756748066 0.9171024086637702 0.9868631307243018 0.0009629660200738995 0.00841288426508405 0.26493388094778997 1.9823567627449725
405 3240 -0.9973932573614075 -0.9767188536328433 0.8831789344180532 0.9800099125504785 0.001029315586903025 0.00884314851479397 0.37628005745978454 1.964264253503543
406 3248 -0.9971246555879506 -0.9737002795101675 0.8690991390435208 0.9775684127039881 0.001029315586903025 0.00884314851479397 0.37628005745978454 1.964264253503543
407 3256 -0.9964822867694876 -0.9700935656613745 0.8462006402552661 0.9729058011369225 0.001029315586903025 0.00884314851479397 0.37628005745978454 1.964264253503543
408 3264 -0.996488555860613 -0.9724056949159198 0.8535931225631332 0.9738779322597692 0.001029315586903025 0.00884314851479397 0.37628005745978454 1.964264253503543
409 3272 -0.9953396309675623 -0.9535083681391991 0.7757093785300049 0.9608588260732616 0.0009080393340184424 0.009996786015493463 0.5223007648068465 1.9305701621065503
410 3280 -0.9948371632856963 -0.9590414805359854 0.7832915118045328 0.9603750775383016 0.0009080393340184424 0.009996786015493463 0.5223007648068465 1.9305701621065503
411 3288 -0.993752716180537 -0.9553277304413424 0.7514073364732154 0.9525604930792158 0.0009080393340184424 0.009996786015493463 0.5223007648068465 1.9305701621065503
412 3296 -0.9940204826659776 -0.9543046446664574 0.7524593676483872 0.9532963810701721 0.0009080393340184424 0.009996786015493463 0.5223007648068465 1.9305701621065503
413 3304 -0.9932883647665623 -0.9576825619413974 0.7513023235812316 0.9512342334557465 0.001030391949845839 0.012491807513248203 0.551267667441891 1.92248455178986
414 3312 -0.9950386613439341 -0.9669483429614885 0.8109992793693542 0.9642552155941512 0.001030391949845839 0.012491807513248203 0.551267667441891 1.92248455178986
415 3320 -0.9951198508953935 -0.9689872883398191 0.8197450551463498 0.9658895048049874 0.001030391949845839 0.012491807513248203 0.551267667441891 1.92248455178986
416 3328 -0.9962760598170783 -0.9800321953136052 0.8758048165698487 0.976374315503045 0.001030391949845839 0.012491807513248203 0.551267667441891 1.92248455178986
417 3336 -0.9973808289648439 -0.9866390470149589 0.9155145127379652 0.9840890079509048 0.0008832137717216787 0.009109094850358665 0.3199027231444528 1.9742285815095486
418 3344 -0.9974242163031817 -0.9865050476717367 0.9156901118277572 0.9842114119864176 0.0008832137717216787 0.009109094850358665 0.3199027231444528 1.9742285815095486
419 3352 -0.9975601793208542 -0.9865787746576873 0.9176353058243552 0.9846663499529038 0.0008832137717216787 0.009109094850358665 0.3199027231444528 1.9742285815095486
420 3360 -0.9966429740816107 -0.983863196175929 0.8946663876344141 0.9796979711944346 0.0008832137717216787 0.009109094850358665 0.3199027231444528 1.9742285815095486
421 3368 -0.9965510432140224 -0.9852569509246776 0.8992360756729858 0.9803787812277917 0.0011463349703048332 0.009346330382245884 0.3495782068629594 1.9691892771673831
422 3376 -0.9959322214662869 -0.9820555695669435 0.8787657441295567 0.9762960667745924 0.0011463349703048332 0.009346330382245884 0.3495782068629594 1.9691892771673831
423 3384 -0.9956159712925479 -0.9776895213182522 0.8581752353236618 0.9726158449962424 0.0011463349703048332 0.009346330382245884 0.3495782068629594 1.9691892771673831
424 3392 -0.9950844346421328 -0.9728934844369909 0.8321853187422467 0.9674431932774742 0.0011463349703048332 0.009346330382245884 0.3495782068629594 1.9691892771673831
425 3400 -0.9953724536578622 -0.9726439197976922 0.835205478264176 0.968383290052712 0.0015431065105295618 0.00946233794298152 0.4479488030233198 1.9491664764336896
426 3408 -0.9953510276209564 -0.9726680138002578 0.8353787419744503 0.9684775832824788 0.0015431065105295618 0.00946233794298152 0.4479488030233198 1.9491664764336896
427 3416 -0.9947926684227634 -0.9719602465630989 0.8245261965103147 0.9657509430790329 0.0015431065105295618 0.00946233794298152 0.4479488030233198 1.9491664764336896
428 3424 -0.9947048157375509 -0.9726834310148805 0.8258169508397134 0.965798862380447 0.0015431065105295618 0.00946233794298152 0.4479488030233198 1.9491664764336896
429 3432 -0.9952621356765105 -0.9759499271951413 0.846026859213268 0.9699959689173385 0.0015987862724434617 0.00817436084225292 0.4328214843951128 1.9525870496224453
430 3440 -0.9944085254379067 -0.9778049298675502 0.8418776935733082 0.9680180929444822 0.0015987862724434617 0.00817436084225292 0.4328214843951128 1.9525870496224453
431 3448 -0.9930264470608314 -0.9753942072879948 0.8158638390109758 0.962016326393806 0.0015987862724434617 0.00817436084225292 0.4328214843951128 1.9525870496224453
432 3456 -0.9939033102690821 -0.9731478206309015 0.817803668813197 0.9635495843358574 0.0015987862724434617 0.00817436084225292 0.4328214843951128 1.9525870496224453
433 3464 -0.9927175609289528 -0.9702770504698411 0.7907124531586012 0.9570952925155263 0.0018225560234897006 0.007902402878033683 0.5054512773468047 1.9350589749531613
434 3472 -0.9906460538273894 -0.9648370105101289 0.7427220205860369 0.9456535696832217 0.0018225560234897006 0.007902402878033683 0.5054512773468047 1.9350589749531613
435 3480 -0.9895927759001583 -0.9681921574467994 0.7448628325442856 0.9449169301460654 0.0018225560234897006 0.007902402878033683 0.5054512773468047 1.9350589749531613
436 3488 -0.9882669859265955 -0.9648388267512431 0.714059640774138 0.9371444293165161 0.0018225560234897006 0.007902402878033683 0.5054512773468047 1.9350589749531613
437 3496 -0.9916847801772016 -0.9675967670331989 0.7662615287171158 0.9511957400785774 0.0017934861593174333 0.006415388955407777 0.5347038741134057 1.9271863929573758
438 3504 -0.9935415828619577 -0.9698011472957293 0.8002506714715167 0.9601644918523623 0.0017934861593174333 0.006415388955407777 0.5347038741134057 1.9271863929573758
439 3512 -0.9951565491018397 -0.9803843553698293 0.8620905779466574 0.9725597402863886 0.0017934861593174333 0.006415388955407777 0.5347038741134057 1.9271863929573758
440 3520 -0.9941363611025295 -0.9828324623435096 0.8604546137193472 0.9711038061947765 0.0017934861593174333 0.006415388955407777 0.5347038741134057 1.9271863929573758
441 3528 -0.9936448302777351 -0.9776752448099965 0.8326909360147497 0.9657140660740393 0.0021033879102546962 0.006256138174486063 0.4514060689278722 1.948381122221606
442 3536 -0.9948265253506102 -0.9850063361804955 0.878229835267588 0.9750600794761624 0.0021033879102546962 0.006256138174486063 0.4514060689278722 1.948381122221606
443 3544 -0.9940345595598656 -0.9851023651432945 0.870567359541128 0.9730592862838784 0.0021033879102546962 0.006256138174486063 0.4514060689278722 1.948381122221606
444 3552 -0.9941859252425017 -0.9881730263027724 0.8877110951790931 0.9765713626691191 0.0021033879102546962 0.006256138174486063 0.4514060689278722 1.948381122221606
445 3560 -0.9944047854990383 -0.9907060970369072 0.9028133337802661 0.9795474850667745 0.0022524191141755695 0.005943546014855551 0.3432893980569116 1.9703075876752412
446 3568 -0.9919247746543748 -0.9893452398836162 0.8752895953858048 0.9732579373419905 0.0022524191141755695 0.005943546014855551 0.3432893980569116 1.9703075876752412
447 3576 -0.9940219526310573 -0.9925371131586219 0.9107001211708702 0.9811471085789129 0.0022524191141755695 0.005943546014855551 0.3432893980569116 1.9703075876752412
448 3584 -0.994822523671126 -0.9939073552141445 0.9251247940251629 0.9843022255655569 0.0022524191141755695 0.005943546014855551 0.3432893980569116 1.9703075876752412
449 3592 -0.9939319494519339 -0.9938665147976017 0.918448909633158 0.9827779718160098 0.002043290399405596 0.004423718570324889 0.3142705237092961 1.9751481700383495
450 3600 -0.9949952568026386 -0.9937924021182688 0.9254882621659261 0.9843530737616538 0.002043290399405596 0.004423718570324889 0.3142705237092961 1.9751481700383495
451 3608 -0.9948618517228247 -0.9925113246411524 0.916845887958596 0.9825672946412373 0.002043290399405596 0.004423718570324889 0.3142705237092961 1.9751481700383495
452 3616 -0.9938739892632618 -0.9916636629192596 0.9041548265355317 0.979738640832847 0.002043290399405596 0.004423718570324889 0.3142705237092961 1.9751481700383495
453 3624 -0.9931380917655099 -0.9886944112602609 0.8814742624138396 0.9749477560410849 0.002228788311960036 0.004546920161875461 0.37924900598566436 1.9637068389855414
454 3632 -0.9923926432595147 -0.9876722806423619 0.8702533520561648 0.9725821797403806 0.002228788311960036 0.004546920161875461 0.37924900598566436 1.9637068389855414
455 3640 -0.9915993723221729 -0.9874567269419912 0.862276586845755 0.9706206238387189 0.002228788311960036 0.004546920161875461 0.37924900598566436 1.9637068389855414
456 3648 -0.9916106635281191 -0.9884191758659513 0.8681029837541331 0.9718853390736146 0.002228788311960036 0.004546920161875461 0.37924900598566436 1.9637068389855414
457 3656 -0.9940382147633933 -0.9910418082340415 0.9020155517460391 0.9793779947535578 0.0023030111992784364 0.004691331093117356 0.3445914241227627 1.9700836119243865
458 3664 -0.9946104114129684 -0.9918158216761652 0.911291217172931 0.9814887526489678 0.0023030111992784364 0.004691331093117356 0.3445914241227627 1.9700836119243865
459 3672 -0.9947315442955051 -0.9932216146306974 0.921166383190722 0.9837165982026268 0.0023030111992784364 0.004691331093117356 0.3445914241227627 1.9700836119243865
460 3680 -0.9934258794982549 -0.9930571279918219 0.9109752423151607 0.9814919792168966 0.0023030111992784364 0.004691331093117356 0.3445914241227627 1.9700836119243865
461 3688 -0.9937965811211554 -0.9919395947048325 0.9064258089204273 0.9805233252257413 0.001932541629682901 0.0032251977064043074 0.3363100684419214 1.9715175376463672
462 3696 -0.9935254874458465 -0.9917552689946542 0.90302170627405 0.9797070119476159 0.001932541629682901 0.0032251977064043074 0.3363100684419214 1.9715175376463672
463 3704 -0.9929895581345678 -0.9915624728952876 0.8980722657169645 0.9786416334798503 0.001932541629682901 0.0032251977064043074 0.3363100684419214 1.9715175376463672
464 3712 -0.9947547074897388 -0.9922747297700603 0.9156844349360205 0.9825960051835441 0.001932541629682901 0.0032251977064043074 0.3363100684419214 1.9715175376463672
465 3720 -0.9941817871696204 -0.9914227941904177 0.9064669367372206 0.9806475216641368 0.0013966358401356373 0.0028902292539731006 0.3361692250339871 1.9715425301330012
466 3728 -0.9934899787902488 -0.9908577394578326 0.897975623169995 0.978802979355577 0.0013966358401356373 0.0028902292539731006 0.3361692250339871 1.9715425301330012
467 3736 -0.9944741624360784 -0.9916454170073192 0.9103939261312904 0.9816006982761796 0.0013966358401356373 0.0028902292539731006 0.3361692250339871 1.9715425301330012
468 3744 -0.992986219436338 -0.98920282712692 0.8852675158056542 0.9762786000847685 0.0013966358401356373 0.0028902292539731006 0.3361692250339871 1.9715425301330012
469 3752 -0.9929305711898401 -0.9897339024791472 0.8878388387208938 0.976788224349117 0.0015185813301667826 0.0031868591566406547 0.3681161891063125 1.965827563434114
470 3760 -0.9930166755874746 -0.9900440299144209 0.8904250776041089 0.9773697361780476 0.0015185813301667826 0.0031868591566406547 0.3681161891063125 1.965827563434114
471 3768 -0.9929584861809082 -0.9884233655755998 0.8808755871892798 0.9754233252397843 0.0015185813301667826 0.0031868591566406547 0.3681161891063125 1.965827563434114
472 3776 -0.9929115888453532 -0.9876687158156395 0.8765574116325083 0.9745899151764564 0.0015185813301667826 0.0031868591566406547 0.3681161891063125 1.965827563434114
473 3784 -0.9937451644615609 -0.9893083195578625 0.8924512367465484 0.9780494650160044 0.001647456165294966 0.0036255484238860267 0.3602407548200372 1.967285119105388
474 3792 -0.994723198489775 -0.9904225654019054 0.906351397327281 0.9810276350099789 0.001647456165294966 0.0036255484238860267 0.3602407548200372 1.967285119105388
475 3800 -0.9954648157958289 -0.991537965409304 0.9186684939890524 0.9836964439304481 0.001647456165294966 0.0036255484238860267 0.3602407548200372 1.967285119105388
476 3808 -0.9961511285132295 -0.9943871374839816 0.9392540802449626 0.9877434895778768 0.001647456165294966 0.0036255484238860267 0.3602407548200372 1.967285119105388
477 3816 -0.9951515870675424 -0.9934461700289895 0.9263417810863399 0.9850182505126205 0.0013758807656887597 0.003894078658146643 0.29782415191482964 1.9776965686474086
478 3824 -0.9931763528952133 -0.9907161212871766 0.8954836168820071 0.9784164700346429 0.0013758807656887597 0.003894078658146643 0.29782415191482964 1.9776965686474086
479 3832 -0.993318775426671 -0.9921946830741688 0.9051406363943812 0.9803537589608423 0.0013758807656887597 0.003894078658146643 0.29782415191482964 1.9776965686474086
480 3840 -0.9948093257791327 -0.9943806474751231 0.9291855949292782 0.9854612410092315 0.0013758807656887597 0.003894078658146643 0.29782415191482964 1.9776965686474086
481 3848 -0.9951952682935844 -0.9946702060897618 0.9336160642942101 0.986389761700468 0.001102728818285562 0.003114912889909824 0.282841558931824 1.9798963947257078
482 3856 -0.9957060990408912 -0.9947926364129496 0.937930457852793 0.9873078846187502 0.001102728818285562 0.003114912889909824 0.282841558931824 1.9798963947257078
483 3864 -0.9938069912562304 -0.993574793116767 0.9170792353771589 0.9828499152102163 0.001102728818285562 0.003114912889909824 0.282841558931824 1.9798963947257078
484 3872 -0.9953835651772084 -0.9945427446713887 0.9340352753775574 0.9864654907916971 0.001102728818285562 0.003114912889909824 0.282841558931824 1.9798963947257078
485 3880 -0.9959701990512068 -0.9952267875836841 0.9422226809695119 0.9881403237082197 0.001077177477604583 0.003118403294388186 0.26391475571639317 1.982508037049215
486 3888 -0.9963939013326986 -0.995393314389633 0.9461174166259622 0.9889306986184101 0.001077177477604583 0.003118403294388186 0.26391475571639317 1.982508037049215
487 3896 -0.996650011584473 -0.9959934265167978 0.9515578125377805 0.9900413832153757 0.001077177477604583 0.003118403294388186 0.26391475571639317 1.982508037049215
488 3904 -0.9968241939478689 -0.9965204648886066 0.9561040256200396 0.9909873247491451 0.001077177477604583 0.003118403294388186 0.26391475571639317 1.982508037049215
489 3912 -0.997319622253231 -0.9971860966270744 0.9639993288265595 0.9926862365190302 0.0008020917465751745 0.003137741775306663 0.2081205803310404 1.989139345362223
490 3920 -0.9972086018276318 -0.9966185567009958 0.9597642046537767 0.9918458244277935 0.0008020917465751745 0.003137741775306663 0.2081205803310404 1.989139345362223
491 3928 -0.9966800328330836 -0.9963017700938664 0.9541762303522616 0.9906961477917666 0.0008020917465751745 0.003137741775306663 0.2081205803310404 1.989139345362223
492 3936 -0.996695753329112 -0.9960811686456931 0.9530099090125322 0.9904881232815772 0.0008020917465751745 0.003137741775306663 0.2081205803310404 1.989139345362223
493 3944 -0.9951916050638473 -0.9932264069125929 0.925293540198834 0.9848071769331144 0.0007729144640082446 0.003352144684134668 0.2999634104609688 1.9773745518019272
494 3952 -0.9940982953433084 -0.9926580026984869 0.9135802913849079 0.9822037683682154 0.0007729144640082446 0.003352144684134668 0.2999634104609688 1.9773745518019272
495 3960 -0.995032766350156 -0.994796556103088 0.9334461309728133 0.9863813646337919 0.0007729144640082446 0.003352144684134668 0.2999634104609688 1.9773745518019272
496 3968 -0.9953670035767839 -0.9952290646747375 0.938753020368263 0.987561562046964 0.0007729144640082446 0.003352144684134668 0.2999634104609688 1.9773745518019272
497 3976 -0.9959692811190424 -0.995866793900126 0.9470461292308674 0.9893275959286391 0.0008793305074607446 0.002917170589534643 0.25224046447645837 1.984027586747299
498 3984 -0.9965024909063639 -0.9964838796139288 0.9545202855832992 0.9908584572084235 0.0008793305074607446 0.002917170589534643 0.25224046447645837 1.984027586747299
499 3992 -0.9968073105215093 -0.9967129635149031 0.9579634269138587 0.9915579692792059 0.0008793305074607446 0.002917170589534643 0.25224046447645837 1.984027586747299
500 4000 -0.9968220864964885 -0.9966512619439732 0.9575833743109081 0.9914614265748628 0.0008793305074607446 0.002917170589534643 0.25224046447645837 1.984027586747299
501 4008 -0.9960115852633108 -0.9956495107160394 0.9458820433576745 0.9890790020403061 0.0009730303977095823 0.002530509955735182 0.2550321848605787 1.9836711507748575
502 4016 -0.9954675860738306 -0.9949159427579809 0.9374275946578775 0.9872962381941544 0.0009730303977095823 0.002530509955735182 0.2550321848605787 1.9836711507748575
503 4024 -0.9955667480388107 -0.9953546386893611 0.9407639777922567 0.9879560525429069 0.0009730303977095823 0.002530509955735182 0.2550321848605787 1.9836711507748575
504 4032 -0.9963764754066097 -0.9962922475248714 0.9521320110760356 0.990295057489275 0.0009730303977095823 0.002530509955735182 0.2550321848605787 1.9836711507748575
505 4040 -0.9970041997757355 -0.9967692236360696 0.9593911283891036 0.991795165075515 0.0007499073333494924 0.001931978652727537 0.22094125728562877 1.9877576979920166
