% # columns="iteration, evaluation, min max(neg(.)) min(pos(.)) max correlation, correlation matrix principal axes lengths  (sorted square roots of eigenvalues of correlation matrix)", seed=1101981, Wed Apr 27 01:27:35 2022
1 8 -0.13282280354198778 -0.01925094776649478 0.023364977500433308 0.03322263126472919 0.930815097289611 0.9863349661769664 1.0088247298744921 1.069111431773168
2 16 -0.13282280354198778 -0.01925094776649478 0.023364977500433308 0.03322263126472919 0.930815097289611 0.9863349661769664 1.0088247298744921 1.069111431773168
3 24 -0.13282280354198778 -0.01925094776649478 0.023364977500433308 0.03322263126472919 0.930815097289611 0.9863349661769664 1.0088247298744921 1.069111431773168
4 32 -0.13282280354198778 -0.01925094776649478 0.023364977500433308 0.03322263126472919 0.930815097289611 0.9863349661769664 1.0088247298744921 1.069111431773168
5 40 -0.29574272802800805 -0.2508563883979855 -0.13327853433203607 0.15814067650271707 0.7270381757629663 0.9330884010540261 1.0680146565211865 1.2083485508153808
6 48 -0.29574272802800805 -0.2508563883979855 -0.13327853433203607 0.15814067650271707 0.7270381757629663 0.9330884010540261 1.0680146565211865 1.2083485508153808
7 56 -0.29574272802800805 -0.2508563883979855 -0.13327853433203607 0.15814067650271707 0.7270381757629663 0.9330884010540261 1.0680146565211865 1.2083485508153808
8 64 -0.29574272802800805 -0.2508563883979855 -0.13327853433203607 0.15814067650271707 0.7270381757629663 0.9330884010540261 1.0680146565211865 1.2083485508153808
9 72 -0.38643148596645094 -0.35478787241147186 0.12322217569975825 0.1780048847010885 0.7107980285334847 0.871637731201401 0.9784764483501182 1.3332657905320775
10 80 -0.38643148596645094 -0.35478787241147186 0.12322217569975825 0.1780048847010885 0.7107980285334847 0.871637731201401 0.9784764483501182 1.3332657905320775
11 88 -0.38643148596645094 -0.35478787241147186 0.12322217569975825 0.1780048847010885 0.7107980285334847 0.871637731201401 0.9784764483501182 1.3332657905320775
12 96 -0.38643148596645094 -0.35478787241147186 0.12322217569975825 0.1780048847010885 0.7107980285334847 0.871637731201401 0.9784764483501182 1.3332657905320775
13 104 -0.17374205100877704 -0.17014331098651353 0.06979038715789951 0.15857449644526878 0.7991966904485956 1.0146680632412794 1.0475358406928714 1.1110364682934946
14 112 -0.17374205100877704 -0.17014331098651353 0.06979038715789951 0.15857449644526878 0.7991966904485956 1.0146680632412794 1.0475358406928714 1.1110364682934946
15 120 -0.17374205100877704 -0.17014331098651353 0.06979038715789951 0.15857449644526878 0.7991966904485956 1.0146680632412794 1.0475358406928714 1.1110364682934946
16 128 -0.17374205100877704 -0.17014331098651353 0.06979038715789951 0.15857449644526878 0.7991966904485956 1.0146680632412794 1.0475358406928714 1.1110364682934946
17 136 -0.3717913157124433 -0.17477864483797204 0.08803579713196202 0.20017520145924206 0.7089187059797086 0.9928214901720315 1.0402316597094443 1.1956830061110586
18 144 -0.3717913157124433 -0.17477864483797204 0.08803579713196202 0.20017520145924206 0.7089187059797086 0.9928214901720315 1.0402316597094443 1.1956830061110586
19 152 -0.3717913157124433 -0.17477864483797204 0.08803579713196202 0.20017520145924206 0.7089187059797086 0.9928214901720315 1.0402316597094443 1.1956830061110586
20 160 -0.3717913157124433 -0.17477864483797204 0.08803579713196202 0.20017520145924206 0.7089187059797086 0.9928214901720315 1.0402316597094443 1.1956830061110586
21 168 -0.43989979797565115 -0.22875396047957175 0.23979763313445668 0.4022906510363521 0.6991304028876207 0.7809034444141119 1.0859402791067807 1.3123033949791707
22 176 -0.43989979797565115 -0.22875396047957175 0.23979763313445668 0.4022906510363521 0.6991304028876207 0.7809034444141119 1.0859402791067807 1.3123033949791707
23 184 -0.43989979797565115 -0.22875396047957175 0.23979763313445668 0.4022906510363521 0.6991304028876207 0.7809034444141119 1.0859402791067807 1.3123033949791707
24 192 -0.43989979797565115 -0.22875396047957175 0.23979763313445668 0.4022906510363521 0.6991304028876207 0.7809034444141119 1.0859402791067807 1.3123033949791707
25 200 -0.2891492731484814 -0.2537998234281963 0.1801659859315042 0.44565186892443787 0.6087276914630975 0.9174625753173148 1.0812526466336356 1.2722443690918368
26 208 -0.2891492731484814 -0.2537998234281963 0.1801659859315042 0.44565186892443787 0.6087276914630975 0.9174625753173148 1.0812526466336356 1.2722443690918368
27 216 -0.2891492731484814 -0.2537998234281963 0.1801659859315042 0.44565186892443787 0.6087276914630975 0.9174625753173148 1.0812526466336356 1.2722443690918368
28 224 -0.2891492731484814 -0.2537998234281963 0.1801659859315042 0.44565186892443787 0.6087276914630975 0.9174625753173148 1.0812526466336356 1.2722443690918368
29 232 -0.2174209292874196 -0.15038280889060016 0.24280421227025828 0.42266284835052664 0.6575937717966625 0.8724545459708759 1.1573247588710716 1.2111948228972114
30 240 -0.2174209292874196 -0.15038280889060016 0.24280421227025828 0.42266284835052664 0.6575937717966625 0.8724545459708759 1.1573247588710716 1.2111948228972114
31 248 -0.2174209292874196 -0.15038280889060016 0.24280421227025828 0.42266284835052664 0.6575937717966625 0.8724545459708759 1.1573247588710716 1.2111948228972114
32 256 -0.2174209292874196 -0.15038280889060016 0.24280421227025828 0.42266284835052664 0.6575937717966625 0.8724545459708759 1.1573247588710716 1.2111948228972114
33 264 -0.2197325168517777 -0.03137493917430062 0.32225597186991467 0.527239641266149 0.6419539412851697 0.7964063102332992 1.1753304370149544 1.253886155165313
34 272 -0.2197325168517777 -0.03137493917430062 0.32225597186991467 0.527239641266149 0.6419539412851697 0.7964063102332992 1.1753304370149544 1.253886155165313
35 280 -0.2197325168517777 -0.03137493917430062 0.32225597186991467 0.527239641266149 0.6419539412851697 0.7964063102332992 1.1753304370149544 1.253886155165313
36 288 -0.2197325168517777 -0.03137493917430062 0.32225597186991467 0.527239641266149 0.6419539412851697 0.7964063102332992 1.1753304370149544 1.253886155165313
37 296 -0.13934626335408806 -0.07021022905645649 0.5074827280506236 0.5725985357339464 0.6461652729488668 0.6789084603389732 1.2298082553483478 1.268513065597724
38 304 -0.13934626335408806 -0.07021022905645649 0.5074827280506236 0.5725985357339464 0.6461652729488668 0.6789084603389732 1.2298082553483478 1.268513065597724
39 312 -0.13934626335408806 -0.07021022905645649 0.5074827280506236 0.5725985357339464 0.6461652729488668 0.6789084603389732 1.2298082553483478 1.268513065597724
40 320 -0.13934626335408806 -0.07021022905645649 0.5074827280506236 0.5725985357339464 0.6461652729488668 0.6789084603389732 1.2298082553483478 1.268513065597724
41 328 -0.1769171381253831 -0.03513316466592227 0.5671599108652772 0.7394461786238169 0.4911297555660049 0.6591560209415368 1.2388372607942495 1.3377545157920412
42 336 -0.1769171381253831 -0.03513316466592227 0.5671599108652772 0.7394461786238169 0.4911297555660049 0.6591560209415368 1.2388372607942495 1.3377545157920412
43 344 -0.1769171381253831 -0.03513316466592227 0.5671599108652772 0.7394461786238169 0.4911297555660049 0.6591560209415368 1.2388372607942495 1.3377545157920412
44 352 -0.1769171381253831 -0.03513316466592227 0.5671599108652772 0.7394461786238169 0.4911297555660049 0.6591560209415368 1.2388372607942495 1.3377545157920412
45 360 -0.25698795303761957 -0.16544415343945998 0.6424147819334121 0.8256413188392544 0.41031261741017894 0.590869210261938 1.1898657993379598 1.4376148691232566
46 368 -0.25698795303761957 -0.16544415343945998 0.6424147819334121 0.8256413188392544 0.41031261741017894 0.590869210261938 1.1898657993379598 1.4376148691232566
47 376 -0.25698795303761957 -0.16544415343945998 0.6424147819334121 0.8256413188392544 0.41031261741017894 0.590869210261938 1.1898657993379598 1.4376148691232566
48 384 -0.25698795303761957 -0.16544415343945998 0.6424147819334121 0.8256413188392544 0.41031261741017894 0.590869210261938 1.1898657993379598 1.4376148691232566
49 392 -0.3879980312823758 -0.24300691441671451 0.6745860688372153 0.6864973909645227 0.45697789300183655 0.587160420032521 1.1953181491292175 1.4204324583791854
50 400 -0.3879980312823758 -0.24300691441671451 0.6745860688372153 0.6864973909645227 0.45697789300183655 0.587160420032521 1.1953181491292175 1.4204324583791854
51 408 -0.3879980312823758 -0.24300691441671451 0.6745860688372153 0.6864973909645227 0.45697789300183655 0.587160420032521 1.1953181491292175 1.4204324583791854
52 416 -0.3879980312823758 -0.24300691441671451 0.6745860688372153 0.6864973909645227 0.45697789300183655 0.587160420032521 1.1953181491292175 1.4204324583791854
53 424 -0.3102849561280484 -0.005290909213855581 0.5512594132816153 0.6011977984430394 0.5447861198361671 0.661287439849528 1.2593457652145816 1.2961308765580775
54 432 -0.3102849561280484 -0.005290909213855581 0.5512594132816153 0.6011977984430394 0.5447861198361671 0.661287439849528 1.2593457652145816 1.2961308765580775
55 440 -0.3102849561280484 -0.005290909213855581 0.5512594132816153 0.6011977984430394 0.5447861198361671 0.661287439849528 1.2593457652145816 1.2961308765580775
56 448 -0.3102849561280484 -0.005290909213855581 0.5512594132816153 0.6011977984430394 0.5447861198361671 0.661287439849528 1.2593457652145816 1.2961308765580775
57 456 -0.11192808455868407 0.0516156816647456 0.3975842277035389 0.4293583734882713 0.6718432380634666 0.7946115506733799 1.1222924399132153 1.287508767472472
58 464 -0.11192808455868407 0.0516156816647456 0.3975842277035389 0.4293583734882713 0.6718432380634666 0.7946115506733799 1.1222924399132153 1.287508767472472
59 472 -0.11192808455868407 0.0516156816647456 0.3975842277035389 0.4293583734882713 0.6718432380634666 0.7946115506733799 1.1222924399132153 1.287508767472472
60 480 -0.11192808455868407 0.0516156816647456 0.3975842277035389 0.4293583734882713 0.6718432380634666 0.7946115506733799 1.1222924399132153 1.287508767472472
61 488 -0.3670942082283153 -0.3267532201057374 0.12307787012747277 0.36250985704731825 0.6516475904368003 0.9092927339797341 1.0426304940096467 1.28897781003816
62 496 -0.3670942082283153 -0.3267532201057374 0.12307787012747277 0.36250985704731825 0.6516475904368003 0.9092927339797341 1.0426304940096467 1.28897781003816
63 504 -0.3670942082283153 -0.3267532201057374 0.12307787012747277 0.36250985704731825 0.6516475904368003 0.9092927339797341 1.0426304940096467 1.28897781003816
64 512 -0.3670942082283153 -0.3267532201057374 0.12307787012747277 0.36250985704731825 0.6516475904368003 0.9092927339797341 1.0426304940096467 1.28897781003816
65 520 -0.5444934313714717 -0.07170143281721877 0.3825733068192325 0.42245377913372456 0.5391369838016502 0.8092477651073853 1.15013003754606 1.3159218305432354
66 528 -0.5444934313714717 -0.07170143281721877 0.3825733068192325 0.42245377913372456 0.5391369838016502 0.8092477651073853 1.15013003754606 1.3159218305432354
67 536 -0.5444934313714717 -0.07170143281721877 0.3825733068192325 0.42245377913372456 0.5391369838016502 0.8092477651073853 1.15013003754606 1.3159218305432354
68 544 -0.5444934313714717 -0.07170143281721877 0.3825733068192325 0.42245377913372456 0.5391369838016502 0.8092477651073853 1.15013003754606 1.3159218305432354
69 552 -0.6331160309678847 -0.2490043708106211 0.3996907947187253 0.5840045052797687 0.3952576680911167 0.649771643829151 1.2507899905558186 1.3627518432260919
70 560 -0.6331160309678847 -0.2490043708106211 0.3996907947187253 0.5840045052797687 0.3952576680911167 0.649771643829151 1.2507899905558186 1.3627518432260919
71 568 -0.6331160309678847 -0.2490043708106211 0.3996907947187253 0.5840045052797687 0.3952576680911167 0.649771643829151 1.2507899905558186 1.3627518432260919
72 576 -0.6331160309678847 -0.2490043708106211 0.3996907947187253 0.5840045052797687 0.3952576680911167 0.649771643829151 1.2507899905558186 1.3627518432260919
73 584 -0.8030084566872284 -0.42377128696248656 0.40202864959168283 0.7199263090403518 0.3447304532655918 0.4435180952685424 1.2328028635158685 1.4712748599319363
74 592 -0.8030084566872284 -0.42377128696248656 0.40202864959168283 0.7199263090403518 0.3447304532655918 0.4435180952685424 1.2328028635158685 1.4712748599319363
75 600 -0.8030084566872284 -0.42377128696248656 0.40202864959168283 0.7199263090403518 0.3447304532655918 0.4435180952685424 1.2328028635158685 1.4712748599319363
76 608 -0.8030084566872284 -0.42377128696248656 0.40202864959168283 0.7199263090403518 0.3447304532655918 0.4435180952685424 1.2328028635158685 1.4712748599319363
77 616 -0.6564402172575019 -0.3765803496796867 0.500187956728585 0.8642055019246114 0.28609201997247563 0.5712274215935069 1.0933324024673794 1.5480551820405533
78 624 -0.6564402172575019 -0.3765803496796867 0.500187956728585 0.8642055019246114 0.28609201997247563 0.5712274215935069 1.0933324024673794 1.5480551820405533
79 632 -0.6564402172575019 -0.3765803496796867 0.500187956728585 0.8642055019246114 0.28609201997247563 0.5712274215935069 1.0933324024673794 1.5480551820405533
80 640 -0.6564402172575019 -0.3765803496796867 0.500187956728585 0.8642055019246114 0.28609201997247563 0.5712274215935069 1.0933324024673794 1.5480551820405533
81 648 -0.6027027404895371 -0.403143624968283 0.5802631218321254 0.7467232782149577 0.42433433200776877 0.5965852233203547 1.02921229495858 1.5507251522759982
82 656 -0.6027027404895371 -0.403143624968283 0.5802631218321254 0.7467232782149577 0.42433433200776877 0.5965852233203547 1.02921229495858 1.5507251522759982
83 664 -0.6027027404895371 -0.403143624968283 0.5802631218321254 0.7467232782149577 0.42433433200776877 0.5965852233203547 1.02921229495858 1.5507251522759982
84 672 -0.6027027404895371 -0.403143624968283 0.5802631218321254 0.7467232782149577 0.42433433200776877 0.5965852233203547 1.02921229495858 1.5507251522759982
85 680 -0.695418230863114 -0.2013840335827215 0.3758985534100927 0.8443403641197809 0.35168980922766135 0.5285756801669087 1.1925588726277963 1.474695007022883
86 688 -0.695418230863114 -0.2013840335827215 0.3758985534100927 0.8443403641197809 0.35168980922766135 0.5285756801669087 1.1925588726277963 1.474695007022883
87 696 -0.695418230863114 -0.2013840335827215 0.3758985534100927 0.8443403641197809 0.35168980922766135 0.5285756801669087 1.1925588726277963 1.474695007022883
88 704 -0.695418230863114 -0.2013840335827215 0.3758985534100927 0.8443403641197809 0.35168980922766135 0.5285756801669087 1.1925588726277963 1.474695007022883
89 712 -0.7869267185927444 -0.40623135549243994 0.5290843096131603 0.9504944725891638 0.2049786223599951 0.44581717298029777 1.012041024512284 1.6537846828881264
90 720 -0.7869267185927444 -0.40623135549243994 0.5290843096131603 0.9504944725891638 0.2049786223599951 0.44581717298029777 1.012041024512284 1.6537846828881264
91 728 -0.7869267185927444 -0.40623135549243994 0.5290843096131603 0.9504944725891638 0.2049786223599951 0.44581717298029777 1.012041024512284 1.6537846828881264
92 736 -0.7869267185927444 -0.40623135549243994 0.5290843096131603 0.9504944725891638 0.2049786223599951 0.44581717298029777 1.012041024512284 1.6537846828881264
93 744 -0.8229647391512706 -0.3872506733111764 0.645480006715903 0.9688949056129601 0.1653578246887753 0.3447829655465661 0.9764484919436415 1.7030354779229062
94 752 -0.8229647391512706 -0.3872506733111764 0.645480006715903 0.9688949056129601 0.1653578246887753 0.3447829655465661 0.9764484919436415 1.7030354779229062
95 760 -0.8229647391512706 -0.3872506733111764 0.645480006715903 0.9688949056129601 0.1653578246887753 0.3447829655465661 0.9764484919436415 1.7030354779229062
96 768 -0.8229647391512706 -0.3872506733111764 0.645480006715903 0.9688949056129601 0.1653578246887753 0.3447829655465661 0.9764484919436415 1.7030354779229062
97 776 -0.8093610409959182 -0.3407143632393715 0.5728040157851026 0.9645023531647452 0.16000783123066192 0.3822268467258868 1.0398948456950836 1.6573831305656646
98 784 -0.8093610409959182 -0.3407143632393715 0.5728040157851026 0.9645023531647452 0.16000783123066192 0.3822268467258868 1.0398948456950836 1.6573831305656646
99 792 -0.8093610409959182 -0.3407143632393715 0.5728040157851026 0.9645023531647452 0.16000783123066192 0.3822268467258868 1.0398948456950836 1.6573831305656646
100 800 -0.8093610409959182 -0.3407143632393715 0.5728040157851026 0.9645023531647452 0.16000783123066192 0.3822268467258868 1.0398948456950836 1.6573831305656646
101 808 -0.8205840272362381 -0.46155616704102487 0.6860548414387673 0.9648488772294297 0.17835609371512126 0.37463647810217277 0.9017394681894573 1.736289879201995
102 816 -0.8205840272362381 -0.46155616704102487 0.6860548414387673 0.9648488772294297 0.17835609371512126 0.37463647810217277 0.9017394681894573 1.736289879201995
103 824 -0.8205840272362381 -0.46155616704102487 0.6860548414387673 0.9648488772294297 0.17835609371512126 0.37463647810217277 0.9017394681894573 1.736289879201995
104 832 -0.8205840272362381 -0.46155616704102487 0.6860548414387673 0.9648488772294297 0.17835609371512126 0.37463647810217277 0.9017394681894573 1.736289879201995
105 840 -0.8626353884057081 -0.5532958388427581 0.742933746079876 0.9715012369547423 0.1657442578044776 0.3203998745046225 0.8111146654084952 1.792195793149155
106 848 -0.8626353884057081 -0.5532958388427581 0.742933746079876 0.9715012369547423 0.1657442578044776 0.3203998745046225 0.8111146654084952 1.792195793149155
107 856 -0.8626353884057081 -0.5532958388427581 0.742933746079876 0.9715012369547423 0.1657442578044776 0.3203998745046225 0.8111146654084952 1.792195793149155
108 864 -0.8626353884057081 -0.5532958388427581 0.742933746079876 0.9715012369547423 0.1657442578044776 0.3203998745046225 0.8111146654084952 1.792195793149155
109 872 -0.7035979211007263 -0.19150491391021962 0.4765743871283271 0.977609462783781 0.14266079607072615 0.4980582671585471 1.0993722747237604 1.5883848593298155
110 880 -0.7035979211007263 -0.19150491391021962 0.4765743871283271 0.977609462783781 0.14266079607072615 0.4980582671585471 1.0993722747237604 1.5883848593298155
111 888 -0.7035979211007263 -0.19150491391021962 0.4765743871283271 0.977609462783781 0.14266079607072615 0.4980582671585471 1.0993722747237604 1.5883848593298155
112 896 -0.7035979211007263 -0.19150491391021962 0.4765743871283271 0.977609462783781 0.14266079607072615 0.4980582671585471 1.0993722747237604 1.5883848593298155
113 904 -0.49613009976029454 0.07404520990356342 0.29440576227589066 0.9723466065500889 0.16502192394010745 0.6403652125321864 1.1983944038708432 1.4582698693893257
114 912 -0.49613009976029454 0.07404520990356342 0.29440576227589066 0.9723466065500889 0.16502192394010745 0.6403652125321864 1.1983944038708432 1.4582698693893257
115 920 -0.49613009976029454 0.07404520990356342 0.29440576227589066 0.9723466065500889 0.16502192394010745 0.6403652125321864 1.1983944038708432 1.4582698693893257
116 928 -0.49613009976029454 0.07404520990356342 0.29440576227589066 0.9723466065500889 0.16502192394010745 0.6403652125321864 1.1983944038708432 1.4582698693893257
117 936 -0.7606367590170536 -0.20887117347221534 0.41974628494646493 0.9805857761089358 0.13747294777957658 0.4596168034742608 1.1222728718857695 1.5844106739170127
118 944 -0.7606367590170536 -0.20887117347221534 0.41974628494646493 0.9805857761089358 0.13747294777957658 0.4596168034742608 1.1222728718857695 1.5844106739170127
119 952 -0.7606367590170536 -0.20887117347221534 0.41974628494646493 0.9805857761089358 0.13747294777957658 0.4596168034742608 1.1222728718857695 1.5844106739170127
120 960 -0.7606367590170536 -0.20887117347221534 0.41974628494646493 0.9805857761089358 0.13747294777957658 0.4596168034742608 1.1222728718857695 1.5844106739170127
121 968 -0.8526237189704842 -0.114192299925782 0.11890554637572776 0.9650443780332051 0.1620784852837568 0.3909826262179907 1.3180703334130857 1.443452024412354
122 976 -0.8526237189704842 -0.114192299925782 0.11890554637572776 0.9650443780332051 0.1620784852837568 0.3909826262179907 1.3180703334130857 1.443452024412354
123 984 -0.8526237189704842 -0.114192299925782 0.11890554637572776 0.9650443780332051 0.1620784852837568 0.3909826262179907 1.3180703334130857 1.443452024412354
124 992 -0.8526237189704842 -0.114192299925782 0.11890554637572776 0.9650443780332051 0.1620784852837568 0.3909826262179907 1.3180703334130857 1.443452024412354
125 1000 -0.83399717127261 -0.03361493583351441 0.14674951319029633 0.9634544511474286 0.1830658805619422 0.39996582300523836 1.3320280608986685 1.4255579499902327
126 1008 -0.83399717127261 -0.03361493583351441 0.14674951319029633 0.9634544511474286 0.1830658805619422 0.39996582300523836 1.3320280608986685 1.4255579499902327
127 1016 -0.83399717127261 -0.03361493583351441 0.14674951319029633 0.9634544511474286 0.1830658805619422 0.39996582300523836 1.3320280608986685 1.4255579499902327
128 1024 -0.83399717127261 -0.03361493583351441 0.14674951319029633 0.9634544511474286 0.1830658805619422 0.39996582300523836 1.3320280608986685 1.4255579499902327
129 1032 -0.6859246327687928 -0.2926485042565853 0.32553064673654125 0.9800724399269842 0.12436769277107605 0.5603517237170054 1.1189627593062594 1.5551401756780325
130 1040 -0.6859246327687928 -0.2926485042565853 0.32553064673654125 0.9800724399269842 0.12436769277107605 0.5603517237170054 1.1189627593062594 1.5551401756780325
131 1048 -0.6859246327687928 -0.2926485042565853 0.32553064673654125 0.9800724399269842 0.12436769277107605 0.5603517237170054 1.1189627593062594 1.5551401756780325
132 1056 -0.6859246327687928 -0.2926485042565853 0.32553064673654125 0.9800724399269842 0.12436769277107605 0.5603517237170054 1.1189627593062594 1.5551401756780325
133 1064 -0.6823658644157478 -0.3828808851640457 0.3652961674588553 0.9803216081807689 0.11553902275689963 0.5648597930348861 1.0744188148248541 1.5853101774679055
134 1072 -0.6823658644157478 -0.3828808851640457 0.3652961674588553 0.9803216081807689 0.11553902275689963 0.5648597930348861 1.0744188148248541 1.5853101774679055
135 1080 -0.6823658644157478 -0.3828808851640457 0.3652961674588553 0.9803216081807689 0.11553902275689963 0.5648597930348861 1.0744188148248541 1.5853101774679055
136 1088 -0.6823658644157478 -0.3828808851640457 0.3652961674588553 0.9803216081807689 0.11553902275689963 0.5648597930348861 1.0744188148248541 1.5853101774679055
137 1096 -0.5393088395671423 -0.5144912653932174 0.32997610042850817 0.9813817754222888 0.1347309457565498 0.7058973646635609 0.92792916699381 1.6194146917509298
138 1104 -0.5393088395671423 -0.5144912653932174 0.32997610042850817 0.9813817754222888 0.1347309457565498 0.7058973646635609 0.92792916699381 1.6194146917509298
139 1112 -0.5393088395671423 -0.5144912653932174 0.32997610042850817 0.9813817754222888 0.1347309457565498 0.7058973646635609 0.92792916699381 1.6194146917509298
140 1120 -0.5393088395671423 -0.5144912653932174 0.32997610042850817 0.9813817754222888 0.1347309457565498 0.7058973646635609 0.92792916699381 1.6194146917509298
141 1128 -0.6528914379551034 -0.6366867964677285 0.22661080325683589 0.9863858679169241 0.10817300519214725 0.6602819619000324 0.9649479869147146 1.6190125738506118
142 1136 -0.6528914379551034 -0.6366867964677285 0.22661080325683589 0.9863858679169241 0.10817300519214725 0.6602819619000324 0.9649479869147146 1.6190125738506118
143 1144 -0.6528914379551034 -0.6366867964677285 0.22661080325683589 0.9863858679169241 0.10817300519214725 0.6602819619000324 0.9649479869147146 1.6190125738506118
144 1152 -0.6528914379551034 -0.6366867964677285 0.22661080325683589 0.9863858679169241 0.10817300519214725 0.6602819619000324 0.9649479869147146 1.6190125738506118
145 1160 -0.5873377171116273 -0.5720288973232244 0.13897273447366532 0.9926315888419082 0.08325186141599743 0.7333575128732019 0.9848563964574767 1.5764877938759927
146 1168 -0.5873377171116273 -0.5720288973232244 0.13897273447366532 0.9926315888419082 0.08325186141599743 0.7333575128732019 0.9848563964574767 1.5764877938759927
147 1176 -0.5873377171116273 -0.5720288973232244 0.13897273447366532 0.9926315888419082 0.08325186141599743 0.7333575128732019 0.9848563964574767 1.5764877938759927
148 1184 -0.5873377171116273 -0.5720288973232244 0.13897273447366532 0.9926315888419082 0.08325186141599743 0.7333575128732019 0.9848563964574767 1.5764877938759927
149 1192 -0.8609386820914071 -0.8392684285112864 0.23599469634231907 0.994595850141827 0.06641295899648103 0.4438944513664618 0.9603781829991538 1.6959424461173918
150 1200 -0.8609386820914071 -0.8392684285112864 0.23599469634231907 0.994595850141827 0.06641295899648103 0.4438944513664618 0.9603781829991538 1.6959424461173918
151 1208 -0.8609386820914071 -0.8392684285112864 0.23599469634231907 0.994595850141827 0.06641295899648103 0.4438944513664618 0.9603781829991538 1.6959424461173918
152 1216 -0.8609386820914071 -0.8392684285112864 0.23599469634231907 0.994595850141827 0.06641295899648103 0.4438944513664618 0.9603781829991538 1.6959424461173918
153 1224 -0.8511937811557553 -0.8223653382603645 0.28944794414261177 0.9906552197466255 0.08386017173852209 0.4536070774208186 0.9375691181121147 1.705336400735116
154 1232 -0.8511937811557553 -0.8223653382603645 0.28944794414261177 0.9906552197466255 0.08386017173852209 0.4536070774208186 0.9375691181121147 1.705336400735116
155 1240 -0.8511937811557553 -0.8223653382603645 0.28944794414261177 0.9906552197466255 0.08386017173852209 0.4536070774208186 0.9375691181121147 1.705336400735116
156 1248 -0.8511937811557553 -0.8223653382603645 0.28944794414261177 0.9906552197466255 0.08386017173852209 0.4536070774208186 0.9375691181121147 1.705336400735116
157 1256 -0.8004212151743673 -0.7635128308052942 0.3236744819748666 0.9900210001448124 0.08941868637863279 0.5243127019450855 0.9149998065055545 1.6970196944055072
158 1264 -0.8004212151743673 -0.7635128308052942 0.3236744819748666 0.9900210001448124 0.08941868637863279 0.5243127019450855 0.9149998065055545 1.6970196944055072
159 1272 -0.8004212151743673 -0.7635128308052942 0.3236744819748666 0.9900210001448124 0.08941868637863279 0.5243127019450855 0.9149998065055545 1.6970196944055072
160 1280 -0.8004212151743673 -0.7635128308052942 0.3236744819748666 0.9900210001448124 0.08941868637863279 0.5243127019450855 0.9149998065055545 1.6970196944055072
161 1288 -0.8069301296949578 -0.7574711323540052 0.4705930717064357 0.9892644511131928 0.08135550553840994 0.5061110391989889 0.8375320163480214 1.742346985910535
162 1296 -0.8069301296949578 -0.7574711323540052 0.4705930717064357 0.9892644511131928 0.08135550553840994 0.5061110391989889 0.8375320163480214 1.742346985910535
163 1304 -0.8069301296949578 -0.7574711323540052 0.4705930717064357 0.9892644511131928 0.08135550553840994 0.5061110391989889 0.8375320163480214 1.742346985910535
164 1312 -0.8069301296949578 -0.7574711323540052 0.4705930717064357 0.9892644511131928 0.08135550553840994 0.5061110391989889 0.8375320163480214 1.742346985910535
165 1320 -0.775193292886508 -0.7153429669625093 0.4936657537557927 0.9883348807715377 0.08636556792015376 0.5720260704457983 0.8113507821218386 1.7340810453258662
166 1328 -0.775193292886508 -0.7153429669625093 0.4936657537557927 0.9883348807715377 0.08636556792015376 0.5720260704457983 0.8113507821218386 1.7340810453258662
167 1336 -0.775193292886508 -0.7153429669625093 0.4936657537557927 0.9883348807715377 0.08636556792015376 0.5720260704457983 0.8113507821218386 1.7340810453258662
168 1344 -0.775193292886508 -0.7153429669625093 0.4936657537557927 0.9883348807715377 0.08636556792015376 0.5720260704457983 0.8113507821218386 1.7340810453258662
169 1352 -0.7312761427464287 -0.6687290736259088 0.4681128542702874 0.9866187402892268 0.09651791448003215 0.6234365615637006 0.8379534047209636 1.702893196124349
170 1360 -0.7312761427464287 -0.6687290736259088 0.4681128542702874 0.9866187402892268 0.09651791448003215 0.6234365615637006 0.8379534047209636 1.702893196124349
171 1368 -0.7312761427464287 -0.6687290736259088 0.4681128542702874 0.9866187402892268 0.09651791448003215 0.6234365615637006 0.8379534047209636 1.702893196124349
172 1376 -0.7312761427464287 -0.6687290736259088 0.4681128542702874 0.9866187402892268 0.09651791448003215 0.6234365615637006 0.8379534047209636 1.702893196124349
173 1384 -0.620559201511611 -0.5451853242752189 0.601169121220094 0.9904035490402952 0.0723247238914693 0.6272986905351039 0.8625948633619088 1.6903241076398983
174 1392 -0.620559201511611 -0.5451853242752189 0.601169121220094 0.9904035490402952 0.0723247238914693 0.6272986905351039 0.8625948633619088 1.6903241076398983
175 1400 -0.620559201511611 -0.5451853242752189 0.601169121220094 0.9904035490402952 0.0723247238914693 0.6272986905351039 0.8625948633619088 1.6903241076398983
176 1408 -0.620559201511611 -0.5451853242752189 0.601169121220094 0.9904035490402952 0.0723247238914693 0.6272986905351039 0.8625948633619088 1.6903241076398983
177 1416 -0.7616437896311925 -0.7075667600727974 0.6841473535302173 0.9929238794987447 0.06083844956484826 0.5318753373443637 0.7397543155448372 1.779373727245672
178 1424 -0.7616437896311925 -0.7075667600727974 0.6841473535302173 0.9929238794987447 0.06083844956484826 0.5318753373443637 0.7397543155448372 1.779373727245672
179 1432 -0.7616437896311925 -0.7075667600727974 0.6841473535302173 0.9929238794987447 0.06083844956484826 0.5318753373443637 0.7397543155448372 1.779373727245672
180 1440 -0.7616437896311925 -0.7075667600727974 0.6841473535302173 0.9929238794987447 0.06083844956484826 0.5318753373443637 0.7397543155448372 1.779373727245672
181 1448 -0.877587217505557 -0.8447937365194118 0.6973847959597409 0.9950142054749894 0.05225923364347289 0.37475409616295746 0.7256346117126837 1.8249062305205337
182 1456 -0.877587217505557 -0.8447937365194118 0.6973847959597409 0.9950142054749894 0.05225923364347289 0.37475409616295746 0.7256346117126837 1.8249062305205337
183 1464 -0.877587217505557 -0.8447937365194118 0.6973847959597409 0.9950142054749894 0.05225923364347289 0.37475409616295746 0.7256346117126837 1.8249062305205337
184 1472 -0.877587217505557 -0.8447937365194118 0.6973847959597409 0.9950142054749894 0.05225923364347289 0.37475409616295746 0.7256346117126837 1.8249062305205337
185 1480 -0.7755279730985989 -0.7293587985952907 0.5609306004287506 0.9920440501366455 0.07167059972407562 0.3604281073761152 0.9700352189299061 1.7099668355216924
186 1488 -0.7755279730985989 -0.7293587985952907 0.5609306004287506 0.9920440501366455 0.07167059972407562 0.3604281073761152 0.9700352189299061 1.7099668355216924
187 1496 -0.7755279730985989 -0.7293587985952907 0.5609306004287506 0.9920440501366455 0.07167059972407562 0.3604281073761152 0.9700352189299061 1.7099668355216924
188 1504 -0.7755279730985989 -0.7293587985952907 0.5609306004287506 0.9920440501366455 0.07167059972407562 0.3604281073761152 0.9700352189299061 1.7099668355216924
189 1512 -0.7879323135450454 -0.7655985157225709 0.6918909486810568 0.9961896890123555 0.05275381245200457 0.23543982311250602 0.9151182700103376 1.7619147757078992
190 1520 -0.7879323135450454 -0.7655985157225709 0.6918909486810568 0.9961896890123555 0.05275381245200457 0.23543982311250602 0.9151182700103376 1.7619147757078992
191 1528 -0.7879323135450454 -0.7655985157225709 0.6918909486810568 0.9961896890123555 0.05275381245200457 0.23543982311250602 0.9151182700103376 1.7619147757078992
192 1536 -0.7879323135450454 -0.7655985157225709 0.6918909486810568 0.9961896890123555 0.05275381245200457 0.23543982311250602 0.9151182700103376 1.7619147757078992
193 1544 -0.8538853098457384 -0.8278095024039589 0.7022693023985305 0.9964608847622766 0.04660771955810951 0.18729320964643378 0.8703249234546515 1.7903305565485899
194 1552 -0.8538853098457384 -0.8278095024039589 0.7022693023985305 0.9964608847622766 0.04660771955810951 0.18729320964643378 0.8703249234546515 1.7903305565485899
195 1560 -0.8538853098457384 -0.8278095024039589 0.7022693023985305 0.9964608847622766 0.04660771955810951 0.18729320964643378 0.8703249234546515 1.7903305565485899
196 1568 -0.8538853098457384 -0.8278095024039589 0.7022693023985305 0.9964608847622766 0.04660771955810951 0.18729320964643378 0.8703249234546515 1.7903305565485899
197 1576 -0.8716664451862919 -0.8573208039827711 0.7483946880258017 0.9981913667485107 0.03736634550390054 0.17452135505220145 0.8071033462519516 1.8211892381966597
198 1584 -0.8716664451862919 -0.8573208039827711 0.7483946880258017 0.9981913667485107 0.03736634550390054 0.17452135505220145 0.8071033462519516 1.8211892381966597
199 1592 -0.8716664451862919 -0.8573208039827711 0.7483946880258017 0.9981913667485107 0.03736634550390054 0.17452135505220145 0.8071033462519516 1.8211892381966597
200 1600 -0.8716664451862919 -0.8573208039827711 0.7483946880258017 0.9981913667485107 0.03736634550390054 0.17452135505220145 0.8071033462519516 1.8211892381966597
201 1608 -0.8901004797206946 -0.8715703217803163 0.7694996164810304 0.9979201391444282 0.03544633659077058 0.2155185445328786 0.7525563326058944 1.8400962693401364
202 1616 -0.8901004797206946 -0.8715703217803163 0.7694996164810304 0.9979201391444282 0.03544633659077058 0.2155185445328786 0.7525563326058944 1.8400962693401364
203 1624 -0.8901004797206946 -0.8715703217803163 0.7694996164810304 0.9979201391444282 0.03544633659077058 0.2155185445328786 0.7525563326058944 1.8400962693401364
204 1632 -0.8901004797206946 -0.8715703217803163 0.7694996164810304 0.9979201391444282 0.03544633659077058 0.2155185445328786 0.7525563326058944 1.8400962693401364
205 1640 -0.9057107029111093 -0.8875327540827465 0.849677549113141 0.9989274425832904 0.014532817469688986 0.18333466223258543 0.6523211135042323 1.8816626593831998
206 1648 -0.9057107029111093 -0.8875327540827465 0.849677549113141 0.9989274425832904 0.014532817469688986 0.18333466223258543 0.6523211135042323 1.8816626593831998
207 1656 -0.9057107029111093 -0.8875327540827465 0.849677549113141 0.9989274425832904 0.014532817469688986 0.18333466223258543 0.6523211135042323 1.8816626593831998
208 1664 -0.9057107029111093 -0.8875327540827465 0.849677549113141 0.9989274425832904 0.014532817469688986 0.18333466223258543 0.6523211135042323 1.8816626593831998
209 1672 -0.9222127876693491 -0.9055143341692286 0.8585233989582255 0.9989786619453951 0.013071883884387141 0.1539443279980098 0.630987860612827 1.8915561290874245
210 1680 -0.9222127876693491 -0.9055143341692286 0.8585233989582255 0.9989786619453951 0.013071883884387141 0.1539443279980098 0.630987860612827 1.8915561290874245
211 1688 -0.9222127876693491 -0.9055143341692286 0.8585233989582255 0.9989786619453951 0.013071883884387141 0.1539443279980098 0.630987860612827 1.8915561290874245
212 1696 -0.9222127876693491 -0.9055143341692286 0.8585233989582255 0.9989786619453951 0.013071883884387141 0.1539443279980098 0.630987860612827 1.8915561290874245
213 1704 -0.9122069494874349 -0.8939516436303409 0.8771813943848544 0.9989992953427602 0.009580731635143164 0.14660379060030782 0.6247802807019457 1.8942188730473986
214 1712 -0.9122069494874349 -0.8939516436303409 0.8771813943848544 0.9989992953427602 0.009580731635143164 0.14660379060030782 0.6247802807019457 1.8942188730473986
215 1720 -0.9122069494874349 -0.8939516436303409 0.8771813943848544 0.9989992953427602 0.009580731635143164 0.14660379060030782 0.6247802807019457 1.8942188730473986
216 1728 -0.9122069494874349 -0.8939516436303409 0.8771813943848544 0.9989992953427602 0.009580731635143164 0.14660379060030782 0.6247802807019457 1.8942188730473986
217 1736 -0.9095101409669203 -0.8902018662777499 0.8522258204062629 0.9989471332465683 0.008251138132010213 0.11693375373710944 0.6755019283152338 1.8788175964682885
218 1744 -0.9095101409669203 -0.8902018662777499 0.8522258204062629 0.9989471332465683 0.008251138132010213 0.11693375373710944 0.6755019283152338 1.8788175964682885
219 1752 -0.9095101409669203 -0.8902018662777499 0.8522258204062629 0.9989471332465683 0.008251138132010213 0.11693375373710944 0.6755019283152338 1.8788175964682885
220 1760 -0.9095101409669203 -0.8902018662777499 0.8522258204062629 0.9989471332465683 0.008251138132010213 0.11693375373710944 0.6755019283152338 1.8788175964682885
221 1768 -0.8117139042151278 -0.7654297777713781 0.6350224005347043 0.9970815584067472 0.008853011640843275 0.11925267459997918 0.9952570766435066 1.7306541466095005
222 1776 -0.8117139042151278 -0.7654297777713781 0.6350224005347043 0.9970815584067472 0.008853011640843275 0.11925267459997918 0.9952570766435066 1.7306541466095005
223 1784 -0.8117139042151278 -0.7654297777713781 0.6350224005347043 0.9970815584067472 0.008853011640843275 0.11925267459997918 0.9952570766435066 1.7306541466095005
224 1792 -0.8117139042151278 -0.7654297777713781 0.6350224005347043 0.9970815584067472 0.008853011640843275 0.11925267459997918 0.9952570766435066 1.7306541466095005
225 1800 -0.7855316316235754 -0.73782341367895 0.6543170265085503 0.9972205752190486 0.007907364810324434 0.10129623554096605 1.0067721916976364 1.7251337050418218
226 1808 -0.7855316316235754 -0.73782341367895 0.6543170265085503 0.9972205752190486 0.007907364810324434 0.10129623554096605 1.0067721916976364 1.7251337050418218
227 1816 -0.7855316316235754 -0.73782341367895 0.6543170265085503 0.9972205752190486 0.007907364810324434 0.10129623554096605 1.0067721916976364 1.7251337050418218
228 1824 -0.7855316316235754 -0.73782341367895 0.6543170265085503 0.9972205752190486 0.007907364810324434 0.10129623554096605 1.0067721916976364 1.7251337050418218
229 1832 -0.7661467964786451 -0.7280334296477882 0.8370394954401491 0.9983088296017143 0.006084128052801208 0.10057074158329825 0.8669369575675531 1.7995190526712233
230 1840 -0.7661467964786451 -0.7280334296477882 0.8370394954401491 0.9983088296017143 0.006084128052801208 0.10057074158329825 0.8669369575675531 1.7995190526712233
231 1848 -0.7661467964786451 -0.7280334296477882 0.8370394954401491 0.9983088296017143 0.006084128052801208 0.10057074158329825 0.8669369575675531 1.7995190526712233
232 1856 -0.7661467964786451 -0.7280334296477882 0.8370394954401491 0.9983088296017143 0.006084128052801208 0.10057074158329825 0.8669369575675531 1.7995190526712233
233 1864 -0.7531396839764479 -0.7138632127884278 0.8629320851505438 0.9982840093398244 0.006492511668165337 0.08139556583224876 0.8553702477060935 1.8060106169384234
234 1872 -0.7531396839764479 -0.7138632127884278 0.8629320851505438 0.9982840093398244 0.006492511668165337 0.08139556583224876 0.8553702477060935 1.8060106169384234
235 1880 -0.7531396839764479 -0.7138632127884278 0.8629320851505438 0.9982840093398244 0.006492511668165337 0.08139556583224876 0.8553702477060935 1.8060106169384234
236 1888 -0.7531396839764479 -0.7138632127884278 0.8629320851505438 0.9982840093398244 0.006492511668165337 0.08139556583224876 0.8553702477060935 1.8060106169384234
237 1896 -0.7550460246218355 -0.7051530677311826 0.7307951654722912 0.9972780037952278 0.0066587023555972884 0.07741527118031982 0.9807832431716677 1.7412715949514261
238 1904 -0.7550460246218355 -0.7051530677311826 0.7307951654722912 0.9972780037952278 0.0066587023555972884 0.07741527118031982 0.9807832431716677 1.7412715949514261
239 1912 -0.7550460246218355 -0.7051530677311826 0.7307951654722912 0.9972780037952278 0.0066587023555972884 0.07741527118031982 0.9807832431716677 1.7412715949514261
240 1920 -0.7550460246218355 -0.7051530677311826 0.7307951654722912 0.9972780037952278 0.0066587023555972884 0.07741527118031982 0.9807832431716677 1.7412715949514261
241 1928 -0.8359415522436008 -0.8046190805663641 0.8246627081271416 0.9984748138497237 0.004586589944181285 0.05224628280898119 0.8179994878169299 1.8243152488143515
242 1936 -0.8359415522436008 -0.8046190805663641 0.8246627081271416 0.9984748138497237 0.004586589944181285 0.05224628280898119 0.8179994878169299 1.8243152488143515
243 1944 -0.8359415522436008 -0.8046190805663641 0.8246627081271416 0.9984748138497237 0.004586589944181285 0.05224628280898119 0.8179994878169299 1.8243152488143515
244 1952 -0.8359415522436008 -0.8046190805663641 0.8246627081271416 0.9984748138497237 0.004586589944181285 0.05224628280898119 0.8179994878169299 1.8243152488143515
245 1960 -0.815048851462219 -0.7794703472545544 0.8081929177082249 0.9982391612516385 0.0041502158726916824 0.05130050165280882 0.8580665226083096 1.8058440898973707
246 1968 -0.815048851462219 -0.7794703472545544 0.8081929177082249 0.9982391612516385 0.0041502158726916824 0.05130050165280882 0.8580665226083096 1.8058440898973707
247 1976 -0.815048851462219 -0.7794703472545544 0.8081929177082249 0.9982391612516385 0.0041502158726916824 0.05130050165280882 0.8580665226083096 1.8058440898973707
248 1984 -0.815048851462219 -0.7794703472545544 0.8081929177082249 0.9982391612516385 0.0041502158726916824 0.05130050165280882 0.8580665226083096 1.8058440898973707
249 1992 -0.7475329846204296 -0.6935923648220865 0.6999859605470552 0.9969446676086569 0.004633572875384802 0.045515803808512605 1.0142572960211227 1.7231334768595248
250 2000 -0.7475329846204296 -0.6935923648220865 0.6999859605470552 0.9969446676086569 0.004633572875384802 0.045515803808512605 1.0142572960211227 1.7231334768595248
251 2008 -0.7475329846204296 -0.6935923648220865 0.6999859605470552 0.9969446676086569 0.004633572875384802 0.045515803808512605 1.0142572960211227 1.7231334768595248
252 2016 -0.7475329846204296 -0.6935923648220865 0.6999859605470552 0.9969446676086569 0.004633572875384802 0.045515803808512605 1.0142572960211227 1.7231334768595248
253 2024 -0.755308880842367 -0.6986773108561153 0.6492304485369953 0.9965653400427943 0.005120365266802194 0.03455508462565866 1.0444798514488347 1.7052394459146982
254 2032 -0.755308880842367 -0.6986773108561153 0.6492304485369953 0.9965653400427943 0.005120365266802194 0.03455508462565866 1.0444798514488347 1.7052394459146982
255 2040 -0.755308880842367 -0.6986773108561153 0.6492304485369953 0.9965653400427943 0.005120365266802194 0.03455508462565866 1.0444798514488347 1.7052394459146982
256 2048 -0.755308880842367 -0.6986773108561153 0.6492304485369953 0.9965653400427943 0.005120365266802194 0.03455508462565866 1.0444798514488347 1.7052394459146982
257 2056 -0.6945698953868129 -0.6382577642654819 0.7383039457257209 0.9971201134960883 0.004921668590123253 0.03349518773189505 1.02418670939172 1.7175259630883182
258 2064 -0.6945698953868129 -0.6382577642654819 0.7383039457257209 0.9971201134960883 0.004921668590123253 0.03349518773189505 1.02418670939172 1.7175259630883182
259 2072 -0.6945698953868129 -0.6382577642654819 0.7383039457257209 0.9971201134960883 0.004921668590123253 0.03349518773189505 1.02418670939172 1.7175259630883182
260 2080 -0.6945698953868129 -0.6382577642654819 0.7383039457257209 0.9971201134960883 0.004921668590123253 0.03349518773189505 1.02418670939172 1.7175259630883182
261 2088 -0.7290067732243943 -0.6819380156263222 0.7886158895963538 0.9977730013466837 0.004377395330141995 0.026934055040027962 0.9556597686692643 1.7566928592204818
262 2096 -0.7290067732243943 -0.6819380156263222 0.7886158895963538 0.9977730013466837 0.004377395330141995 0.026934055040027962 0.9556597686692643 1.7566928592204818
263 2104 -0.7290067732243943 -0.6819380156263222 0.7886158895963538 0.9977730013466837 0.004377395330141995 0.026934055040027962 0.9556597686692643 1.7566928592204818
264 2112 -0.7290067732243943 -0.6819380156263222 0.7886158895963538 0.9977730013466837 0.004377395330141995 0.026934055040027962 0.9556597686692643 1.7566928592204818
265 2120 -0.8110597402976057 -0.7768217869819225 0.8179339777813087 0.9983930219649643 0.004287198320951064 0.03048952471290319 0.8525261794400198 1.8089364616212316
266 2128 -0.8110597402976057 -0.7768217869819225 0.8179339777813087 0.9983930219649643 0.004287198320951064 0.03048952471290319 0.8525261794400198 1.8089364616212316
267 2136 -0.8110597402976057 -0.7768217869819225 0.8179339777813087 0.9983930219649643 0.004287198320951064 0.03048952471290319 0.8525261794400198 1.8089364616212316
268 2144 -0.8110597402976057 -0.7768217869819225 0.8179339777813087 0.9983930219649643 0.004287198320951064 0.03048952471290319 0.8525261794400198 1.8089364616212316
269 2152 -0.7560040576888001 -0.7177280850302474 0.8452808405029367 0.9983749666408717 0.004527746274139935 0.024070924557312665 0.8764020358649292 1.797587149941955
270 2160 -0.7560040576888001 -0.7177280850302474 0.8452808405029367 0.9983749666408717 0.004527746274139935 0.024070924557312665 0.8764020358649292 1.797587149941955
271 2168 -0.7560040576888001 -0.7177280850302474 0.8452808405029367 0.9983749666408717 0.004527746274139935 0.024070924557312665 0.8764020358649292 1.797587149941955
272 2176 -0.7560040576888001 -0.7177280850302474 0.8452808405029367 0.9983749666408717 0.004527746274139935 0.024070924557312665 0.8764020358649292 1.797587149941955
273 2184 -0.8355183919560571 -0.8063670559261714 0.8309061717774483 0.9986814805332954 0.003543680639659664 0.021962069905373513 0.8120673451886001 1.827580842723882
274 2192 -0.8355183919560571 -0.8063670559261714 0.8309061717774483 0.9986814805332954 0.003543680639659664 0.021962069905373513 0.8120673451886001 1.827580842723882
275 2200 -0.8355183919560571 -0.8063670559261714 0.8309061717774483 0.9986814805332954 0.003543680639659664 0.021962069905373513 0.8120673451886001 1.827580842723882
276 2208 -0.8355183919560571 -0.8063670559261714 0.8309061717774483 0.9986814805332954 0.003543680639659664 0.021962069905373513 0.8120673451886001 1.827580842723882
277 2216 -0.8483869964034191 -0.8214738768699374 0.8022199212111039 0.9987847528586763 0.004024419126467667 0.026241072031920193 0.8259274069013681 1.821301493086329
278 2224 -0.8483869964034191 -0.8214738768699374 0.8022199212111039 0.9987847528586763 0.004024419126467667 0.026241072031920193 0.8259274069013681 1.821301493086329
279 2232 -0.8483869964034191 -0.8214738768699374 0.8022199212111039 0.9987847528586763 0.004024419126467667 0.026241072031920193 0.8259274069013681 1.821301493086329
280 2240 -0.8483869964034191 -0.8214738768699374 0.8022199212111039 0.9987847528586763 0.004024419126467667 0.026241072031920193 0.8259274069013681 1.821301493086329
281 2248 -0.7754132983533073 -0.732750020719257 0.7281669997082099 0.9978638735437657 0.004757447002386897 0.03447346979764748 0.9659784195301875 1.7509068049385415
282 2256 -0.7754132983533073 -0.732750020719257 0.7281669997082099 0.9978638735437657 0.004757447002386897 0.03447346979764748 0.9659784195301875 1.7509068049385415
283 2264 -0.7754132983533073 -0.732750020719257 0.7281669997082099 0.9978638735437657 0.004757447002386897 0.03447346979764748 0.9659784195301875 1.7509068049385415
284 2272 -0.7754132983533073 -0.732750020719257 0.7281669997082099 0.9978638735437657 0.004757447002386897 0.03447346979764748 0.9659784195301875 1.7509068049385415
285 2280 -0.8183637588694728 -0.7851682654053229 0.7837047932985983 0.9984380224539159 0.003984324989421125 0.03250316637010683 0.87707846669031 1.797125769833172
286 2288 -0.8183637588694728 -0.7851682654053229 0.7837047932985983 0.9984380224539159 0.003984324989421125 0.03250316637010683 0.87707846669031 1.797125769833172
287 2296 -0.8183637588694728 -0.7851682654053229 0.7837047932985983 0.9984380224539159 0.003984324989421125 0.03250316637010683 0.87707846669031 1.797125769833172
288 2304 -0.8183637588694728 -0.7851682654053229 0.7837047932985983 0.9984380224539159 0.003984324989421125 0.03250316637010683 0.87707846669031 1.797125769833172
289 2312 -0.8398269190324292 -0.809832768863159 0.7736870953064573 0.9985760434111302 0.00373455515496338 0.03319261564997055 0.8636183111076792 1.8036207240114615
290 2320 -0.8398269190324292 -0.809832768863159 0.7736870953064573 0.9985760434111302 0.00373455515496338 0.03319261564997055 0.8636183111076792 1.8036207240114615
291 2328 -0.8398269190324292 -0.809832768863159 0.7736870953064573 0.9985760434111302 0.00373455515496338 0.03319261564997055 0.8636183111076792 1.8036207240114615
292 2336 -0.8398269190324292 -0.809832768863159 0.7736870953064573 0.9985760434111302 0.00373455515496338 0.03319261564997055 0.8636183111076792 1.8036207240114615
293 2344 -0.8679134420661402 -0.8439121102493392 0.8060477956783034 0.9989102873051499 0.0033071509446699916 0.03377554894074995 0.798752422826543 1.8332601675908162
294 2352 -0.8679134420661402 -0.8439121102493392 0.8060477956783034 0.9989102873051499 0.0033071509446699916 0.03377554894074995 0.798752422826543 1.8332601675908162
295 2360 -0.8679134420661402 -0.8439121102493392 0.8060477956783034 0.9989102873051499 0.0033071509446699916 0.03377554894074995 0.798752422826543 1.8332601675908162
296 2368 -0.8679134420661402 -0.8439121102493392 0.8060477956783034 0.9989102873051499 0.0033071509446699916 0.03377554894074995 0.798752422826543 1.8332601675908162
297 2376 -0.8462358375650152 -0.8180182935928295 0.801512111051663 0.9986947687868546 0.0029760330159761127 0.034949823749722365 0.829550502713487 1.8195097187141247
298 2384 -0.8462358375650152 -0.8180182935928295 0.801512111051663 0.9986947687868546 0.0029760330159761127 0.034949823749722365 0.829550502713487 1.8195097187141247
299 2392 -0.8462358375650152 -0.8180182935928295 0.801512111051663 0.9986947687868546 0.0029760330159761127 0.034949823749722365 0.829550502713487 1.8195097187141247
300 2400 -0.8462358375650152 -0.8180182935928295 0.801512111051663 0.9986947687868546 0.0029760330159761127 0.034949823749722365 0.829550502713487 1.8195097187141247
301 2408 -0.8348612339539307 -0.805761292901638 0.8078899899420275 0.9986939873426881 0.002813387027401 0.028707407099853963 0.8355085406059094 1.8168911492452209
302 2416 -0.8348612339539307 -0.805761292901638 0.8078899899420275 0.9986939873426881 0.002813387027401 0.028707407099853963 0.8355085406059094 1.8168911492452209
303 2424 -0.8348612339539307 -0.805761292901638 0.8078899899420275 0.9986939873426881 0.002813387027401 0.028707407099853963 0.8355085406059094 1.8168911492452209
304 2432 -0.8348612339539307 -0.805761292901638 0.8078899899420275 0.9986939873426881 0.002813387027401 0.028707407099853963 0.8355085406059094 1.8168911492452209
305 2440 -0.8214715020728414 -0.7802209040413873 0.612549297904608 0.9976001871483537 0.004227167383355586 0.032456909853184744 1.008121178580065 1.7270264529986321
306 2448 -0.8214715020728414 -0.7802209040413873 0.612549297904608 0.9976001871483537 0.004227167383355586 0.032456909853184744 1.008121178580065 1.7270264529986321
307 2456 -0.8214715020728414 -0.7802209040413873 0.612549297904608 0.9976001871483537 0.004227167383355586 0.032456909853184744 1.008121178580065 1.7270264529986321
308 2464 -0.8214715020728414 -0.7802209040413873 0.612549297904608 0.9976001871483537 0.004227167383355586 0.032456909853184744 1.008121178580065 1.7270264529986321
309 2472 -0.8019043435113495 -0.7461877383188809 0.4155231026656051 0.9960847558115191 0.00493684449293514 0.04103805617685966 1.1167069238536669 1.6586913973759423
310 2480 -0.8019043435113495 -0.7461877383188809 0.4155231026656051 0.9960847558115191 0.00493684449293514 0.04103805617685966 1.1167069238536669 1.6586913973759423
311 2488 -0.8019043435113495 -0.7461877383188809 0.4155231026656051 0.9960847558115191 0.00493684449293514 0.04103805617685966 1.1167069238536669 1.6586913973759423
312 2496 -0.8019043435113495 -0.7461877383188809 0.4155231026656051 0.9960847558115191 0.00493684449293514 0.04103805617685966 1.1167069238536669 1.6586913973759423
313 2504 -0.9077372119966208 -0.8817917698279776 0.4131362704788416 0.998292180820251 0.0032336648735307887 0.023675456457618156 1.0243050208798326 1.7176228457881475
314 2512 -0.9077372119966208 -0.8817917698279776 0.4131362704788416 0.998292180820251 0.0032336648735307887 0.023675456457618156 1.0243050208798326 1.7176228457881475
315 2520 -0.9077372119966208 -0.8817917698279776 0.4131362704788416 0.998292180820251 0.0032336648735307887 0.023675456457618156 1.0243050208798326 1.7176228457881475
316 2528 -0.9077372119966208 -0.8817917698279776 0.4131362704788416 0.998292180820251 0.0032336648735307887 0.023675456457618156 1.0243050208798326 1.7176228457881475
317 2536 -0.9508443379837428 -0.9371019990901053 0.5052088180524275 0.9991191439494522 0.002759401574666826 0.024348934740395952 0.9301237384718164 1.770386778704351
318 2544 -0.9508443379837428 -0.9371019990901053 0.5052088180524275 0.9991191439494522 0.002759401574666826 0.024348934740395952 0.9301237384718164 1.770386778704351
319 2552 -0.9508443379837428 -0.9371019990901053 0.5052088180524275 0.9991191439494522 0.002759401574666826 0.024348934740395952 0.9301237384718164 1.770386778704351
320 2560 -0.9508443379837428 -0.9371019990901053 0.5052088180524275 0.9991191439494522 0.002759401574666826 0.024348934740395952 0.9301237384718164 1.770386778704351
321 2568 -0.9439183342782725 -0.9291604612183053 0.5870814098179511 0.9991018293713427 0.002767250472060198 0.027470411567518938 0.8882046667936724 1.7917394310275918
322 2576 -0.9439183342782725 -0.9291604612183053 0.5870814098179511 0.9991018293713427 0.002767250472060198 0.027470411567518938 0.8882046667936724 1.7917394310275918
323 2584 -0.9439183342782725 -0.9291604612183053 0.5870814098179511 0.9991018293713427 0.002767250472060198 0.027470411567518938 0.8882046667936724 1.7917394310275918
324 2592 -0.9439183342782725 -0.9291604612183053 0.5870814098179511 0.9991018293713427 0.002767250472060198 0.027470411567518938 0.8882046667936724 1.7917394310275918
325 2600 -0.9334072166794642 -0.9145265306873955 0.40232747057533014 0.9987657464605474 0.0032569870993926623 0.02256536355295731 1.0010335673445232 1.7313035532373446
326 2608 -0.9334072166794642 -0.9145265306873955 0.40232747057533014 0.9987657464605474 0.0032569870993926623 0.02256536355295731 1.0010335673445232 1.7313035532373446
327 2616 -0.9334072166794642 -0.9145265306873955 0.40232747057533014 0.9987657464605474 0.0032569870993926623 0.02256536355295731 1.0010335673445232 1.7313035532373446
328 2624 -0.9334072166794642 -0.9145265306873955 0.40232747057533014 0.9987657464605474 0.0032569870993926623 0.02256536355295731 1.0010335673445232 1.7313035532373446
329 2632 -0.923742774559739 -0.9048816883017456 0.621223193716355 0.9988971818405541 0.0038597302520681424 0.027576635830376093 0.8914819657512939 1.7901074091737819
330 2640 -0.923742774559739 -0.9048816883017456 0.621223193716355 0.9988971818405541 0.0038597302520681424 0.027576635830376093 0.8914819657512939 1.7901074091737819
331 2648 -0.923742774559739 -0.9048816883017456 0.621223193716355 0.9988971818405541 0.0038597302520681424 0.027576635830376093 0.8914819657512939 1.7901074091737819
332 2656 -0.923742774559739 -0.9048816883017456 0.621223193716355 0.9988971818405541 0.0038597302520681424 0.027576635830376093 0.8914819657512939 1.7901074091737819
333 2664 -0.9001050666044088 -0.875395942060885 0.5706681216935527 0.9985451766261908 0.002335106377959005 0.023134471957269923 0.9538711635521027 1.7577227161384756
334 2672 -0.9001050666044088 -0.875395942060885 0.5706681216935527 0.9985451766261908 0.002335106377959005 0.023134471957269923 0.9538711635521027 1.7577227161384756
335 2680 -0.9001050666044088 -0.875395942060885 0.5706681216935527 0.9985451766261908 0.002335106377959005 0.023134471957269923 0.9538711635521027 1.7577227161384756
336 2688 -0.9001050666044088 -0.875395942060885 0.5706681216935527 0.9985451766261908 0.002335106377959005 0.023134471957269923 0.9538711635521027 1.7577227161384756
337 2696 -0.8746729679122036 -0.8371611154193381 0.29299533691677243 0.997344113606994 0.002735565711098779 0.029228726005904218 1.0855726227527827 1.679485123180899
338 2704 -0.8746729679122036 -0.8371611154193381 0.29299533691677243 0.997344113606994 0.002735565711098779 0.029228726005904218 1.0855726227527827 1.679485123180899
339 2712 -0.8746729679122036 -0.8371611154193381 0.29299533691677243 0.997344113606994 0.002735565711098779 0.029228726005904218 1.0855726227527827 1.679485123180899
340 2720 -0.8746729679122036 -0.8371611154193381 0.29299533691677243 0.997344113606994 0.002735565711098779 0.029228726005904218 1.0855726227527827 1.679485123180899
341 2728 -0.9345187369812806 -0.9085250632172126 0.6017785993584895 0.9977275679220439 0.0022709022115549146 0.02813474152911421 0.9551285370279015 1.7569669197446989
342 2736 -0.9345187369812806 -0.9085250632172126 0.6017785993584895 0.9977275679220439 0.0022709022115549146 0.02813474152911421 0.9551285370279015 1.7569669197446989
343 2744 -0.9345187369812806 -0.9085250632172126 0.6017785993584895 0.9977275679220439 0.0022709022115549146 0.02813474152911421 0.9551285370279015 1.7569669197446989
344 2752 -0.9345187369812806 -0.9085250632172126 0.6017785993584895 0.9977275679220439 0.0022709022115549146 0.02813474152911421 0.9551285370279015 1.7569669197446989
345 2760 -0.9136080502506665 -0.8751735716461972 0.7242841933389434 0.9962458650754549 0.0028569544321121105 0.03039783949891204 0.9134440958254182 1.7789569114980988
346 2768 -0.9136080502506665 -0.8751735716461972 0.7242841933389434 0.9962458650754549 0.0028569544321121105 0.03039783949891204 0.9134440958254182 1.7789569114980988
347 2776 -0.9136080502506665 -0.8751735716461972 0.7242841933389434 0.9962458650754549 0.0028569544321121105 0.03039783949891204 0.9134440958254182 1.7789569114980988
348 2784 -0.9136080502506665 -0.8751735716461972 0.7242841933389434 0.9962458650754549 0.0028569544321121105 0.03039783949891204 0.9134440958254182 1.7789569114980988
349 2792 -0.9488551278669242 -0.9250699970264411 0.796761822977339 0.9976243836880343 0.002101988291071391 0.029490303545431244 0.7722456706218518 1.844657834897255
350 2800 -0.9488551278669242 -0.9250699970264411 0.796761822977339 0.9976243836880343 0.002101988291071391 0.029490303545431244 0.7722456706218518 1.844657834897255
351 2808 -0.9488551278669242 -0.9250699970264411 0.796761822977339 0.9976243836880343 0.002101988291071391 0.029490303545431244 0.7722456706218518 1.844657834897255
352 2816 -0.9488551278669242 -0.9250699970264411 0.796761822977339 0.9976243836880343 0.002101988291071391 0.029490303545431244 0.7722456706218518 1.844657834897255
353 2824 -0.8992351920386874 -0.8531279478088596 0.7421107679909345 0.9953508129301404 0.002077355982201487 0.033371063353936053 0.9262268328338691 1.7722826836769832
354 2832 -0.8992351920386874 -0.8531279478088596 0.7421107679909345 0.9953508129301404 0.002077355982201487 0.033371063353936053 0.9262268328338691 1.7722826836769832
355 2840 -0.8992351920386874 -0.8531279478088596 0.7421107679909345 0.9953508129301404 0.002077355982201487 0.033371063353936053 0.9262268328338691 1.7722826836769832
356 2848 -0.8992351920386874 -0.8531279478088596 0.7421107679909345 0.9953508129301404 0.002077355982201487 0.033371063353936053 0.9262268328338691 1.7722826836769832
357 2856 -0.8954113679296487 -0.8521402997874371 0.5918708947650311 0.995972640305917 0.002396061822157949 0.03726097118430085 1.0223694784253536 1.718536158624082
358 2864 -0.8954113679296487 -0.8521402997874371 0.5918708947650311 0.995972640305917 0.002396061822157949 0.03726097118430085 1.0223694784253536 1.718536158624082
359 2872 -0.8954113679296487 -0.8521402997874371 0.5918708947650311 0.995972640305917 0.002396061822157949 0.03726097118430085 1.0223694784253536 1.718536158624082
360 2880 -0.8954113679296487 -0.8521402997874371 0.5918708947650311 0.995972640305917 0.002396061822157949 0.03726097118430085 1.0223694784253536 1.718536158624082
361 2888 -0.9039276120414335 -0.8715302423706016 0.2994351668619467 0.9974758997331786 0.0019322172304917706 0.040058760939815516 1.071553911715281 1.6882428073284428
362 2896 -0.9039276120414335 -0.8715302423706016 0.2994351668619467 0.9974758997331786 0.0019322172304917706 0.040058760939815516 1.071553911715281 1.6882428073284428
363 2904 -0.9039276120414335 -0.8715302423706016 0.2994351668619467 0.9974758997331786 0.0019322172304917706 0.040058760939815516 1.071553911715281 1.6882428073284428
364 2912 -0.9039276120414335 -0.8715302423706016 0.2994351668619467 0.9974758997331786 0.0019322172304917706 0.040058760939815516 1.071553911715281 1.6882428073284428
365 2920 -0.9385849923242704 -0.915407062331844 0.5336355743015464 0.9980351023318815 0.002050369822567295 0.03419989695733307 0.9824869012677643 1.7417076826692142
366 2928 -0.9385849923242704 -0.915407062331844 0.5336355743015464 0.9980351023318815 0.002050369822567295 0.03419989695733307 0.9824869012677643 1.7417076826692142
367 2936 -0.9385849923242704 -0.915407062331844 0.5336355743015464 0.9980351023318815 0.002050369822567295 0.03419989695733307 0.9824869012677643 1.7417076826692142
368 2944 -0.9385849923242704 -0.915407062331844 0.5336355743015464 0.9980351023318815 0.002050369822567295 0.03419989695733307 0.9824869012677643 1.7417076826692142
369 2952 -0.9340777492371346 -0.9023822082263253 0.7973802624479441 0.9966858469848093 0.002402101382379457 0.039328951497869684 0.8071348349281617 1.8294755592050185
370 2960 -0.9340777492371346 -0.9023822082263253 0.7973802624479441 0.9966858469848093 0.002402101382379457 0.039328951497869684 0.8071348349281617 1.8294755592050185
371 2968 -0.9340777492371346 -0.9023822082263253 0.7973802624479441 0.9966858469848093 0.002402101382379457 0.039328951497869684 0.8071348349281617 1.8294755592050185
372 2976 -0.9340777492371346 -0.9023822082263253 0.7973802624479441 0.9966858469848093 0.002402101382379457 0.039328951497869684 0.8071348349281617 1.8294755592050185
373 2984 -0.9429672138946963 -0.9170699348112239 0.775037061264828 0.9974362599092992 0.0024366060674502793 0.03632013208985164 0.8074974223340856 1.8293777149292205
374 2992 -0.9429672138946963 -0.9170699348112239 0.775037061264828 0.9974362599092992 0.0024366060674502793 0.03632013208985164 0.8074974223340856 1.8293777149292205
375 3000 -0.9429672138946963 -0.9170699348112239 0.775037061264828 0.9974362599092992 0.0024366060674502793 0.03632013208985164 0.8074974223340856 1.8293777149292205
376 3008 -0.9429672138946963 -0.9170699348112239 0.775037061264828 0.9974362599092992 0.0024366060674502793 0.03632013208985164 0.8074974223340856 1.8293777149292205
377 3016 -0.9038616152682037 -0.8636097494207949 0.6496445910799696 0.9962229585794123 0.002305912012965623 0.039018926109833096 0.9790726487940635 1.7435277326611125
378 3024 -0.9038616152682037 -0.8636097494207949 0.6496445910799696 0.9962229585794123 0.002305912012965623 0.039018926109833096 0.9790726487940635 1.7435277326611125
379 3032 -0.9038616152682037 -0.8636097494207949 0.6496445910799696 0.9962229585794123 0.002305912012965623 0.039018926109833096 0.9790726487940635 1.7435277326611125
380 3040 -0.9038616152682037 -0.8636097494207949 0.6496445910799696 0.9962229585794123 0.002305912012965623 0.039018926109833096 0.9790726487940635 1.7435277326611125
381 3048 -0.9262168817465206 -0.8952672569224136 0.6719762223448096 0.9971326686518704 0.0020044069544662346 0.03395795980797019 0.9265068330699007 1.7721252573092077
382 3056 -0.9262168817465206 -0.8952672569224136 0.6719762223448096 0.9971326686518704 0.0020044069544662346 0.03395795980797019 0.9265068330699007 1.7721252573092077
383 3064 -0.9262168817465206 -0.8952672569224136 0.6719762223448096 0.9971326686518704 0.0020044069544662346 0.03395795980797019 0.9265068330699007 1.7721252573092077
384 3072 -0.9262168817465206 -0.8952672569224136 0.6719762223448096 0.9971326686518704 0.0020044069544662346 0.03395795980797019 0.9265068330699007 1.7721252573092077
385 3080 -0.8853472212377652 -0.833499597121732 0.6997808284836857 0.9947780217293547 0.0018929915450334814 0.03243198944879399 0.9799601972913815 1.743164534508444
386 3088 -0.8853472212377652 -0.833499597121732 0.6997808284836857 0.9947780217293547 0.0018929915450334814 0.03243198944879399 0.9799601972913815 1.743164534508444
387 3096 -0.8853472212377652 -0.833499597121732 0.6997808284836857 0.9947780217293547 0.0018929915450334814 0.03243198944879399 0.9799601972913815 1.743164534508444
388 3104 -0.8853472212377652 -0.833499597121732 0.6997808284836857 0.9947780217293547 0.0018929915450334814 0.03243198944879399 0.9799601972913815 1.743164534508444
389 3112 -0.8585663212815564 -0.7914117735852015 0.7192142263433385 0.9928454013595199 0.0015087146674280568 0.030954470109544274 1.01012027472287 1.725890082002351
390 3120 -0.8585663212815564 -0.7914117735852015 0.7192142263433385 0.9928454013595199 0.0015087146674280568 0.030954470109544274 1.01012027472287 1.725890082002351
391 3128 -0.8585663212815564 -0.7914117735852015 0.7192142263433385 0.9928454013595199 0.0015087146674280568 0.030954470109544274 1.01012027472287 1.725890082002351
392 3136 -0.8585663212815564 -0.7914117735852015 0.7192142263433385 0.9928454013595199 0.0015087146674280568 0.030954470109544274 1.01012027472287 1.725890082002351
393 3144 -0.8558224614201488 -0.7791729901473246 0.7878235712289762 0.9910337873634152 0.0012842738641098235 0.028274433535312938 0.9692474750178769 1.749216464369224
394 3152 -0.8558224614201488 -0.7791729901473246 0.7878235712289762 0.9910337873634152 0.0012842738641098235 0.028274433535312938 0.9692474750178769 1.749216464369224
395 3160 -0.8558224614201488 -0.7791729901473246 0.7878235712289762 0.9910337873634152 0.0012842738641098235 0.028274433535312938 0.9692474750178769 1.749216464369224
396 3168 -0.8558224614201488 -0.7791729901473246 0.7878235712289762 0.9910337873634152 0.0012842738641098235 0.028274433535312938 0.9692474750178769 1.749216464369224
397 3176 -0.8300316902740965 -0.7542443204422462 0.663728139538136 0.992222014008989 0.0011264872147220399 0.023940634970405758 1.0778328075511046 1.684548015341288
398 3184 -0.8300316902740965 -0.7542443204422462 0.663728139538136 0.992222014008989 0.0011264872147220399 0.023940634970405758 1.0778328075511046 1.684548015341288
399 3192 -0.8300316902740965 -0.7542443204422462 0.663728139538136 0.992222014008989 0.0011264872147220399 0.023940634970405758 1.0778328075511046 1.684548015341288
400 3200 -0.8300316902740965 -0.7542443204422462 0.663728139538136 0.992222014008989 0.0011264872147220399 0.023940634970405758 1.0778328075511046 1.684548015341288
401 3208 -0.9219091389325902 -0.8883281124417405 0.6122627179617202 0.9968479777821464 0.0009575759987020098 0.022543320174583274 0.9730039624643728 1.747213258532667
402 3216 -0.9219091389325902 -0.8883281124417405 0.6122627179617202 0.9968479777821464 0.0009575759987020098 0.022543320174583274 0.9730039624643728 1.747213258532667
403 3224 -0.9219091389325902 -0.8883281124417405 0.6122627179617202 0.9968479777821464 0.0009575759987020098 0.022543320174583274 0.9730039624643728 1.747213258532667
404 3232 -0.9219091389325902 -0.8883281124417405 0.6122627179617202 0.9968479777821464 0.0009575759987020098 0.022543320174583274 0.9730039624643728 1.747213258532667
405 3240 -0.9415865117736496 -0.9130006471162915 0.7488644937112062 0.9970512889425269 0.001025087254841756 0.014155483106235482 0.8390513799726343 1.8154314509945468
406 3248 -0.9415865117736496 -0.9130006471162915 0.7488644937112062 0.9970512889425269 0.001025087254841756 0.014155483106235482 0.8390513799726343 1.8154314509945468
407 3256 -0.9415865117736496 -0.9130006471162915 0.7488644937112062 0.9970512889425269 0.001025087254841756 0.014155483106235482 0.8390513799726343 1.8154314509945468
408 3264 -0.9415865117736496 -0.9130006471162915 0.7488644937112062 0.9970512889425269 0.001025087254841756 0.014155483106235482 0.8390513799726343 1.8154314509945468
409 3272 -0.9620929857047612 -0.943621518306567 0.7751474246270327 0.9981270235036483 0.0009084298586289366 0.009512655695683894 0.7617613485016258 1.8492237106596356
410 3280 -0.9620929857047612 -0.943621518306567 0.7751474246270327 0.9981270235036483 0.0009084298586289366 0.009512655695683894 0.7617613485016258 1.8492237106596356
411 3288 -0.9620929857047612 -0.943621518306567 0.7751474246270327 0.9981270235036483 0.0009084298586289366 0.009512655695683894 0.7617613485016258 1.8492237106596356
412 3296 -0.9620929857047612 -0.943621518306567 0.7751474246270327 0.9981270235036483 0.0009084298586289366 0.009512655695683894 0.7617613485016258 1.8492237106596356
413 3304 -0.9740048574458441 -0.9610086758613344 0.8439226589750914 0.9986627310125598 0.0010336327662358673 0.009014395348699687 0.6441663116330131 1.893401023353722
414 3312 -0.9740048574458441 -0.9610086758613344 0.8439226589750914 0.9986627310125598 0.0010336327662358673 0.009014395348699687 0.6441663116330131 1.893401023353722
415 3320 -0.9740048574458441 -0.9610086758613344 0.8439226589750914 0.9986627310125598 0.0010336327662358673 0.009014395348699687 0.6441663116330131 1.893401023353722
416 3328 -0.9740048574458441 -0.9610086758613344 0.8439226589750914 0.9986627310125598 0.0010336327662358673 0.009014395348699687 0.6441663116330131 1.893401023353722
417 3336 -0.9691205315497746 -0.9527177318392333 0.8615258830108785 0.9982186906266934 0.0008813634925889567 0.012243539572112456 0.6386238562461822 1.8952595835848969
418 3344 -0.9691205315497746 -0.9527177318392333 0.8615258830108785 0.9982186906266934 0.0008813634925889567 0.012243539572112456 0.6386238562461822 1.8952595835848969
419 3352 -0.9691205315497746 -0.9527177318392333 0.8615258830108785 0.9982186906266934 0.0008813634925889567 0.012243539572112456 0.6386238562461822 1.8952595835848969
420 3360 -0.9691205315497746 -0.9527177318392333 0.8615258830108785 0.9982186906266934 0.0008813634925889567 0.012243539572112456 0.6386238562461822 1.8952595835848969
421 3368 -0.958206242215271 -0.9342249465819416 0.8772051073751889 0.997209664335077 0.0011420639293284927 0.013186393500031339 0.6542188740922529 1.889926580451714
422 3376 -0.958206242215271 -0.9342249465819416 0.8772051073751889 0.997209664335077 0.0011420639293284927 0.013186393500031339 0.6542188740922529 1.889926580451714
423 3384 -0.958206242215271 -0.9342249465819416 0.8772051073751889 0.997209664335077 0.0011420639293284927 0.013186393500031339 0.6542188740922529 1.889926580451714
424 3392 -0.958206242215271 -0.9342249465819416 0.8772051073751889 0.997209664335077 0.0011420639293284927 0.013186393500031339 0.6542188740922529 1.889926580451714
425 3400 -0.9241370777850286 -0.8795733627189479 0.8565189487264265 0.9946059090762266 0.0015320957185045692 0.013983615771950128 0.7738604748675121 1.8441643301534931
426 3408 -0.9241370777850286 -0.8795733627189479 0.8565189487264265 0.9946059090762266 0.0015320957185045692 0.013983615771950128 0.7738604748675121 1.8441643301534931
427 3416 -0.9241370777850286 -0.8795733627189479 0.8565189487264265 0.9946059090762266 0.0015320957185045692 0.013983615771950128 0.7738604748675121 1.8441643301534931
428 3424 -0.9241370777850286 -0.8795733627189479 0.8565189487264265 0.9946059090762266 0.0015320957185045692 0.013983615771950128 0.7738604748675121 1.8441643301534931
429 3432 -0.8963172888771664 -0.8363301735095915 0.8338030633355287 0.9926951251663452 0.00157875574224291 0.014171494509015782 0.85895021586071 1.806101105405378
430 3440 -0.8963172888771664 -0.8363301735095915 0.8338030633355287 0.9926951251663452 0.00157875574224291 0.014171494509015782 0.85895021586071 1.806101105405378
431 3448 -0.8963172888771664 -0.8363301735095915 0.8338030633355287 0.9926951251663452 0.00157875574224291 0.014171494509015782 0.85895021586071 1.806101105405378
432 3456 -0.8963172888771664 -0.8363301735095915 0.8338030633355287 0.9926951251663452 0.00157875574224291 0.014171494509015782 0.85895021586071 1.806101105405378
433 3464 -0.8805651082719113 -0.8054780212105848 0.8591528466236493 0.9901230616337161 0.0017945330167605687 0.0123652782823161 0.8668248741331596 1.8023480565995806
434 3472 -0.8805651082719113 -0.8054780212105848 0.8591528466236493 0.9901230616337161 0.0017945330167605687 0.0123652782823161 0.8668248741331596 1.8023480565995806
435 3480 -0.8805651082719113 -0.8054780212105848 0.8591528466236493 0.9901230616337161 0.0017945330167605687 0.0123652782823161 0.8668248741331596 1.8023480565995806
436 3488 -0.8805651082719113 -0.8054780212105848 0.8591528466236493 0.9901230616337161 0.0017945330167605687 0.0123652782823161 0.8668248741331596 1.8023480565995806
437 3496 -0.8427435533548115 -0.7396830559027492 0.8679884907379757 0.98561381507521 0.0017505026611212002 0.010633340100168637 0.928903551984488 1.7711640406606466
438 3504 -0.8427435533548115 -0.7396830559027492 0.8679884907379757 0.98561381507521 0.0017505026611212002 0.010633340100168637 0.928903551984488 1.7711640406606466
439 3512 -0.8427435533548115 -0.7396830559027492 0.8679884907379757 0.98561381507521 0.0017505026611212002 0.010633340100168637 0.928903551984488 1.7711640406606466
440 3520 -0.8427435533548115 -0.7396830559027492 0.8679884907379757 0.98561381507521 0.0017505026611212002 0.010633340100168637 0.928903551984488 1.7711640406606466
441 3528 -0.7873122846516534 -0.6505678815868282 0.8618942961886458 0.980419731734893 0.002014833549946839 0.013803038754156952 1.0220466649931916 1.719077087027575
442 3536 -0.7873122846516534 -0.6505678815868282 0.8618942961886458 0.980419731734893 0.002014833549946839 0.013803038754156952 1.0220466649931916 1.719077087027575
443 3544 -0.7873122846516534 -0.6505678815868282 0.8618942961886458 0.980419731734893 0.002014833549946839 0.013803038754156952 1.0220466649931916 1.719077087027575
444 3552 -0.7873122846516534 -0.6505678815868282 0.8618942961886458 0.980419731734893 0.002014833549946839 0.013803038754156952 1.0220466649931916 1.719077087027575
445 3560 -0.7630050788315346 -0.6235108585810663 0.8339279182756361 0.9810559783496912 0.002121587366061826 0.017524988494509765 1.0741618109577753 1.686969109831365
446 3568 -0.7630050788315346 -0.6235108585810663 0.8339279182756361 0.9810559783496912 0.002121587366061826 0.017524988494509765 1.0741618109577753 1.686969109831365
447 3576 -0.7630050788315346 -0.6235108585810663 0.8339279182756361 0.9810559783496912 0.002121587366061826 0.017524988494509765 1.0741618109577753 1.686969109831365
448 3584 -0.7630050788315346 -0.6235108585810663 0.8339279182756361 0.9810559783496912 0.002121587366061826 0.017524988494509765 1.0741618109577753 1.686969109831365
449 3592 -0.6592072353507841 -0.49424367588533535 0.7891164121343467 0.9794623216767686 0.0018677454807104895 0.01587033328520481 1.210634664099746 1.5918882982572395
450 3600 -0.6592072353507841 -0.49424367588533535 0.7891164121343467 0.9794623216767686 0.0018677454807104895 0.01587033328520481 1.210634664099746 1.5918882982572395
451 3608 -0.6592072353507841 -0.49424367588533535 0.7891164121343467 0.9794623216767686 0.0018677454807104895 0.01587033328520481 1.210634664099746 1.5918882982572395
452 3616 -0.6592072353507841 -0.49424367588533535 0.7891164121343467 0.9794623216767686 0.0018677454807104895 0.01587033328520481 1.210634664099746 1.5918882982572395
453 3624 -0.7205619732886704 -0.5492731552415933 0.8527015287815285 0.9751670060310942 0.0020244204426834752 0.013270315382797158 1.1175373954940697 1.6585927680186732
454 3632 -0.7205619732886704 -0.5492731552415933 0.8527015287815285 0.9751670060310942 0.0020244204426834752 0.013270315382797158 1.1175373954940697 1.6585927680186732
455 3640 -0.7205619732886704 -0.5492731552415933 0.8527015287815285 0.9751670060310942 0.0020244204426834752 0.013270315382797158 1.1175373954940697 1.6585927680186732
456 3648 -0.7205619732886704 -0.5492731552415933 0.8527015287815285 0.9751670060310942 0.0020244204426834752 0.013270315382797158 1.1175373954940697 1.6585927680186732
457 3656 -0.6704942440784831 -0.5057244923968902 0.7966250000881885 0.9790799556125362 0.0020859816796760075 0.015483943874234721 1.197448260040126 1.6018344361042456
458 3664 -0.6704942440784831 -0.5057244923968902 0.7966250000881885 0.9790799556125362 0.0020859816796760075 0.015483943874234721 1.197448260040126 1.6018344361042456
459 3672 -0.6704942440784831 -0.5057244923968902 0.7966250000881885 0.9790799556125362 0.0020859816796760075 0.015483943874234721 1.197448260040126 1.6018344361042456
460 3680 -0.6704942440784831 -0.5057244923968902 0.7966250000881885 0.9790799556125362 0.0020859816796760075 0.015483943874234721 1.197448260040126 1.6018344361042456
461 3688 -0.6308642180229045 -0.3823695163824648 0.8886280534021349 0.9581145603938441 0.0016738479147805265 0.011965493679390883 1.2046526766256096 1.5964541815827105
462 3696 -0.6308642180229045 -0.3823695163824648 0.8886280534021349 0.9581145603938441 0.0016738479147805265 0.011965493679390883 1.2046526766256096 1.5964541815827105
463 3704 -0.6308642180229045 -0.3823695163824648 0.8886280534021349 0.9581145603938441 0.0016738479147805265 0.011965493679390883 1.2046526766256096 1.5964541815827105
464 3712 -0.6308642180229045 -0.3823695163824648 0.8886280534021349 0.9581145603938441 0.0016738479147805265 0.011965493679390883 1.2046526766256096 1.5964541815827105
465 3720 -0.7548391644916389 -0.49564841825893347 0.9431328153904028 0.9437829998817125 0.0012691513098414715 0.00930345454058221 1.032576607841171 1.712803953734281
466 3728 -0.7548391644916389 -0.49564841825893347 0.9431328153904028 0.9437829998817125 0.0012691513098414715 0.00930345454058221 1.032576607841171 1.712803953734281
467 3736 -0.7548391644916389 -0.49564841825893347 0.9431328153904028 0.9437829998817125 0.0012691513098414715 0.00930345454058221 1.032576607841171 1.712803953734281
468 3744 -0.7548391644916389 -0.49564841825893347 0.9431328153904028 0.9437829998817125 0.0012691513098414715 0.00930345454058221 1.032576607841171 1.712803953734281
469 3752 -0.7627949257431126 -0.512193498609465 0.9415017580958938 0.9460471435406519 0.0013861716195980626 0.00925696809297172 1.02189133697804 1.7192005358535698
470 3760 -0.7627949257431126 -0.512193498609465 0.9415017580958938 0.9460471435406519 0.0013861716195980626 0.00925696809297172 1.02189133697804 1.7192005358535698
471 3768 -0.7627949257431126 -0.512193498609465 0.9415017580958938 0.9460471435406519 0.0013861716195980626 0.00925696809297172 1.02189133697804 1.7192005358535698
472 3776 -0.7627949257431126 -0.512193498609465 0.9415017580958938 0.9460471435406519 0.0013861716195980626 0.00925696809297172 1.02189133697804 1.7192005358535698
473 3784 -0.7751179790459786 -0.5432624757294687 0.9377646819262508 0.9515138562476331 0.0015152337264877317 0.010555348109488496 1.0034329862825482 1.7300313669795497
474 3792 -0.7751179790459786 -0.5432624757294687 0.9377646819262508 0.9515138562476331 0.0015152337264877317 0.010555348109488496 1.0034329862825482 1.7300313669795497
475 3800 -0.7751179790459786 -0.5432624757294687 0.9377646819262508 0.9515138562476331 0.0015152337264877317 0.010555348109488496 1.0034329862825482 1.7300313669795497
476 3808 -0.7751179790459786 -0.5432624757294687 0.9377646819262508 0.9515138562476331 0.0015152337264877317 0.010555348109488496 1.0034329862825482 1.7300313669795497
477 3816 -0.8576321542481655 -0.7018011237601038 0.947438927646611 0.9682023985488624 0.001305935219439347 0.011283022358432872 0.8401417048509279 1.8149470801403107
478 3824 -0.8576321542481655 -0.7018011237601038 0.947438927646611 0.9682023985488624 0.001305935219439347 0.011283022358432872 0.8401417048509279 1.8149470801403107
479 3832 -0.8576321542481655 -0.7018011237601038 0.947438927646611 0.9682023985488624 0.001305935219439347 0.011283022358432872 0.8401417048509279 1.8149470801403107
480 3840 -0.8576321542481655 -0.7018011237601038 0.947438927646611 0.9682023985488624 0.001305935219439347 0.011283022358432872 0.8401417048509279 1.8149470801403107
481 3848 -0.8564105841701519 -0.7103750992923622 0.941065975195513 0.9717302809236675 0.0010457908345159947 0.009495469642488165 0.8453130601745803 1.8125547088780756
482 3856 -0.8564105841701519 -0.7103750992923622 0.941065975195513 0.9717302809236675 0.0010457908345159947 0.009495469642488165 0.8453130601745803 1.8125547088780756
483 3864 -0.8564105841701519 -0.7103750992923622 0.941065975195513 0.9717302809236675 0.0010457908345159947 0.009495469642488165 0.8453130601745803 1.8125547088780756
484 3872 -0.8564105841701519 -0.7103750992923622 0.941065975195513 0.9717302809236675 0.0010457908345159947 0.009495469642488165 0.8453130601745803 1.8125547088780756
485 3880 -0.8621632611743594 -0.7339889258108188 0.9320141348632747 0.9768763193968806 0.0010234740539996003 0.009985269736439251 0.8385574406194846 1.815687381040814
486 3888 -0.8621632611743594 -0.7339889258108188 0.9320141348632747 0.9768763193968806 0.0010234740539996003 0.009985269736439251 0.8385574406194846 1.815687381040814
487 3896 -0.8621632611743594 -0.7339889258108188 0.9320141348632747 0.9768763193968806 0.0010234740539996003 0.009985269736439251 0.8385574406194846 1.815687381040814
488 3904 -0.8621632611743594 -0.7339889258108188 0.9320141348632747 0.9768763193968806 0.0010234740539996003 0.009985269736439251 0.8385574406194846 1.815687381040814
489 3912 -0.9156470777857089 -0.841632735866242 0.9358745584120987 0.9877086854805557 0.0007793648160609951 0.010197516938651969 0.702977531278632 1.87235626784973
490 3920 -0.9156470777857089 -0.841632735866242 0.9358745584120987 0.9877086854805557 0.0007793648160609951 0.010197516938651969 0.702977531278632 1.87235626784973
491 3928 -0.9156470777857089 -0.841632735866242 0.9358745584120987 0.9877086854805557 0.0007793648160609951 0.010197516938651969 0.702977531278632 1.87235626784973
492 3936 -0.9156470777857089 -0.841632735866242 0.9358745584120987 0.9877086854805557 0.0007793648160609951 0.010197516938651969 0.702977531278632 1.87235626784973
493 3944 -0.9253197855170627 -0.862326613889475 0.9317231317860263 0.9899218808710066 0.0007573607026315982 0.007153564175048281 0.6817372071232995 1.880208135645648
494 3952 -0.9253197855170627 -0.862326613889475 0.9317231317860263 0.9899218808710066 0.0007573607026315982 0.007153564175048281 0.6817372071232995 1.880208135645648
495 3960 -0.9253197855170627 -0.862326613889475 0.9317231317860263 0.9899218808710066 0.0007573607026315982 0.007153564175048281 0.6817372071232995 1.880208135645648
496 3968 -0.9253197855170627 -0.862326613889475 0.9317231317860263 0.9899218808710066 0.0007573607026315982 0.007153564175048281 0.6817372071232995 1.880208135645648
497 3976 -0.8760638610326141 -0.7830533248876044 0.8894899036240231 0.9858924815052597 0.0008454147560462345 0.009254205852866921 0.8512112367245688 1.8097936554816834
498 3984 -0.8760638610326141 -0.7830533248876044 0.8894899036240231 0.9858924815052597 0.0008454147560462345 0.009254205852866921 0.8512112367245688 1.8097936554816834
499 3992 -0.8760638610326141 -0.7830533248876044 0.8894899036240231 0.9858924815052597 0.0008454147560462345 0.009254205852866921 0.8512112367245688 1.8097936554816834
500 4000 -0.8760638610326141 -0.7830533248876044 0.8894899036240231 0.9858924815052597 0.0008454147560462345 0.009254205852866921 0.8512112367245688 1.8097936554816834
501 4008 -0.802594125525357 -0.6701180953103549 0.8544868356402966 0.9805886314734276 0.0009122914427867673 0.00959725436939222 1.009641021051762 1.7264217529452208
502 4016 -0.802594125525357 -0.6701180953103549 0.8544868356402966 0.9805886314734276 0.0009122914427867673 0.00959725436939222 1.009641021051762 1.7264217529452208
503 4024 -0.802594125525357 -0.6701180953103549 0.8544868356402966 0.9805886314734276 0.0009122914427867673 0.00959725436939222 1.009641021051762 1.7264217529452208
504 4032 -0.802594125525357 -0.6701180953103549 0.8544868356402966 0.9805886314734276 0.0009122914427867673 0.00959725436939222 1.009641021051762 1.7264217529452208
505 4040 -0.801933260730394 -0.6609212191895294 0.8741451259260934 0.9783328858063528 0.000701464108434866 0.008498851365171062 0.9960554450092217 1.734301250631233
