% # columns="iteration, evaluation, sigma, axis ratio, bestever, best, median, worst objective function value, further objective values of best", seed=1101981, Wed Apr 27 01:27:35 2022, <python>{}</python>
1 8 0.9464691654807351 1.0000375007031337 473.0 4.7300000000000000e+02 488.0 489.0   
2 16 0.8711974506710385 1.4672989040711522 473.0 4.7700000000000000e+02 489.0 489.0   
3 24 0.8603429213956328 1.781616692252243 473.0 4.7300000000000000e+02 488.0 488.0   
4 32 0.8870737201058991 2.0480387918270444 473.0 4.7300000000000000e+02 488.0 489.0   
5 40 0.9549285003714775 2.3788117495490875 473.0 4.7300000000000000e+02 488.0 489.0   
6 48 0.8868593207749884 2.2021730738581478 473.0 4.7300000000000000e+02 487.0 489.0   
7 56 0.9104721728255247 2.2622681034934624 473.0 4.7300000000000000e+02 486.0 489.0   
8 64 0.892270433189881 2.5098601031665635 473.0 4.7300000000000000e+02 477.0 489.0   
9 72 0.7545715560047975 2.758443736123228 473.0 4.7600000000000000e+02 488.0 489.0   
10 80 0.6726096783647474 2.6027778548114124 473.0 4.7300000000000000e+02 487.0 489.0   
11 88 0.6337345134151782 2.540287591256163 472.0 4.7200000000000000e+02 476.0 489.0   
12 96 0.6923843956923221 2.5330146304517243 472.0 4.7300000000000000e+02 487.0 489.0   
13 104 0.827580336470214 2.6701844414424305 472.0 4.7200000000000000e+02 488.0 489.0   
14 112 0.9044784423896801 2.5405113468912446 472.0 4.7300000000000000e+02 487.0 489.0   
15 120 0.9826149002959211 2.3205128326092828 472.0 4.7200000000000000e+02 476.0 489.0   
16 128 1.0492544527426946 2.4434264313255327 472.0 4.7300000000000000e+02 488.0 489.0   
17 136 1.0336868243481607 2.6015731112995626 472.0 4.8600000000000000e+02 488.0 489.0   
18 144 1.097132429687171 3.1245938380721068 472.0 4.7300000000000000e+02 488.0 489.0   
19 152 1.1582175908706878 2.8048538634749915 472.0 4.7300000000000000e+02 488.0 488.0   
20 160 1.307368563646477 3.018471687097445 472.0 4.7200000000000000e+02 476.0 489.0   
21 168 1.523211966192646 3.4362980502319185 472.0 4.7300000000000000e+02 477.0 488.0   
22 176 2.2344528681216334 3.743667953337308 472.0 4.7600000000000000e+02 488.0 489.0   
23 184 2.4063662637485606 3.738168699133157 472.0 4.7200000000000000e+02 476.0 489.0   
24 192 2.2636899104506067 3.388009548055999 472.0 4.7300000000000000e+02 476.0 487.0   
25 200 2.0275018486335 3.535083321881767 472.0 4.7300000000000000e+02 487.0 489.0   
26 208 1.9274924513561922 3.573311608900477 472.0 4.7200000000000000e+02 488.0 489.0   
27 216 1.952402491086256 3.6517104257350734 472.0 4.7300000000000000e+02 487.0 489.0   
28 224 2.36142310601679 3.2924849211487173 472.0 4.7200000000000000e+02 476.0 488.0   
29 232 2.5886840833338436 3.3098191666548096 472.0 4.7200000000000000e+02 473.0 486.0   
30 240 3.6050066970331667 3.2103800889469083 472.0 4.7600000000000000e+02 477.0 489.0   
31 248 4.060077221901687 3.531685602118335 472.0 4.7200000000000000e+02 480.0 489.0   
32 256 3.817923002095184 3.623755796895971 472.0 4.7300000000000000e+02 488.0 489.0   
33 264 3.6883415100905705 3.459847686502913 472.0 4.7200000000000000e+02 477.0 488.0   
34 272 3.6628086988987354 3.1076940154392627 472.0 4.7300000000000000e+02 477.0 489.0   
35 280 3.4225504924013253 3.033009018803781 472.0 4.7300000000000000e+02 476.0 488.0   
36 288 3.2909878978221934 3.2399317523408593 472.0 4.7300000000000000e+02 473.0 489.0   
37 296 3.0653040033872383 3.6339119940196403 472.0 4.7200000000000000e+02 476.0 488.0   
38 304 3.0294419977902085 3.737206042407792 472.0 4.7200000000000000e+02 476.0 487.0   
39 312 2.49883244738972 4.5578324501793945 472.0 4.7300000000000000e+02 477.0 488.0   
40 320 2.1718509828878623 4.250493245116635 472.0 4.7200000000000000e+02 473.0 479.0   
41 328 1.9408842523377667 4.089205079170668 472.0 4.7200000000000000e+02 479.0 489.0   
42 336 1.905290357289827 3.8561052306705665 472.0 4.7200000000000000e+02 476.0 489.0   
43 344 1.8527615407245883 3.8376502662289633 472.0 4.7200000000000000e+02 476.0 489.0   
44 352 2.0118529120636697 4.005661381867929 472.0 4.7200000000000000e+02 476.0 488.0   
45 360 2.4804528240369814 4.622056436383187 472.0 4.7200000000000000e+02 487.0 489.0   
46 368 3.2946797731736277 5.102292522666129 472.0 4.7300000000000000e+02 476.0 487.0   
47 376 3.754861329198845 5.439657749655021 472.0 4.7300000000000000e+02 479.0 488.0   
48 384 3.8587211294581003 4.934069455910485 472.0 4.7200000000000000e+02 477.0 488.0   
49 392 3.7157977434879665 4.592360841790364 472.0 4.7300000000000000e+02 487.0 488.0   
50 400 3.9592723567483294 4.9717845562517065 472.0 4.7300000000000000e+02 477.0 489.0   
51 408 3.6973941258566088 5.213002195711699 472.0 4.7300000000000000e+02 477.0 488.0   
52 416 3.7994352699910645 5.243514639782169 472.0 4.7200000000000000e+02 477.0 489.0   
53 424 4.077080900090409 4.885419215019852 472.0 4.7300000000000000e+02 488.0 489.0   
54 432 3.6746709557770623 4.508135296933782 472.0 4.7300000000000000e+02 477.0 489.0   
55 440 3.640354824089818 4.8040550160346305 472.0 4.7200000000000000e+02 476.0 479.0   
56 448 3.7546653337139007 3.625818307246558 472.0 4.7200000000000000e+02 476.0 488.0   
57 456 3.5492541069542067 3.7716686290279933 472.0 4.7200000000000000e+02 476.0 488.0   
58 464 2.910582967933736 3.40804770488092 472.0 4.7300000000000000e+02 477.0 489.0   
59 472 2.7428060969428585 3.3988117065575425 472.0 4.7300000000000000e+02 477.0 488.0   
60 480 2.804984018868008 3.4958781341839567 472.0 4.7200000000000000e+02 474.0 477.0   
61 488 2.901463082155702 3.6252075101167285 472.0 4.7300000000000000e+02 477.0 488.0   
62 496 2.311191719451738 4.100697142444117 472.0 4.7300000000000000e+02 487.0 489.0   
63 504 2.2385897896506117 4.696530642298265 472.0 4.7300000000000000e+02 476.0 488.0   
64 512 2.0402943323934246 4.5258942227076435 472.0 4.7300000000000000e+02 476.0 487.0   
65 520 1.9415995369715375 4.571650045428679 472.0 4.7300000000000000e+02 477.0 487.0   
66 528 1.7937065392893086 4.621336660473261 472.0 4.7300000000000000e+02 477.0 488.0   
67 536 2.0897981633751344 4.886546833838292 472.0 4.7200000000000000e+02 477.0 488.0   
68 544 2.28966109852825 5.745888252342443 472.0 4.7600000000000000e+02 488.0 488.0   
69 552 2.5061937422704137 6.707434454715163 472.0 4.7300000000000000e+02 476.0 488.0   
70 560 2.386595526519333 6.671315992211407 472.0 4.7200000000000000e+02 476.0 488.0   
71 568 2.141525783744433 7.356812379224006 472.0 4.7300000000000000e+02 477.0 488.0   
72 576 1.8474757700880469 8.419349881312632 472.0 4.7200000000000000e+02 477.0 479.0   
73 584 1.8874968824963694 9.059366981976005 472.0 4.7300000000000000e+02 477.0 488.0   
74 592 2.0880997626621185 9.9137697178833 472.0 4.7300000000000000e+02 473.0 488.0   
75 600 1.8160456459026202 9.63375724401479 472.0 4.7200000000000000e+02 477.0 489.0   
76 608 1.9850440201715989 9.34084380148698 472.0 4.7300000000000000e+02 476.0 488.0   
77 616 1.879291226268434 9.468353193066395 472.0 4.7200000000000000e+02 479.0 488.0   
78 624 1.8828621573933342 9.508549481291352 472.0 4.7200000000000000e+02 487.0 488.0   
79 632 2.6297787713448617 9.378476778392722 472.0 4.7300000000000000e+02 474.0 488.0   
80 640 2.5148017174069404 9.123129400491269 472.0 4.7200000000000000e+02 480.0 488.0   
81 648 2.1774186363408896 9.438182585916332 472.0 4.7200000000000000e+02 476.0 488.0   
82 656 1.9831148482356908 9.394325001461477 472.0 4.7300000000000000e+02 477.0 488.0   
83 664 1.7129012004365083 10.81732830133323 472.0 4.7600000000000000e+02 477.0 489.0   
84 672 1.610333000989818 11.79764136155545 472.0 4.7300000000000000e+02 477.0 489.0   
85 680 1.9434572835049035 12.220276126801108 472.0 4.7300000000000000e+02 476.0 489.0   
86 688 1.9077595005251475 16.4788971486739 472.0 4.7200000000000000e+02 476.0 489.0   
87 696 1.7266974046277719 14.970511120105474 472.0 4.7200000000000000e+02 476.0 477.0   
88 704 1.8298084843333593 15.42850733406535 472.0 4.7200000000000000e+02 479.0 489.0   
89 712 1.735094837894139 17.532140838912632 472.0 4.7300000000000000e+02 477.0 488.0   
90 720 1.7009792965018116 18.016560088874662 472.0 4.7300000000000000e+02 476.0 488.0   
91 728 1.513251938329842 19.491230816811367 472.0 4.7300000000000000e+02 487.0 489.0   
92 736 1.329953473947743 20.631559563576015 472.0 4.7200000000000000e+02 476.0 488.0   
93 744 1.3259004407993764 21.5920160856893 472.0 4.7200000000000000e+02 476.0 489.0   
94 752 1.167731243856371 22.616234616738293 472.0 4.7200000000000000e+02 477.0 489.0   
95 760 0.9944280163049632 22.135964507491682 472.0 4.7300000000000000e+02 473.0 489.0   
96 768 0.8602428439599478 24.017178708182634 472.0 4.7200000000000000e+02 476.0 488.0   
97 776 0.9949028814056641 21.265490434188532 472.0 4.7200000000000000e+02 473.0 488.0   
98 784 1.1738126507834457 23.641096862648197 472.0 4.7300000000000000e+02 477.0 489.0   
99 792 1.1202753387441646 16.006063909422313 472.0 4.7200000000000000e+02 479.0 489.0   
100 800 1.0416456151862359 17.44064614487826 472.0 4.7300000000000000e+02 476.0 489.0   
101 808 0.9178701883590116 18.078601659590195 472.0 4.7300000000000000e+02 488.0 489.0   
102 816 0.9247406918641452 20.527880297860726 472.0 4.7200000000000000e+02 488.0 489.0   
103 824 0.9063854072886807 21.5332155174972 472.0 4.7200000000000000e+02 479.0 488.0   
104 832 0.7514883210449589 20.2396118045596 472.0 4.7300000000000000e+02 488.0 489.0   
105 840 0.6985894444121898 19.88674244770537 472.0 4.7300000000000000e+02 476.0 488.0   
106 848 0.6453764909153067 23.147429551392076 472.0 4.7300000000000000e+02 488.0 489.0   
107 856 0.6556234137931266 21.614204568451797 472.0 4.7200000000000000e+02 488.0 489.0   
108 864 0.7166365971064635 21.901170679270194 472.0 4.7200000000000000e+02 477.0 488.0   
109 872 0.7046847555541118 18.298275400598964 472.0 4.7300000000000000e+02 488.0 489.0   
110 880 0.699327870912972 18.30870242218591 472.0 4.7600000000000000e+02 488.0 489.0   
111 888 0.5708447175638669 17.07001771623365 472.0 4.7300000000000000e+02 473.0 476.0   
112 896 0.5908588527129784 15.223799451925608 472.0 4.7300000000000000e+02 476.0 489.0   
113 904 0.6125179493532571 16.787108072019002 472.0 4.7200000000000000e+02 476.0 488.0   
114 912 0.5824969069297787 16.09398450316829 472.0 4.7200000000000000e+02 473.0 488.0   
115 920 0.6000808015806285 14.31158428766358 472.0 4.7300000000000000e+02 476.0 489.0   
116 928 0.6847698498971572 15.856316327457304 472.0 4.7300000000000000e+02 476.0 488.0   
117 936 0.7759565706028769 16.046140696307038 472.0 4.7200000000000000e+02 476.0 488.0   
118 944 0.9657114304872129 15.239814107053677 472.0 4.7300000000000000e+02 480.0 488.0   
119 952 0.9225453039743609 13.58129775378895 472.0 4.7300000000000000e+02 487.0 488.0   
120 960 0.8377790527169007 14.388710045673601 472.0 4.7200000000000000e+02 476.0 488.0   
121 968 0.776631446467217 12.845381637780754 472.0 4.7300000000000000e+02 488.0 488.0   
122 976 0.7958046980161426 12.984022374791454 472.0 4.7300000000000000e+02 489.0 489.0   
123 984 0.782019765215875 13.00417398681078 472.0 4.7300000000000000e+02 477.0 488.0   
124 992 0.6438380695724742 10.501638463899711 472.0 4.7300000000000000e+02 473.0 489.0   
125 1000 0.6150663866944638 10.490921841234268 472.0 4.7300000000000000e+02 477.0 489.0   
126 1008 0.553541922645402 10.427177070575533 472.0 4.7200000000000000e+02 486.0 489.0   
127 1016 0.5532895852370331 12.605578064731707 472.0 4.7200000000000000e+02 477.0 489.0   
128 1024 0.6635441054603728 11.62280330862237 472.0 4.7200000000000000e+02 476.0 488.0   
129 1032 0.8215582367840316 15.235590489079259 472.0 4.7300000000000000e+02 477.0 489.0   
130 1040 0.7600006453220057 16.17150393896633 472.0 4.7200000000000000e+02 477.0 488.0   
131 1048 0.6459712736332246 16.630437466969532 472.0 4.7200000000000000e+02 488.0 489.0   
132 1056 0.5971169970313911 16.031284444443333 472.0 4.7700000000000000e+02 488.0 489.0   
133 1064 0.6526104384642734 16.332779059097902 472.0 4.7600000000000000e+02 477.0 489.0   
134 1072 0.7624411758192023 17.696494132777353 472.0 4.7300000000000000e+02 477.0 489.0   
135 1080 0.7894753141052606 17.97538608218642 472.0 4.7300000000000000e+02 476.0 489.0   
136 1088 0.8755154470144222 15.983209623513403 472.0 4.7300000000000000e+02 473.0 488.0   
137 1096 0.805665840417079 16.729593434649434 472.0 4.7300000000000000e+02 488.0 489.0   
138 1104 0.7910280570473986 15.42853553596065 472.0 4.7300000000000000e+02 473.0 488.0   
139 1112 0.94651715449112 12.859649807910127 472.0 4.7200000000000000e+02 474.0 489.0   
140 1120 0.9733137234746135 16.541483139435144 472.0 4.7200000000000000e+02 473.0 476.0   
141 1128 1.008508235376605 18.059952974762368 472.0 4.7300000000000000e+02 474.0 488.0   
142 1136 1.0617719948955915 18.445783139847578 472.0 4.7200000000000000e+02 476.0 489.0   
143 1144 1.1171830001772736 22.211944045185366 472.0 4.7200000000000000e+02 474.0 479.0   
144 1152 1.025541739327372 23.866183246296423 472.0 4.7300000000000000e+02 477.0 489.0   
145 1160 0.8568335159025089 25.63632093447493 472.0 4.7300000000000000e+02 488.0 488.0   
146 1168 0.9116694225610067 23.46088880379416 472.0 4.7300000000000000e+02 476.0 489.0   
147 1176 1.1882733774623626 27.44851660630359 472.0 4.7600000000000000e+02 477.0 488.0   
148 1184 1.1046587612163032 30.83131728805666 472.0 4.7300000000000000e+02 477.0 488.0   
149 1192 0.9346714449311723 33.3967273898886 472.0 4.7200000000000000e+02 473.0 488.0   
150 1200 0.7587552441367402 30.7070230549838 472.0 4.7200000000000000e+02 476.0 488.0   
151 1208 0.7149049937520049 30.067936212534004 472.0 4.7300000000000000e+02 476.0 487.0   
152 1216 0.8386916990960991 27.81824159578151 472.0 4.7200000000000000e+02 477.0 489.0   
153 1224 0.9030457874272969 24.740964353291258 472.0 4.7200000000000000e+02 488.0 489.0   
154 1232 0.9852068892119095 24.57337801302116 472.0 4.7200000000000000e+02 487.0 489.0   
155 1240 1.2870528057952397 23.053883552362105 472.0 4.7300000000000000e+02 473.0 488.0   
156 1248 1.4624665380935098 22.52170587529941 472.0 4.7300000000000000e+02 477.0 488.0   
157 1256 1.3926995546604881 21.950192766660848 472.0 4.7200000000000000e+02 476.0 487.0   
158 1264 1.3887899995815987 22.535597972079174 472.0 4.7300000000000000e+02 477.0 489.0   
159 1272 1.3535073152924362 21.84141690292973 472.0 4.7200000000000000e+02 476.0 489.0   
160 1280 1.3596100161112463 24.388331991438545 472.0 4.7300000000000000e+02 476.0 489.0   
161 1288 1.3127003704301057 24.60052783014526 472.0 4.7200000000000000e+02 476.0 488.0   
162 1296 1.1903516539612424 25.768957731554284 472.0 4.7300000000000000e+02 480.0 488.0   
163 1304 1.1959629947074042 23.02743947409172 472.0 4.7300000000000000e+02 479.0 489.0   
164 1312 1.2367801754844974 22.836493871261858 472.0 4.7200000000000000e+02 476.0 488.0   
165 1320 1.1489262300876708 21.861139345390207 472.0 4.7200000000000000e+02 486.0 488.0   
166 1328 1.163542380554496 23.886037113463324 472.0 4.7200000000000000e+02 476.0 489.0   
167 1336 1.1030866879470784 19.99746543549309 472.0 4.7300000000000000e+02 476.0 488.0   
168 1344 0.8847345630356236 18.339327343833094 472.0 4.7300000000000000e+02 487.0 488.0   
169 1352 0.844381069946021 18.277872584746625 472.0 4.7200000000000000e+02 473.0 488.0   
170 1360 0.7857071975395833 20.916066014277117 472.0 4.7300000000000000e+02 476.0 489.0   
171 1368 0.8207305858376817 22.84032186936874 472.0 4.7300000000000000e+02 476.0 488.0   
172 1376 0.816234618359741 25.394304417854126 472.0 4.7200000000000000e+02 477.0 488.0   
173 1384 0.7069476460692976 25.919041785021435 472.0 4.7300000000000000e+02 476.0 489.0   
174 1392 0.6526455509474046 26.97670245281808 472.0 4.7300000000000000e+02 476.0 488.0   
175 1400 0.5568100523102395 26.57885332443313 472.0 4.7300000000000000e+02 477.0 488.0   
176 1408 0.48868889195455734 27.59158267150211 472.0 4.7200000000000000e+02 486.0 488.0   
177 1416 0.4460742806389767 30.08310299516365 472.0 4.7300000000000000e+02 476.0 489.0   
178 1424 0.4051016345873618 31.974352599567283 472.0 4.7200000000000000e+02 487.0 488.0   
179 1432 0.3476286753370568 31.6733283222663 472.0 4.7200000000000000e+02 477.0 489.0   
180 1440 0.3247898784273604 36.92506698084955 472.0 4.7300000000000000e+02 476.0 489.0   
181 1448 0.39344836728607285 36.4274248244413 472.0 4.7300000000000000e+02 479.0 489.0   
182 1456 0.32471334177524175 42.188049415577595 472.0 4.7300000000000000e+02 479.0 487.0   
183 1464 0.2999561016673126 39.98472938467427 472.0 4.7300000000000000e+02 476.0 489.0   
184 1472 0.31373820964241955 37.804798875902655 472.0 4.7300000000000000e+02 488.0 489.0   
185 1480 0.31350587110020706 29.26391443701701 472.0 4.7300000000000000e+02 476.0 488.0   
186 1488 0.37231606529924854 31.011223165729692 472.0 4.7200000000000000e+02 486.0 489.0   
187 1496 0.36811832427879493 32.90366712382807 472.0 4.7300000000000000e+02 476.0 489.0   
188 1504 0.43060339279922527 35.417702901959686 472.0 4.7300000000000000e+02 476.0 489.0   
189 1512 0.4082995885785947 39.6344063319547 472.0 4.7200000000000000e+02 476.0 488.0   
190 1520 0.4526999617766649 39.43629865848502 472.0 4.7200000000000000e+02 477.0 489.0   
191 1528 0.42322700270870495 38.65426481353212 472.0 4.7200000000000000e+02 473.0 488.0   
192 1536 0.3701533964906616 38.05871745996119 472.0 4.7300000000000000e+02 488.0 489.0   
193 1544 0.37471893431484415 40.30170530665107 472.0 4.7300000000000000e+02 477.0 488.0   
194 1552 0.44659264682153765 45.09401248345012 472.0 4.7600000000000000e+02 488.0 489.0   
195 1560 0.4700694188371369 52.770470727821916 472.0 4.7200000000000000e+02 476.0 488.0   
196 1568 0.5358950938750942 55.448953881429965 472.0 4.7300000000000000e+02 488.0 488.0   
197 1576 0.6698401215926846 50.64173176325297 472.0 4.7200000000000000e+02 474.0 488.0   
198 1584 0.6572817833086367 57.989518618931676 472.0 4.7300000000000000e+02 487.0 488.0   
199 1592 0.6853026482065226 53.80354079412817 472.0 4.7200000000000000e+02 488.0 489.0   
200 1600 0.6542405443049886 54.271433397869124 472.0 4.7300000000000000e+02 476.0 488.0   
201 1608 0.6459525549031472 64.0732199774458 472.0 4.7300000000000000e+02 476.0 489.0   
202 1616 0.7425105968221503 60.75338910161458 472.0 4.7300000000000000e+02 476.0 488.0   
203 1624 0.7231564874636641 65.59052447211613 472.0 4.7200000000000000e+02 474.0 489.0   
204 1632 0.878384495965528 72.20333592922677 472.0 4.7200000000000000e+02 476.0 489.0   
205 1640 1.010178234497611 120.44601557481344 472.0 4.7300000000000000e+02 477.0 488.0   
206 1648 0.9917857455932556 138.63580123390744 472.0 4.7200000000000000e+02 476.0 488.0   
207 1656 0.9856980546475731 150.92260030579286 472.0 4.7300000000000000e+02 487.0 489.0   
208 1664 1.0841071564283133 157.41194955516684 472.0 4.7300000000000000e+02 488.0 489.0   
209 1672 0.9104106155703866 155.3741566742131 472.0 4.7200000000000000e+02 476.0 477.0   
210 1680 0.9471404397623202 157.60178849091497 472.0 4.7300000000000000e+02 480.0 489.0   
211 1688 0.9930343523201295 150.158861630507 472.0 4.7300000000000000e+02 476.0 488.0   
212 1696 1.1241864188184092 158.35038201929638 472.0 4.7300000000000000e+02 476.0 489.0   
213 1704 1.1390467710734915 190.5315152147315 472.0 4.7300000000000000e+02 486.0 489.0   
214 1712 1.046604012917476 213.66190599562154 472.0 4.7600000000000000e+02 488.0 489.0   
215 1720 1.0783383290852722 205.1867677105712 472.0 4.7300000000000000e+02 479.0 489.0   
216 1728 1.109341227049014 229.45016331411145 472.0 4.7300000000000000e+02 477.0 489.0   
217 1736 1.204804543638442 251.77657223642208 472.0 4.7200000000000000e+02 477.0 488.0   
218 1744 1.4589230705152487 250.7711851168449 472.0 4.7200000000000000e+02 476.0 488.0   
219 1752 1.7488370727276585 249.84685708497298 472.0 4.7200000000000000e+02 477.0 489.0   
220 1760 2.053535666751542 317.67163424189613 472.0 4.7300000000000000e+02 488.0 488.0   
221 1768 2.3212027893613003 273.96666536900875 472.0 4.7300000000000000e+02 476.0 489.0   
222 1776 2.1989743124895686 237.88977352566383 472.0 4.7600000000000000e+02 487.0 489.0   
223 1784 2.0258148993427856 221.58861916205518 472.0 4.7300000000000000e+02 476.0 489.0   
224 1792 2.3360385749390056 233.44821587125264 472.0 4.7200000000000000e+02 488.0 489.0   
225 1800 2.4166496584735664 240.07863836274302 472.0 4.7300000000000000e+02 487.0 488.0   
226 1808 2.61479411800916 266.2781824605461 472.0 4.7300000000000000e+02 476.0 489.0   
227 1816 2.2680349823401285 332.24037093682233 472.0 4.7300000000000000e+02 488.0 489.0   
228 1824 1.8856403974924147 326.0113987267385 472.0 4.7300000000000000e+02 476.0 488.0   
229 1832 1.9277931159421982 311.575690172682 472.0 4.7300000000000000e+02 487.0 488.0   
230 1840 1.8329753618427889 332.87098862372324 472.0 4.7300000000000000e+02 476.0 476.0   
231 1848 1.6404341930545159 358.84874361664464 472.0 4.7300000000000000e+02 474.0 488.0   
232 1856 1.5607017139428754 327.23225790107875 472.0 4.7600000000000000e+02 479.0 489.0   
233 1864 1.684686088590785 356.8738113380511 472.0 4.7300000000000000e+02 477.0 489.0   
234 1872 1.5044073349844107 310.7846880263234 472.0 4.7200000000000000e+02 480.0 488.0   
235 1880 1.4104159215348604 292.9851931489957 472.0 4.7300000000000000e+02 477.0 488.0   
236 1888 1.4828581646675083 296.5141167737037 472.0 4.7300000000000000e+02 476.0 488.0   
237 1896 1.529740272272233 310.59924220004865 472.0 4.7200000000000000e+02 480.0 488.0   
238 1904 1.3196487649951296 315.87411828064154 472.0 4.7300000000000000e+02 477.0 488.0   
239 1912 1.3098215970799967 371.21529184759817 472.0 4.7300000000000000e+02 477.0 488.0   
240 1920 1.172290231771134 435.20044879284416 472.0 4.7200000000000000e+02 488.0 489.0   
241 1928 1.0686227280428817 415.4797945686199 472.0 4.7300000000000000e+02 477.0 488.0   
242 1936 0.9864233611499301 455.77712551857496 472.0 4.7300000000000000e+02 476.0 488.0   
243 1944 0.8563207533419942 482.5598586158935 472.0 4.7200000000000000e+02 474.0 487.0   
244 1952 0.7147937702586978 506.8925236611162 472.0 4.7200000000000000e+02 473.0 489.0   
245 1960 0.623701602237532 508.298395220959 472.0 4.7300000000000000e+02 477.0 488.0   
246 1968 0.6605088890204179 506.8887281545996 472.0 4.7300000000000000e+02 477.0 488.0   
247 1976 0.6510343079771087 521.9571763384656 472.0 4.7200000000000000e+02 476.0 488.0   
248 1984 0.596730312284674 454.39682475459495 472.0 4.7300000000000000e+02 476.0 488.0   
249 1992 0.636390695808716 461.41287458694956 472.0 4.7300000000000000e+02 476.0 488.0   
250 2000 0.7326265940591252 458.21136152507415 472.0 4.7300000000000000e+02 477.0 489.0   
251 2008 0.7713405399121906 436.68056660412174 472.0 4.7300000000000000e+02 476.0 489.0   
252 2016 0.7158858958293729 405.99848463104973 472.0 4.7200000000000000e+02 476.0 488.0   
253 2024 0.5485760439351438 369.13411301356433 472.0 4.7300000000000000e+02 476.0 488.0   
254 2032 0.5121173653709129 411.36720045897425 472.0 4.7300000000000000e+02 476.0 488.0   
255 2040 0.5464961101112937 429.25469645141527 472.0 4.7300000000000000e+02 477.0 488.0   
256 2048 0.5587321667801282 422.14801668436303 472.0 4.7300000000000000e+02 479.0 488.0   
257 2056 0.5254894950193177 411.5613769911228 472.0 4.7300000000000000e+02 488.0 489.0   
258 2064 0.5212468856415787 414.9956643144528 472.0 4.7300000000000000e+02 479.0 488.0   
259 2072 0.5277124145667381 448.90591546569897 472.0 4.7200000000000000e+02 473.0 488.0   
260 2080 0.45842966926947787 443.48220804207693 472.0 4.7200000000000000e+02 476.0 488.0   
261 2088 0.5969029737558377 451.63287709337817 472.0 4.7300000000000000e+02 487.0 488.0   
262 2096 0.7464575580404086 464.8918740258876 472.0 4.7300000000000000e+02 474.0 489.0   
263 2104 0.8056173485827438 528.7931745140593 472.0 4.7300000000000000e+02 477.0 488.0   
264 2112 0.7524655370722941 462.318424391057 472.0 4.7300000000000000e+02 476.0 489.0   
265 2120 0.8609355442798255 417.15482860595245 472.0 4.7200000000000000e+02 476.0 489.0   
266 2128 0.7370247895154073 473.601726245189 472.0 4.7200000000000000e+02 477.0 488.0   
267 2136 0.663849918029566 482.923218658599 472.0 4.7200000000000000e+02 479.0 489.0   
268 2144 0.5958147491814787 451.8541623459235 472.0 4.7300000000000000e+02 479.0 489.0   
269 2152 0.5918480823605331 429.3383703294254 472.0 4.7300000000000000e+02 488.0 489.0   
270 2160 0.5380720937615582 441.72977710894344 472.0 4.7300000000000000e+02 477.0 488.0   
271 2168 0.5426432184389794 429.9223680441836 472.0 4.7600000000000000e+02 486.0 489.0   
272 2176 0.5408033157586581 485.7206471636692 472.0 4.7300000000000000e+02 476.0 488.0   
273 2184 0.6534610305946665 462.2017941445057 472.0 4.7300000000000000e+02 474.0 489.0   
274 2192 0.747906762665586 567.6052670249538 472.0 4.7300000000000000e+02 473.0 488.0   
275 2200 0.7266217287935973 558.2040177795043 472.0 4.7300000000000000e+02 487.0 489.0   
276 2208 0.7274647971201876 496.2623902047927 472.0 4.7300000000000000e+02 477.0 488.0   
277 2216 0.7976475422533845 518.1568883173876 472.0 4.7200000000000000e+02 476.0 487.0   
278 2224 0.660135395439431 503.51149737113184 472.0 4.7300000000000000e+02 477.0 488.0   
279 2232 0.6601562949004092 537.5313123172319 472.0 4.7200000000000000e+02 476.0 487.0   
280 2240 0.6115375411843442 528.6679720599932 472.0 4.7300000000000000e+02 477.0 488.0   
281 2248 0.6752544625137928 463.2864485185633 472.0 4.7200000000000000e+02 476.0 488.0   
282 2256 0.6866591649869632 430.8657147265414 472.0 4.7300000000000000e+02 477.0 488.0   
283 2264 0.6297013285310099 458.41215425357046 472.0 4.7200000000000000e+02 477.0 488.0   
284 2272 0.5697258129332257 558.1593979470787 472.0 4.7300000000000000e+02 476.0 488.0   
285 2280 0.553758683466494 557.1701592156302 472.0 4.7300000000000000e+02 477.0 489.0   
286 2288 0.5799104243525904 509.7363309930235 472.0 4.7300000000000000e+02 477.0 488.0   
287 2296 0.5633877351756951 574.0367096135368 472.0 4.7400000000000000e+02 476.0 488.0   
288 2304 0.6820025686122358 615.5885595448016 472.0 4.7300000000000000e+02 476.0 488.0   
289 2312 0.7124003243967109 586.4113827762208 472.0 4.7200000000000000e+02 477.0 488.0   
290 2320 0.7729862750530889 548.666643248197 472.0 4.7300000000000000e+02 476.0 488.0   
291 2328 0.7736440115385724 496.3144843303348 472.0 4.7300000000000000e+02 475.0 479.0   
292 2336 0.8399315518301828 561.1900425348183 472.0 4.7200000000000000e+02 480.0 488.0   
293 2344 1.1206905059800454 592.7714719828214 472.0 4.7200000000000000e+02 476.0 488.0   
294 2352 1.4678079401314061 625.6231943865262 472.0 4.7200000000000000e+02 477.0 488.0   
295 2360 1.3247989306524566 615.5080479010483 472.0 4.7200000000000000e+02 473.0 487.0   
296 2368 1.128458521410872 629.351437399084 472.0 4.7300000000000000e+02 474.0 479.0   
297 2376 0.986132479761863 660.5857587507418 472.0 4.7300000000000000e+02 476.0 488.0   
298 2384 1.33038771476453 692.2281793756647 472.0 4.7400000000000000e+02 487.0 488.0   
299 2392 1.2957065610633935 706.5565134096948 472.0 4.7200000000000000e+02 476.0 489.0   
300 2400 1.2050667493234355 809.5021543684296 472.0 4.7300000000000000e+02 476.0 489.0   
301 2408 1.4205668685572783 771.662840022065 472.0 4.7200000000000000e+02 476.0 488.0   
302 2416 1.2823557775747645 715.863139959812 472.0 4.7300000000000000e+02 477.0 488.0   
303 2424 1.1805526647714402 571.431992264038 472.0 4.7200000000000000e+02 476.0 477.0   
304 2432 1.428039664585942 469.695510601209 472.0 4.7200000000000000e+02 476.0 489.0   
305 2440 1.2750166150854207 518.9366685117046 472.0 4.7200000000000000e+02 476.0 488.0   
306 2448 1.1679964104139886 495.46714285647795 472.0 4.7200000000000000e+02 474.0 479.0   
307 2456 1.0437805590055178 495.6080393942026 472.0 4.7300000000000000e+02 476.0 488.0   
308 2464 1.2496798752061435 480.50847009072953 472.0 4.7200000000000000e+02 477.0 488.0   
309 2472 1.568120727834156 524.8297499569567 472.0 4.7300000000000000e+02 479.0 488.0   
310 2480 1.8498219717359357 442.5212955451268 472.0 4.7200000000000000e+02 476.0 488.0   
311 2488 2.150965417830517 528.0204753215132 472.0 4.7300000000000000e+02 476.0 477.0   
312 2496 2.3433631874656404 535.2880941553362 472.0 4.7200000000000000e+02 476.0 488.0   
313 2504 2.186586252699234 616.0455817439223 472.0 4.7300000000000000e+02 476.0 489.0   
314 2512 2.2108488308773864 685.4687079365275 472.0 4.7200000000000000e+02 479.0 479.0   
315 2520 2.0079155771262145 707.1647994197057 472.0 4.7300000000000000e+02 476.0 488.0   
316 2528 1.9835502586602225 736.7491470254301 472.0 4.7600000000000000e+02 477.0 488.0   
317 2536 2.6516895003104715 791.4858930659058 472.0 4.7300000000000000e+02 476.0 488.0   
318 2544 2.557223188243738 801.4308561760791 472.0 4.7300000000000000e+02 476.0 489.0   
319 2552 2.3077739741883976 836.5142312337244 472.0 4.7300000000000000e+02 476.0 488.0   
320 2560 2.4372301896506765 800.8217080344133 472.0 4.7200000000000000e+02 476.0 488.0   
321 2568 2.553946285874098 740.853201413309 472.0 4.7300000000000000e+02 473.0 487.0   
322 2576 2.259625026303115 792.6840912308107 472.0 4.7200000000000000e+02 479.0 488.0   
323 2584 2.1439546357930017 737.8156210711569 472.0 4.7200000000000000e+02 477.0 489.0   
324 2592 2.265381370568462 655.5675482974326 472.0 4.7200000000000000e+02 487.0 489.0   
325 2600 2.3302942572996024 673.6632990565014 472.0 4.7200000000000000e+02 476.0 488.0   
326 2608 2.068155534839509 693.7188518567352 472.0 4.7200000000000000e+02 477.0 489.0   
327 2616 1.8170199407264895 716.9584384167443 472.0 4.7200000000000000e+02 476.0 489.0   
328 2624 1.950406309170918 697.0922119666284 472.0 4.7300000000000000e+02 473.0 488.0   
329 2632 2.0972093928660285 692.5401749863842 472.0 4.7300000000000000e+02 477.0 488.0   
330 2640 2.100330639104887 566.1626476496045 472.0 4.7200000000000000e+02 476.0 487.0   
331 2648 2.4828133963954135 683.9031760717825 472.0 4.7300000000000000e+02 488.0 489.0   
332 2656 2.911176894189868 646.9324494735944 472.0 4.7300000000000000e+02 487.0 488.0   
333 2664 3.0172579845547385 803.041896034058 472.0 4.7300000000000000e+02 487.0 488.0   
334 2672 3.4771781342004213 919.9218983781491 472.0 4.7300000000000000e+02 476.0 488.0   
335 2680 3.4397425973976317 835.8107200981634 472.0 4.7300000000000000e+02 477.0 486.0   
336 2688 2.8841524225235164 805.7389824583543 472.0 4.7300000000000000e+02 476.0 489.0   
337 2696 3.180767958432753 827.5743166632976 472.0 4.7300000000000000e+02 473.0 473.0   
338 2704 3.468650156323546 821.8952436260848 472.0 4.7300000000000000e+02 476.0 487.0   
339 2712 4.299245679950139 832.4238508067274 472.0 4.7300000000000000e+02 473.0 488.0   
340 2720 4.483417799174443 939.5021374691177 472.0 4.7300000000000000e+02 477.0 488.0   
341 2728 4.323276697306657 1094.2224890754921 472.0 4.7300000000000000e+02 477.0 488.0   
342 2736 4.083740331599391 1085.4651290740576 472.0 4.7300000000000000e+02 476.0 477.0   
343 2744 3.7317670588675167 1045.3172067574794 472.0 4.7300000000000000e+02 476.0 477.0   
344 2752 3.4309949881689312 961.9715278274023 472.0 4.7700000000000000e+02 488.0 489.0   
345 2760 2.7394669669912677 923.6067841385861 472.0 4.7300000000000000e+02 479.0 488.0   
346 2768 3.2316903987901933 898.8394319205096 472.0 4.7300000000000000e+02 477.0 489.0   
347 2776 2.7086449769145653 1146.66429362566 472.0 4.7400000000000000e+02 488.0 489.0   
348 2784 2.5074648764238616 1151.0672204103032 472.0 4.7300000000000000e+02 486.0 488.0   
349 2792 2.524672692576382 1212.2948070523926 472.0 4.7200000000000000e+02 476.0 489.0   
350 2800 2.6675099326840384 1244.0285141295963 472.0 4.7300000000000000e+02 476.0 477.0   
351 2808 2.231751053958523 1450.77082549456 472.0 4.7400000000000000e+02 476.0 488.0   
352 2816 2.0686484522704003 1295.6554645948759 472.0 4.7300000000000000e+02 488.0 488.0   
353 2824 1.9867066211141406 1327.3261608726827 472.0 4.7300000000000000e+02 476.0 488.0   
354 2832 2.107069286646607 1248.9511273494595 472.0 4.7300000000000000e+02 477.0 488.0   
355 2840 1.8869498472198938 1175.5514036296208 472.0 4.7300000000000000e+02 476.0 489.0   
356 2848 2.3173211560480853 1122.8999191988808 472.0 4.7300000000000000e+02 477.0 488.0   
357 2856 2.3237305068693748 1155.2569659474545 472.0 4.7300000000000000e+02 477.0 489.0   
358 2864 2.0322702725960626 1022.0728223299852 472.0 4.7200000000000000e+02 476.0 488.0   
359 2872 2.033135408675416 1045.8523850579718 472.0 4.7200000000000000e+02 476.0 488.0   
360 2880 1.7308139032215262 1076.8643299674009 472.0 4.7300000000000000e+02 486.0 488.0   
361 2888 1.6073228937419084 1223.3987062770466 472.0 4.7300000000000000e+02 487.0 488.0   
362 2896 1.340911362528147 1195.3351491684323 472.0 4.7300000000000000e+02 477.0 488.0   
363 2904 1.316459043711268 1168.1245584240228 472.0 4.7300000000000000e+02 479.0 488.0   
364 2912 1.3709900976397942 1092.7459424892875 472.0 4.7200000000000000e+02 473.0 487.0   
365 2920 1.2590767668587113 1193.4243083904457 472.0 4.7300000000000000e+02 476.0 488.0   
366 2928 1.1463223520751675 1187.9711425643318 472.0 4.7200000000000000e+02 480.0 488.0   
367 2936 1.13018193196117 1223.9431915506236 472.0 4.7300000000000000e+02 479.0 488.0   
368 2944 1.034801684382686 1373.7239095719542 472.0 4.7300000000000000e+02 476.0 488.0   
369 2952 1.2758510948854584 1305.9858417561165 472.0 4.7200000000000000e+02 476.0 489.0   
370 2960 1.6526842467015455 1103.2749462948775 472.0 4.7600000000000000e+02 488.0 489.0   
371 2968 1.5566247394812207 1182.5865509830048 472.0 4.7300000000000000e+02 477.0 488.0   
372 2976 1.4936775757526737 1205.2964503499543 472.0 4.7200000000000000e+02 479.0 489.0   
373 2984 1.7429959804680617 1098.6865272411314 472.0 4.7300000000000000e+02 477.0 489.0   
374 2992 1.722150901157552 1066.8084610790545 472.0 4.7200000000000000e+02 473.0 479.0   
375 3000 1.6164772756092045 1225.8025457093966 472.0 4.7300000000000000e+02 476.0 489.0   
376 3008 1.5149225077904704 1075.789033299899 472.0 4.7400000000000000e+02 477.0 489.0   
377 3016 1.376143060510029 1106.8390459558916 472.0 4.7300000000000000e+02 476.0 488.0   
378 3024 1.2457754546389825 1074.663025552457 472.0 4.7300000000000000e+02 486.0 488.0   
379 3032 1.3708921606622584 997.1816785672553 472.0 4.7200000000000000e+02 476.0 487.0   
380 3040 1.231142513324852 1140.1171260617746 472.0 4.7300000000000000e+02 477.0 488.0   
381 3048 1.4612400859756045 1186.7251119252774 472.0 4.7300000000000000e+02 477.0 489.0   
382 3056 1.1706561643544333 1240.0109463522836 472.0 4.7300000000000000e+02 479.0 488.0   
383 3064 1.0989200671629897 1122.1594160126072 472.0 4.7200000000000000e+02 476.0 488.0   
384 3072 1.3105853601424955 1190.8473848130147 472.0 4.7300000000000000e+02 476.0 488.0   
385 3080 1.6896182338014973 1260.483487721845 472.0 4.7300000000000000e+02 474.0 489.0   
386 3088 1.630715439436648 1346.6506369359777 472.0 4.7300000000000000e+02 480.0 489.0   
387 3096 1.7664311182897185 1304.6613180150644 472.0 4.7300000000000000e+02 479.0 488.0   
388 3104 1.9898784313655868 1411.3262642745165 472.0 4.7300000000000000e+02 479.0 488.0   
389 3112 1.8395198923281733 1561.8424417382184 472.0 4.7300000000000000e+02 477.0 488.0   
390 3120 1.844350146552353 1708.8393156386326 472.0 4.7300000000000000e+02 473.0 487.0   
391 3128 1.601679761471693 1633.1981595043558 472.0 4.7200000000000000e+02 477.0 489.0   
392 3136 1.7769204125640292 1623.710594162419 472.0 4.7200000000000000e+02 476.0 477.0   
393 3144 1.5098500013265521 1898.6505077991624 472.0 4.7300000000000000e+02 477.0 488.0   
394 3152 1.2508207596482592 2103.4131780308994 472.0 4.7300000000000000e+02 477.0 489.0   
395 3160 1.1380602974374154 2139.442735244184 472.0 4.7200000000000000e+02 473.0 477.0   
396 3168 1.0581837717263807 2340.0498910406654 472.0 4.7200000000000000e+02 473.0 488.0   
397 3176 1.2791825940004533 2281.5981879640876 472.0 4.7300000000000000e+02 477.0 488.0   
398 3184 1.380067394666039 2205.6649231277434 472.0 4.7600000000000000e+02 477.0 489.0   
399 3192 1.3181804266398274 1999.6259492051604 472.0 4.7300000000000000e+02 476.0 489.0   
400 3200 1.1500527173963164 2145.1159894629022 472.0 4.7200000000000000e+02 476.0 489.0   
401 3208 1.0796664785106154 2391.597994797106 472.0 4.7300000000000000e+02 476.0 488.0   
402 3216 1.1366675357636136 2575.3870956472883 472.0 4.7300000000000000e+02 477.0 488.0   
403 3224 0.9925793418605555 3184.96840571058 472.0 4.7300000000000000e+02 476.0 488.0   
404 3232 1.1520530081665987 3263.6023775959397 472.0 4.7200000000000000e+02 488.0 488.0   
405 3240 1.4156783395663566 2589.646795295826 472.0 4.7300000000000000e+02 476.0 477.0   
406 3248 1.2747731255876844 2521.298086597289 472.0 4.7300000000000000e+02 476.0 488.0   
407 3256 1.2233591587607038 2881.326297300643 472.0 4.7200000000000000e+02 476.0 489.0   
408 3264 1.1487791265941623 2771.2794136472417 472.0 4.7300000000000000e+02 486.0 488.0   
409 3272 1.2769312960815977 2655.360729031497 472.0 4.7300000000000000e+02 488.0 489.0   
410 3280 1.355844570787184 2845.897724527798 472.0 4.7200000000000000e+02 477.0 488.0   
411 3288 1.551410554102583 2470.990385743643 472.0 4.7300000000000000e+02 476.0 489.0   
412 3296 1.7951910410544958 2358.3704445506037 472.0 4.7300000000000000e+02 473.0 488.0   
413 3304 1.9411748036907959 2527.471917571401 472.0 4.7300000000000000e+02 474.0 488.0   
414 3312 1.779834355753379 2540.503360718704 472.0 4.7300000000000000e+02 476.0 477.0   
415 3320 1.6871793407299802 2587.710850754734 472.0 4.7300000000000000e+02 477.0 488.0   
416 3328 1.7790518241014568 2673.0279100866896 472.0 4.7200000000000000e+02 474.0 489.0   
417 3336 1.7719926214729973 2957.8491209397066 472.0 4.7200000000000000e+02 476.0 488.0   
418 3344 1.6646794499381752 3022.269782054712 472.0 4.7300000000000000e+02 477.0 488.0   
419 3352 1.6269058409939223 2964.7364236121216 472.0 4.7200000000000000e+02 477.0 488.0   
420 3360 1.5007903038189718 2815.158581153759 472.0 4.7200000000000000e+02 476.0 488.0   
421 3368 1.4819242256813083 2267.94598025999 472.0 4.7200000000000000e+02 477.0 488.0   
422 3376 1.50511165495806 2398.776393652593 472.0 4.7300000000000000e+02 476.0 488.0   
423 3384 1.2693197301357617 2207.5355256473786 472.0 4.7200000000000000e+02 487.0 489.0   
424 3392 1.277911281761462 1933.9412243048791 472.0 4.7300000000000000e+02 476.0 488.0   
425 3400 1.2215508174592014 1989.1747217566988 472.0 4.7400000000000000e+02 477.0 487.0   
426 3408 1.2884950621043652 1828.552923782382 472.0 4.7200000000000000e+02 473.0 489.0   
427 3416 1.2253797698371924 1725.3767118729345 472.0 4.7200000000000000e+02 476.0 488.0   
428 3424 1.0227509747018528 1693.676452892305 472.0 4.7300000000000000e+02 476.0 488.0   
429 3432 0.9246033375115225 1726.0967499711953 472.0 4.7200000000000000e+02 476.0 488.0   
430 3440 0.9422226180313621 1756.242484319441 472.0 4.7200000000000000e+02 476.0 489.0   
431 3448 1.0338251528449371 1606.115546780314 472.0 4.7300000000000000e+02 477.0 488.0   
432 3456 0.974788342335346 1795.5613051708167 472.0 4.7200000000000000e+02 476.0 487.0   
433 3464 0.9945391098154515 1758.3383853550172 472.0 4.7600000000000000e+02 479.0 488.0   
434 3472 1.1207692766133521 1598.0775975894314 472.0 4.7300000000000000e+02 476.0 487.0   
435 3480 1.1529427751948755 1348.9310757411106 472.0 4.7300000000000000e+02 477.0 488.0   
436 3488 0.9965138476261828 1420.2836984621276 472.0 4.7600000000000000e+02 487.0 488.0   
437 3496 0.9277699023142288 1442.6117425937196 472.0 4.7300000000000000e+02 477.0 488.0   
438 3504 1.0835969875085596 1684.1570834483653 472.0 4.7300000000000000e+02 479.0 489.0   
439 3512 1.1429995148882035 1665.2376058512737 472.0 4.7200000000000000e+02 476.0 477.0   
440 3520 1.092941876529313 1603.6868750163856 472.0 4.7300000000000000e+02 477.0 488.0   
441 3528 1.3487054305390942 1422.1007374613127 472.0 4.7300000000000000e+02 488.0 489.0   
442 3536 1.392006245433788 1450.0352864525296 472.0 4.7200000000000000e+02 479.0 488.0   
443 3544 1.3187800627144826 1509.2287577047962 472.0 4.7600000000000000e+02 477.0 488.0   
444 3552 1.4502010198100481 1448.404730695618 472.0 4.7200000000000000e+02 476.0 479.0   
445 3560 1.480540281546689 1565.0402098101417 472.0 4.7300000000000000e+02 476.0 487.0   
446 3568 1.605171719416069 1297.4152504681115 472.0 4.7200000000000000e+02 473.0 488.0   
447 3576 1.4761648247365307 1321.5883669690763 472.0 4.7300000000000000e+02 477.0 488.0   
448 3584 1.3767562145776873 1300.7545141918515 472.0 4.7300000000000000e+02 476.0 479.0   
449 3592 1.3259087562386929 1427.9693180026984 472.0 4.7300000000000000e+02 488.0 489.0   
450 3600 1.3983262359638207 1354.7857758775292 472.0 4.7300000000000000e+02 477.0 489.0   
451 3608 1.6677462501460192 1457.7654229035413 472.0 4.7300000000000000e+02 477.0 488.0   
452 3616 1.8849138481772885 1675.9007356580491 472.0 4.7300000000000000e+02 477.0 488.0   
453 3624 1.9204312148307912 1596.4629351479664 472.0 4.7300000000000000e+02 488.0 489.0   
454 3632 1.8263485020445516 1342.7797884535084 472.0 4.7400000000000000e+02 488.0 488.0   
455 3640 1.848338716903361 1246.2919990031535 472.0 4.7200000000000000e+02 476.0 477.0   
456 3648 1.7142327944725582 1191.8641727023487 472.0 4.7200000000000000e+02 477.0 488.0   
457 3656 1.5381827919819064 1227.1793287510693 472.0 4.7300000000000000e+02 473.0 479.0   
458 3664 1.3908927645326323 1212.519452847966 472.0 4.7300000000000000e+02 473.0 488.0   
459 3672 1.3797823555564368 1366.9984575055469 472.0 4.7200000000000000e+02 477.0 488.0   
460 3680 1.4742320081452418 1548.5055085307115 472.0 4.7300000000000000e+02 473.0 477.0   
461 3688 1.6281872312212822 1533.525418361451 472.0 4.7200000000000000e+02 487.0 488.0   
462 3696 1.519979555869403 1675.8167339487904 472.0 4.7300000000000000e+02 479.0 489.0   
463 3704 1.3548498713663677 1983.8878341145862 472.0 4.7200000000000000e+02 473.0 488.0   
464 3712 1.2597343815532032 2262.4977055382246 472.0 4.7300000000000000e+02 479.0 488.0   
465 3720 1.142449624571133 2250.822630456508 472.0 4.7300000000000000e+02 476.0 477.0   
466 3728 0.9589051487093455 2477.8437104563004 472.0 4.7200000000000000e+02 477.0 489.0   
467 3736 0.870415751572834 2246.800351006478 472.0 4.7300000000000000e+02 476.0 489.0   
468 3744 0.8421909577096519 2433.63425505553 472.0 4.7300000000000000e+02 479.0 488.0   
469 3752 0.7178114205197045 2190.4190413100523 472.0 4.7200000000000000e+02 476.0 488.0   
470 3760 0.68963894064098 2255.890109058981 472.0 4.7300000000000000e+02 476.0 488.0   
471 3768 0.6096332151383552 2303.7830752065415 472.0 4.7200000000000000e+02 474.0 487.0   
472 3776 0.620498558498499 1980.588956046338 472.0 4.7300000000000000e+02 477.0 488.0   
473 3784 0.6408299590306441 2056.345257596074 472.0 4.7300000000000000e+02 479.0 488.0   
474 3792 0.6256172017424312 2088.8359306940815 472.0 4.7300000000000000e+02 477.0 488.0   
475 3800 0.5554407998929947 2042.1869927542127 472.0 4.7300000000000000e+02 488.0 489.0   
476 3808 0.6801216262580865 2137.6103327453598 472.0 4.7200000000000000e+02 477.0 488.0   
477 3816 0.7435820134363721 2703.273920515584 472.0 4.7300000000000000e+02 479.0 489.0   
478 3824 0.8386757312651335 2532.7257915210325 472.0 4.7300000000000000e+02 488.0 489.0   
479 3832 0.8580400389788188 2743.0092346082356 472.0 4.7300000000000000e+02 476.0 489.0   
480 3840 0.8733399748942768 2702.0914545518444 472.0 4.7300000000000000e+02 476.0 479.0   
481 3848 0.8756369562934053 2917.9473178120634 472.0 4.7200000000000000e+02 476.0 488.0   
482 3856 0.7309947877405942 3249.7670085660816 472.0 4.7600000000000000e+02 488.0 489.0   
483 3864 0.6633682493543716 3399.7723546231896 472.0 4.7300000000000000e+02 476.0 488.0   
484 3872 0.6904534448311724 2864.1929478394068 472.0 4.7200000000000000e+02 476.0 487.0   
485 3880 0.599116785643773 3393.5451443274337 472.0 4.7200000000000000e+02 476.0 489.0   
486 3888 0.6167689472768033 3457.543934602922 472.0 4.7300000000000000e+02 488.0 489.0   
487 3896 0.5174821072970204 3352.6548338500193 472.0 4.7300000000000000e+02 479.0 489.0   
488 3904 0.5284990943384088 3619.0957637586725 472.0 4.7300000000000000e+02 477.0 488.0   
489 3912 0.5920398558933391 4226.680693453636 472.0 4.7300000000000000e+02 479.0 488.0   
490 3920 0.66712601315905 4621.258569181501 472.0 4.7300000000000000e+02 477.0 488.0   
491 3928 0.6534725845792112 4553.714884498533 472.0 4.7300000000000000e+02 477.0 489.0   
492 3936 0.6247294847774233 4509.698318572301 472.0 4.7300000000000000e+02 488.0 489.0   
493 3944 0.7262255925195187 5002.99180995696 472.0 4.7600000000000000e+02 488.0 489.0   
494 3952 0.8211719643631333 4708.815008589458 472.0 4.7300000000000000e+02 477.0 488.0   
495 3960 0.8541783460328018 4657.046991658679 472.0 4.7300000000000000e+02 476.0 477.0   
496 3968 0.9154891474098209 4903.114864958533 472.0 4.7300000000000000e+02 473.0 489.0   
497 3976 0.9891723303750747 4543.479672862282 472.0 4.7300000000000000e+02 487.0 488.0   
498 3984 0.9943138020098989 4379.779344934891 472.0 4.7600000000000000e+02 488.0 489.0   
499 3992 0.8687107210365834 3951.7121885931824 472.0 4.7300000000000000e+02 476.0 488.0   
500 4000 0.8223686033431169 4418.581347370652 472.0 4.7200000000000000e+02 473.0 488.0   
501 4008 0.76149450692887 4615.690070750556 472.0 4.7200000000000000e+02 476.0 488.0   
502 4016 0.7879213541142218 4048.6362952701047 472.0 4.7300000000000000e+02 479.0 488.0   
503 4024 1.1634017283394456 4300.119956612344 472.0 4.7300000000000000e+02 476.0 479.0   
504 4032 1.2721890636263806 4375.429751175775 472.0 4.7300000000000000e+02 488.0 488.0   
505 4040 1.2649808561244253 4573.803339260937 472.0 4.7300000000000000e+02 476.0 488.0   
