% # columns="iteration, evaluation, sigma, void, void,  stds==sigma*sqrt(diag(C))", seed=1101981, Wed Apr 27 01:27:35 2022, <python>{}</python>
1 8 0.9464691654807351 0 0 1.060823510378065 0.899222773347232 0.7439047867236334 0.9476482977005883
2 16 0.8711974506710385 0 0 0.9877282318094812 0.8086929700525797 0.6388862524060657 0.8497031860870556
3 24 0.8603429213956328 0 0 1.0599650645297238 0.857189558156879 0.6245593789154484 0.7921344322392772
4 32 0.8870737201058991 0 0 1.1153210639673663 0.9589088420532311 0.5739343211524872 0.7909381328861738
5 40 0.9549285003714775 0 0 1.1510811638927785 1.0294478860005685 0.6315415934019781 0.8229846586462475
6 48 0.8868593207749884 0 0 1.017639275020812 0.9604394275188916 0.5387242490563312 0.7132699691391589
7 56 0.9104721728255247 0 0 1.0841087849103541 1.0413389299522429 0.546830578014906 0.640863615948501
8 64 0.892270433189881 0 0 1.0918276449960778 1.067452903718435 0.5138766349841818 0.6243528711009521
9 72 0.7545715560047975 0 0 0.8501522905871519 0.8376446915027866 0.43503444407990577 0.5412114496105808
10 80 0.6726096783647474 0 0 0.7231595734401494 0.6900124401955613 0.3938167061654317 0.47473047114234773
11 88 0.6337345134151782 0 0 0.6825374218082723 0.6321788418588522 0.3492834751176807 0.41894374460444983
12 96 0.6923843956923221 0 0 0.7644322775487106 0.6573369295919128 0.3381541398474347 0.5000052037701302
13 104 0.827580336470214 0 0 0.9689216290321945 0.7776057374567118 0.4116865815762673 0.5963303794534114
14 112 0.9044784423896801 0 0 0.952190368210548 0.8269641474845186 0.46569423266920323 0.6762189389514699
15 120 0.9826149002959211 0 0 1.050186334706923 0.877199354603772 0.47123818070863044 0.7574669650131168
16 128 1.0492544527426946 0 0 1.1820757528837529 0.9789013218895459 0.5070647244607193 0.7616056901639138
17 136 1.0336868243481607 0 0 1.2379493541266504 0.8706321913608881 0.4623569940656386 0.7481347617047904
18 144 1.097132429687171 0 0 1.2537637192211804 0.9042665624315399 0.5284204130206078 0.8415983239453478
19 152 1.1582175908706878 0 0 1.3979467592943455 0.9729439000094786 0.5614739526065939 0.8703575151469993
20 160 1.307368563646477 0 0 1.6095587070354989 1.1284093910585418 0.5837401380959713 1.0702863471622068
21 168 1.523211966192646 0 0 2.008743659110305 1.3548349130401536 0.6790755703188635 1.1945798061358592
22 176 2.2344528681216334 0 0 3.023540036844997 1.9859948190789272 1.019587027235258 1.8062436407202445
23 184 2.4063662637485606 0 0 2.996215785747401 1.9075107943197547 1.12425043364454 1.879324794455848
24 192 2.2636899104506067 0 0 2.6620447823117264 1.7701689012901958 1.0004482355116506 1.9317024699288945
25 200 2.0275018486335 0 0 2.2648297325703006 1.59696012367504 0.8317886833239687 1.6709629605430474
26 208 1.9274924513561922 0 0 2.1608637744196697 1.5480990827621244 0.8122116157402782 1.5525970141869108
27 216 1.952402491086256 0 0 2.053466545871622 1.5847593644491313 0.7948968309633062 1.540514283258798
28 224 2.36142310601679 0 0 2.6891783737388004 1.8806915807493192 0.94809016392427 1.7954868273822513
29 232 2.5886840833338436 0 0 2.8959669898612415 2.157476815594426 1.0375568289352948 1.9617922034789312
30 240 3.6050066970331667 0 0 4.3661457471484 3.2099473935947103 1.4907130316368982 2.46711831699881
31 248 4.060077221901687 0 0 4.650113904019418 3.4798065949137054 1.667626012531207 2.753948357648121
32 256 3.817923002095184 0 0 4.573002623835356 2.9620291195173953 1.690944066036775 2.377015529712787
33 264 3.6883415100905705 0 0 4.318213204633702 2.7841239248155634 1.609421057898142 2.3603969567182466
34 272 3.6628086988987354 0 0 4.246349742467059 2.528656949754295 1.644367146288564 2.2680690902654685
35 280 3.4225504924013253 0 0 4.085770486529564 2.4163178280788764 1.5927427307571944 1.8085268835281654
36 288 3.2909878978221934 0 0 4.198034055672593 2.0622720222753395 1.4261966608891743 1.7379345905985568
37 296 3.0653040033872383 0 0 3.832938659374553 1.8800691062319743 1.29818961370626 1.6667506416949822
38 304 3.0294419977902085 0 0 4.075823678564839 1.853734242126134 1.4430789044763677 1.6040844452443421
39 312 2.49883244738972 0 0 3.0250395207246097 1.55081745977402 1.0868919385467277 1.253404531018558
40 320 2.1718509828878623 0 0 2.479198974622142 1.3049371693126928 0.9141169113020502 1.0580609116378732
41 328 1.9408842523377667 0 0 1.989214872956284 1.186090132391088 0.7159922381382752 1.035742270507994
42 336 1.905290357289827 0 0 1.890012189954592 1.0991368671313604 0.6814789843915467 1.045604918328107
43 344 1.8527615407245883 0 0 1.8011362266327762 1.0320844898070296 0.6726670026886155 0.9835042950727046
44 352 2.0118529120636697 0 0 2.1760850729665724 1.109145395804125 0.789887044269588 1.001971341496199
45 360 2.4804528240369814 0 0 2.6260288214608765 1.4142265131781981 1.201565323320396 1.2690067507974954
46 368 3.2946797731736277 0 0 3.5259997507797984 1.9323172509036615 1.707132867096782 1.7129617599680358
47 376 3.754861329198845 0 0 3.7565903106151066 2.0502733394163353 1.8523676184023792 1.9084530953305336
48 384 3.8587211294581003 0 0 3.7945629940972645 2.010330343728746 1.8627790074143142 1.7650799085119924
49 392 3.7157977434879665 0 0 3.676985544046491 1.801804715016887 1.7904140059525617 1.5155713915979436
50 400 3.9592723567483294 0 0 4.22466488294113 1.7389059110641496 1.8997097427913874 1.4851098237541869
51 408 3.6973941258566088 0 0 3.863029181920488 1.6560947568773279 1.6726262983512636 1.386809439109129
52 416 3.7994352699910645 0 0 3.610594395114024 1.7258108870565192 1.669461709339797 1.3436847284403488
53 424 4.077080900090409 0 0 3.839879424132982 1.8480601816830733 1.6813660568549182 1.3923042090483473
54 432 3.6746709557770623 0 0 3.4664531227056363 1.5263599911553636 1.5329503515551834 1.128351862620563
55 440 3.640354824089818 0 0 2.94725757531262 1.555108187379045 1.4023130842322233 1.2179380797271113
56 448 3.7546653337139007 0 0 3.1468200755306595 1.5673737018127378 1.4164914699142055 1.2261145910981917
57 456 3.5492541069542067 0 0 2.897205046891565 1.4721726370774815 1.2590995388353223 1.0947395215551985
58 464 2.910582967933736 0 0 2.3605856787113932 1.1829741994584542 0.8676546690505041 0.8629061854171367
59 472 2.7428060969428585 0 0 2.191037915181065 1.0465795480976527 0.8196264912830655 0.7610204464605776
60 480 2.804984018868008 0 0 2.2536310490359175 0.9478146346686662 0.8663524408297967 0.7263254673043275
61 488 2.901463082155702 0 0 2.267178506518856 1.0655115450090704 0.9143225902660845 0.679661212781632
62 496 2.311191719451738 0 0 1.7682288500370729 0.869681661730656 0.7259755721817346 0.45849376122253477
63 504 2.2385897896506117 0 0 1.6575827997345187 0.8013930822436303 0.7400135030230973 0.42689102008336066
64 512 2.0402943323934246 0 0 1.4457252371081313 0.7319174400738355 0.6605021584031217 0.3868668652299166
65 520 1.9415995369715375 0 0 1.2446674840280338 0.6633530399954384 0.6827695999143137 0.38553757007850614
66 528 1.7937065392893086 0 0 1.1211876954137934 0.5748493832238526 0.6245052075950333 0.3601907640257918
67 536 2.0897981633751344 0 0 1.5543109639674388 0.7459323835456819 0.7435293718496544 0.4497772206295682
68 544 2.28966109852825 0 0 1.8328510752399976 0.857011903907839 0.8456821971550946 0.510212258025563
69 552 2.5061937422704137 0 0 2.134071646062543 0.9448806846531862 0.9000337743805653 0.5262778620569994
70 560 2.386595526519333 0 0 2.083617823613383 0.8725767075694216 0.8499848174061917 0.509851084542017
71 568 2.141525783744433 0 0 1.8411705146696986 0.7761118130378557 0.7043519319670607 0.4646994614159396
72 576 1.8474757700880469 0 0 1.6545322156926485 0.6420858336259563 0.5859539497639138 0.3885118145025527
73 584 1.8874968824963694 0 0 1.8516134300543354 0.6475548358180063 0.5906439577352881 0.40826395104751084
74 592 2.0880997626621185 0 0 2.1191527055810813 0.7874920044879635 0.64881504796747 0.42587380148073445
75 600 1.8160456459026202 0 0 1.693129801839776 0.6124140045839023 0.5761334174710613 0.3499027715734099
76 608 1.9850440201715989 0 0 1.9645427178912087 0.7204750510597226 0.6309808861690709 0.35140815179514867
77 616 1.879291226268434 0 0 1.862591642336755 0.6812003750975099 0.5328657541969578 0.3373683371418769
78 624 1.8828621573933342 0 0 1.8467641073621697 0.6583697003417788 0.5094769361342175 0.3238296795046552
79 632 2.6297787713448617 0 0 2.4911830806506883 0.9060845283380348 0.706980284799503 0.4097153159476979
80 640 2.5148017174069404 0 0 2.223155724178963 0.8200346697565517 0.6693070358600368 0.3631667465265868
81 648 2.1774186363408896 0 0 1.865079819584955 0.7029913607465829 0.5608329460831993 0.29370246333593597
82 656 1.9831148482356908 0 0 1.7659887060064807 0.6394012297402841 0.47648677931628375 0.26318239038055513
83 664 1.7129012004365083 0 0 1.427328500390172 0.5563573792220197 0.41069570179909526 0.2151679431817105
84 672 1.610333000989818 0 0 1.4463947737380014 0.5338109400243732 0.37574712010033623 0.19112151567563496
85 680 1.9434572835049035 0 0 2.201135700808005 0.7031752426544645 0.44542770808841237 0.2184849444078297
86 688 1.9077595005251475 0 0 2.105111764041576 0.6587940538560152 0.44747198131863763 0.24847234962946138
87 696 1.7266974046277719 0 0 1.9258749701170381 0.6214394934832608 0.3962510203171045 0.24052811067080218
88 704 1.8298084843333593 0 0 2.1302177194953864 0.7526271481085268 0.411898103860866 0.23873940238390062
89 712 1.735094837894139 0 0 1.970353505371886 0.7143795810553958 0.3935223945876845 0.23049944065972577
90 720 1.7009792965018116 0 0 1.8540011916569166 0.6852295179871822 0.3807111426392713 0.21539007351823317
91 728 1.513251938329842 0 0 1.6181345593716339 0.6060529536128553 0.34248019623721976 0.18138773837021877
92 736 1.329953473947743 0 0 1.407452159323124 0.5157910978057995 0.2930816243151331 0.1559623408718729
93 744 1.3259004407993764 0 0 1.4215591558996374 0.5401152274541892 0.2983262039089769 0.15760097760804515
94 752 1.167731243856371 0 0 1.2055963860996757 0.4727139044251426 0.2610421371171033 0.13583532375784874
95 760 0.9944280163049632 0 0 1.0267216112511401 0.41700954082603586 0.20103118883322774 0.10930429692780273
96 768 0.8602428439599478 0 0 0.8248578078669414 0.3312647391099901 0.16840878629263412 0.09051943868530818
97 776 0.9949028814056641 0 0 1.0121352491567837 0.4330051399494722 0.19767787159752362 0.1079062460149984
98 784 1.1738126507834457 0 0 0.9688036362109104 0.4149308765281893 0.2525318935320928 0.12402481967423772
99 792 1.1202753387441646 0 0 0.8920625047347909 0.378027893160568 0.23238568534147627 0.11993150732667937
100 800 1.0416456151862359 0 0 0.7949398568623445 0.343789237351164 0.21408779765447358 0.10819864670710459
101 808 0.9178701883590116 0 0 0.737943197907414 0.32182168490822743 0.18069085614519326 0.08264211360526073
102 816 0.9247406918641452 0 0 0.7631150044335022 0.32396576813661526 0.1877800517096728 0.09171943730999056
103 824 0.9063854072886807 0 0 0.6969690254808277 0.2878811527862514 0.18311431622966481 0.08551255709080549
104 832 0.7514883210449589 0 0 0.577869086334325 0.2392198560999229 0.14523824204629227 0.06931556877696585
105 840 0.6985894444121898 0 0 0.536729672393094 0.21917973561885623 0.13274868465529083 0.06161291514410358
106 848 0.6453764909153067 0 0 0.4825848238576759 0.20216591125888256 0.10477416955060173 0.05400888495738306
107 856 0.6556234137931266 0 0 0.5077349954227269 0.2081049894745514 0.10726525796272669 0.0558333784533679
108 864 0.7166365971064635 0 0 0.5836220521516458 0.24251911271697713 0.11185719607025237 0.061443656851264114
109 872 0.7046847555541118 0 0 0.5639597355637599 0.2384952676089369 0.11084544429726036 0.05630446561683195
110 880 0.699327870912972 0 0 0.5514926026236712 0.22893871427873502 0.09624769502487668 0.05087996652902704
111 888 0.5708447175638669 0 0 0.40876309960659096 0.16746543686226895 0.0764881335926956 0.042223296966686696
112 896 0.5908588527129784 0 0 0.4470675798208777 0.18668898217418362 0.06854743113438294 0.03900815762597626
113 904 0.6125179493532571 0 0 0.4689707394144147 0.197644211836738 0.0674662140863984 0.040426875435902856
114 912 0.5824969069297787 0 0 0.4017180004895357 0.17492208923951622 0.06778398925804698 0.039620661440049824
115 920 0.6000808015806285 0 0 0.4080470912860922 0.17889061593878358 0.07354580249076241 0.04334202884254958
116 928 0.6847698498971572 0 0 0.4498881395207396 0.20365470222763765 0.09661235516747109 0.060077114779329775
117 936 0.7759565706028769 0 0 0.49689703057760354 0.22841462104317578 0.11676981790283222 0.0752617456759577
118 944 0.9657114304872129 0 0 0.6088587214396348 0.2780723752445371 0.16236432863382322 0.09904701220122145
119 952 0.9225453039743609 0 0 0.6066341575894397 0.27711671624214695 0.17166713147941515 0.10680116918982117
120 960 0.8377790527169007 0 0 0.4855526342982134 0.21965770829080694 0.1509836635504604 0.09534295699715807
121 968 0.776631446467217 0 0 0.4317980124708644 0.19473277542842968 0.14245542946581632 0.08793181082741705
122 976 0.7958046980161426 0 0 0.4338147377793687 0.19185528935801968 0.15426059816754784 0.10485657446269889
123 984 0.782019765215875 0 0 0.3617245174168858 0.16417712497391382 0.1473879321844065 0.10064047205733768
124 992 0.6438380695724742 0 0 0.29159451038736567 0.131531632107733 0.11497953351534024 0.07800797080897295
125 1000 0.6150663866944638 0 0 0.27852110633818683 0.12306634379079814 0.10234741958494636 0.06568073181737434
126 1008 0.553541922645402 0 0 0.2653755960381438 0.11786944445554241 0.08415867383301022 0.05117857016322789
127 1016 0.5532895852370331 0 0 0.25580641675385934 0.11294747548961721 0.08060420145760037 0.0497172445717891
128 1024 0.6635441054603728 0 0 0.367056972161255 0.1525938753602498 0.09403253269063964 0.06035177059439232
129 1032 0.8215582367840316 0 0 0.45673794562104586 0.19491183904355466 0.12734295290069142 0.07080082648322471
130 1040 0.7600006453220057 0 0 0.41576276231134873 0.17670433824295398 0.1086329420825454 0.06081396201488721
131 1048 0.6459712736332246 0 0 0.34256628691324115 0.1470786483280517 0.09101481396190549 0.048117660187646294
132 1056 0.5971169970313911 0 0 0.2941260507444545 0.1270854928740195 0.08692030942092574 0.043765154894860235
133 1064 0.6526104384642734 0 0 0.3455897949302018 0.14567302085573824 0.09481228935655034 0.04848153996672117
134 1072 0.7624411758192023 0 0 0.39169141055998324 0.16561324770680214 0.10331987134657702 0.05593461073811607
135 1080 0.7894753141052606 0 0 0.3694676944375288 0.15423921979022645 0.10147896986303291 0.05922226324664134
136 1088 0.8755154470144222 0 0 0.42868886321456307 0.1835105530205734 0.1063972709368326 0.06110207476941483
137 1096 0.805665840417079 0 0 0.35565748550726956 0.15372208390243156 0.08704326580118474 0.05500577657649672
138 1104 0.7910280570473986 0 0 0.28782498295170783 0.13087635640753095 0.08368553756714123 0.055106171393700346
139 1112 0.94651715449112 0 0 0.4101177495837579 0.19095467263732466 0.10360419327288349 0.0637814595252124
140 1120 0.9733137234746135 0 0 0.41165692826432104 0.19003719021821314 0.10641724970999875 0.06938856252453135
141 1128 1.008508235376605 0 0 0.42315101072687317 0.20076697412255792 0.11714803960861453 0.06420779015207197
142 1136 1.0617719948955915 0 0 0.4978925218375431 0.23289030627478344 0.11772142649922152 0.06975573738539018
143 1144 1.1171830001772736 0 0 0.5358067746798038 0.24629196866194966 0.12837972462036107 0.07319291282182554
144 1152 1.025541739327372 0 0 0.5280180399294226 0.24274569033477042 0.10933613755590935 0.06254942750596722
145 1160 0.8568335159025089 0 0 0.4070728863001962 0.18957843915627948 0.08480144893560936 0.04929361742081094
146 1168 0.9116694225610067 0 0 0.4567733644403707 0.2196854943109717 0.09009481489148469 0.05940975153818658
147 1176 1.1882733774623626 0 0 0.6146158753725622 0.2966335417860153 0.11325116071409727 0.08668891259793743
148 1184 1.1046587612163032 0 0 0.5571685076213442 0.26676313594714585 0.10216781154657013 0.08329869586689637
149 1192 0.9346714449311723 0 0 0.42340394945132 0.20480576730597777 0.08820220105449966 0.06628371085080241
150 1200 0.7587552441367402 0 0 0.3382957847131775 0.16352007532342222 0.0612300564871703 0.05200911398705541
151 1208 0.7149049937520049 0 0 0.3022953568976921 0.14762081458585968 0.05650585103582261 0.05109688534791984
152 1216 0.8386916990960991 0 0 0.32161719109175224 0.15694845018744355 0.08151421171184764 0.05913946886076725
153 1224 0.9030457874272969 0 0 0.3389306816849659 0.16174306047523102 0.09285062059061647 0.06435578110991723
154 1232 0.9852068892119095 0 0 0.3416790653924592 0.16063487646344324 0.11377406618991347 0.06416594644637318
155 1240 1.2870528057952397 0 0 0.45051002306622795 0.21173995916659374 0.1469088643009124 0.08014635962976072
156 1248 1.4624665380935098 0 0 0.4769588617016421 0.22745357747568384 0.1670629870832255 0.09127662915514581
157 1256 1.3926995546604881 0 0 0.4419685125656079 0.21125639793028658 0.1531701953197287 0.08540631941398506
158 1264 1.3887899995815987 0 0 0.4172549414374363 0.19327332247642529 0.15557643119054324 0.08432340260030177
159 1272 1.3535073152924362 0 0 0.44189649703618017 0.20711318807802584 0.14145433774909594 0.08255599728396505
160 1280 1.3596100161112463 0 0 0.44146123018771105 0.20743829370465586 0.14690955938072803 0.08093370929943516
161 1288 1.3127003704301057 0 0 0.4271047684519737 0.20084983764161762 0.1445062744245691 0.07287175359180571
162 1296 1.1903516539612424 0 0 0.35019904187073625 0.16608401367961487 0.13074971837169097 0.06345293252268025
163 1304 1.1959629947074042 0 0 0.3411115157857744 0.1637325743609269 0.14540080956689472 0.05865631321920218
164 1312 1.2367801754844974 0 0 0.3509228511785771 0.1691152848940029 0.14153161523347135 0.05959947127411277
165 1320 1.1489262300876708 0 0 0.3290886852733113 0.15947168526068417 0.12445533576233395 0.05480706115811422
166 1328 1.163542380554496 0 0 0.31822253298615727 0.15426157877643468 0.11779709020146649 0.053134398629551494
167 1336 1.1030866879470784 0 0 0.27689757338517845 0.13174811328543395 0.1143118993710475 0.051170977861250695
168 1344 0.8847345630356236 0 0 0.20607097013596004 0.09756376308461917 0.08818871099292616 0.03986814553257958
169 1352 0.844381069946021 0 0 0.21293576744805065 0.10201518558441298 0.07644488514731686 0.03836059087116329
170 1360 0.7857071975395833 0 0 0.19474199224335834 0.09415571492266667 0.07408549008181768 0.033528967468418276
171 1368 0.8207305858376817 0 0 0.2234113315341329 0.10806659237796054 0.07203593452158794 0.031465880536369006
172 1376 0.816234618359741 0 0 0.22673522663189682 0.11072522050551617 0.06440782955292547 0.03201896518275546
173 1384 0.7069476460692976 0 0 0.19755988570557018 0.09606072375981824 0.054562333512412894 0.027542180280153147
174 1392 0.6526455509474046 0 0 0.16896028997271742 0.08379600340779153 0.04554964159191457 0.02635498499154606
175 1400 0.5568100523102395 0 0 0.1333814740878885 0.06662785407821369 0.03839131671367046 0.02156824054282509
176 1408 0.48868889195455734 0 0 0.11878497392602354 0.05923746633300245 0.0350096238655803 0.018270382373491587
177 1416 0.4460742806389767 0 0 0.10388626046774975 0.05290114617713363 0.03230246072219313 0.01639807576066239
178 1424 0.4051016345873618 0 0 0.08998698618384905 0.04586901097596199 0.028185720489923093 0.014634981587429537
179 1432 0.3476286753370568 0 0 0.07905370716629795 0.04047051649026059 0.02471217075281308 0.012532199168254241
180 1440 0.3247898784273604 0 0 0.07166849163941756 0.036084700963974134 0.023275479563048606 0.01038945691910975
181 1448 0.39344836728607285 0 0 0.09607924013471493 0.046202434602771604 0.028228205593509807 0.01235721061296999
182 1456 0.32471334177524175 0 0 0.07649791211191413 0.03711755635673216 0.022158776045984523 0.009798398537192117
183 1464 0.2999561016673126 0 0 0.06664549631746218 0.03220782888006254 0.020490835475048173 0.0087290461926292
184 1472 0.31373820964241955 0 0 0.06131164377803219 0.029738513101190463 0.021413993214997817 0.008545506673126275
185 1480 0.31350587110020706 0 0 0.0630024099018823 0.030077178574748065 0.021718261358992998 0.008627026740453132
186 1488 0.37231606529924854 0 0 0.07515740743765578 0.037024084196312645 0.031918377293046724 0.012765982445940113
187 1496 0.36811832427879493 0 0 0.07679240285152572 0.03783664890526852 0.02956044781964087 0.011899604861366458
188 1504 0.43060339279922527 0 0 0.08908056501421452 0.042885401810165175 0.03730043952251235 0.015238951382416724
189 1512 0.4082995885785947 0 0 0.08227125070344082 0.03989670853593043 0.03340944973040089 0.014558715851091522
190 1520 0.4526999617766649 0 0 0.08459738541623243 0.042809830453510986 0.040578082835051314 0.01830450638225382
191 1528 0.42322700270870495 0 0 0.07586328501707039 0.0374034834514522 0.038723102754474145 0.01582978977004034
192 1536 0.3701533964906616 0 0 0.0668121358951197 0.032956167507570536 0.03347719036746826 0.013913084154159084
193 1544 0.37471893431484415 0 0 0.06949006417311902 0.03429131570472607 0.03207627436597628 0.013945669248899065
194 1552 0.44659264682153765 0 0 0.09816106538655468 0.0440246865001122 0.03695826550404303 0.014846733721588018
195 1560 0.4700694188371369 0 0 0.10676719367465219 0.04766201874970312 0.03872380710549535 0.014938146713992692
196 1568 0.5358950938750942 0 0 0.11185767906187527 0.05094652712671458 0.04368092211966497 0.018513797145385775
197 1576 0.6698401215926846 0 0 0.1558846932829059 0.06882225128337183 0.05566472410336721 0.023545631652260042
198 1584 0.6572817833086367 0 0 0.13765137971939476 0.06327690527591276 0.05045241299339779 0.02214625166154528
199 1592 0.6853026482065226 0 0 0.1407676179727785 0.06441761852445788 0.05147859460582617 0.022979970204435048
200 1600 0.6542405443049886 0 0 0.14439501400192567 0.0646052758761529 0.046384549509927736 0.021118935140574408
201 1608 0.6459525549031472 0 0 0.13904361637704984 0.061479157218538756 0.0427976342710521 0.017946861024829765
202 1616 0.7425105968221503 0 0 0.1614672016825903 0.07734473271141824 0.05200238683244262 0.026164983138930707
203 1624 0.7231564874636641 0 0 0.15857364414568037 0.07660682155612197 0.05033197344973287 0.025883881715503605
204 1632 0.878384495965528 0 0 0.29790466523837394 0.14319535476176004 0.05508062842652189 0.03735157517081563
205 1640 1.010178234497611 0 0 0.3737279596497083 0.1811879821906965 0.0671530765689902 0.04698400538625702
206 1648 0.9917857455932556 0 0 0.3675098316967366 0.17508180075187754 0.07048045305219167 0.044743793086417245
207 1656 0.9856980546475731 0 0 0.35264393691259743 0.16568371193206285 0.07400854509481458 0.040726358975275635
208 1664 1.0841071564283133 0 0 0.38415624258951814 0.18331498932440785 0.07901794801776763 0.04975231819901228
209 1672 0.9104106155703866 0 0 0.33447228836458154 0.15752060768984452 0.06044702875316967 0.03689142825411857
210 1680 0.9471404397623202 0 0 0.33765635444221187 0.1625104659311846 0.06446360799208757 0.040083564042904536
211 1688 0.9930343523201295 0 0 0.3520555761151746 0.17080791479833426 0.06954380249127286 0.04268824387064714
212 1696 1.1241864188184092 0 0 0.48393079733549504 0.23304281457493006 0.07622778345089555 0.05354810239593494
213 1704 1.1390467710734915 0 0 0.5074817531597253 0.24440103751290326 0.07771630386693376 0.054580470562924435
214 1712 1.046604012917476 0 0 0.4593147710877944 0.22234914186789975 0.07289509591078097 0.05010362678438111
215 1720 1.0783383290852722 0 0 0.5208571300628718 0.25326403890044563 0.07590739494643546 0.0564793710482347
216 1728 1.109341227049014 0 0 0.5439004142877927 0.261007456417632 0.07597660971620314 0.05510180814204039
217 1736 1.204804543638442 0 0 0.5455411624983281 0.2624702435839418 0.08760271186973734 0.05805891251906626
218 1744 1.4589230705152487 0 0 0.6623469009092849 0.3208104826451867 0.11854328898955031 0.07461064309599413
219 1752 1.7488370727276585 0 0 0.9327284362390239 0.44416745195022067 0.14822476319426178 0.09357112642955563
220 1760 2.053535666751542 0 0 1.0972769649953784 0.5191156279842929 0.15852732788731622 0.10484129402878542
221 1768 2.3212027893613003 0 0 1.1827617889965338 0.5617235113117518 0.1798733781669987 0.11615966489413909
222 1776 2.1989743124895686 0 0 1.0812527169130972 0.505311053121168 0.16747516500156154 0.0981344577089373
223 1784 2.0258148993427856 0 0 0.9502385379396463 0.4436741275259692 0.15739725307636837 0.08711822482099792
224 1792 2.3360385749390056 0 0 1.1244039264833672 0.5268113014246019 0.21116252192112467 0.11045199152599303
225 1800 2.4166496584735664 0 0 1.2568717232744053 0.587671324216549 0.18951984406123162 0.11246573469461021
226 1808 2.61479411800916 0 0 1.5312009166983351 0.7069872210617933 0.2150896492018195 0.12422459462890381
227 1816 2.2680349823401285 0 0 1.2129391457833296 0.5605839312776291 0.17969219192169403 0.1012468412417322
228 1824 1.8856403974924147 0 0 0.9429757872416991 0.4276922017631652 0.14015600791843205 0.06905347412436309
229 1832 1.9277931159421982 0 0 0.9616819401142497 0.43789802421583823 0.1319359334552932 0.07049610326035943
230 1840 1.8329753618427889 0 0 0.9105294050537768 0.4159853692644799 0.12839059010740314 0.06743030120763636
231 1848 1.6404341930545159 0 0 0.7477387802098829 0.3425526808775268 0.10965942302526872 0.05704636809028859
232 1856 1.5607017139428754 0 0 0.6820140051215258 0.31101893268838177 0.1114851948011661 0.053254327053150405
233 1864 1.684686088590785 0 0 0.6772003936720918 0.3111597459630538 0.11913056256122839 0.05647649423333858
234 1872 1.5044073349844107 0 0 0.5634872129551828 0.25658132866415134 0.10664526812383644 0.04670946176850532
235 1880 1.4104159215348604 0 0 0.5427772840849817 0.24464398636955267 0.10122057184457264 0.041816474257510165
236 1888 1.4828581646675083 0 0 0.6004436689713609 0.26790331667700096 0.11113775049844139 0.04161724431044252
237 1896 1.529740272272233 0 0 0.6019448470470483 0.27143716998343514 0.1165440066667767 0.04589744464032147
238 1904 1.3196487649951296 0 0 0.5167556612461031 0.23257509549520944 0.09832871333628261 0.0382438975803566
239 1912 1.3098215970799967 0 0 0.530076438779465 0.24173744135624214 0.10146036489132795 0.04260581928683573
240 1920 1.172290231771134 0 0 0.462611367477853 0.21107307354109353 0.08505149225810804 0.03676418208636054
241 1928 1.0686227280428817 0 0 0.399826566396499 0.18155380691465497 0.08182344192460732 0.032668715413029084
242 1936 0.9864233611499301 0 0 0.3769807128441271 0.17015189424934749 0.07491168035661791 0.029285093157104546
243 1944 0.8563207533419942 0 0 0.32267339916475374 0.1442903015450527 0.0633804263572809 0.02318118452788052
244 1952 0.7147937702586978 0 0 0.27596684368340024 0.12377350026327688 0.05212235289384667 0.019930885042555982
245 1960 0.623701602237532 0 0 0.2299776840782664 0.10307283611535523 0.0437718768477823 0.0167741400018036
246 1968 0.6605088890204179 0 0 0.24621035246689607 0.11015698858509099 0.04804119268062974 0.018253276442548535
247 1976 0.6510343079771087 0 0 0.2235425375855851 0.10041916145387024 0.046152104930431606 0.01759395042406066
248 1984 0.596730312284674 0 0 0.19893798476401559 0.08968195357882378 0.04211910422097344 0.016195328354544798
249 1992 0.636390695808716 0 0 0.2110101485949712 0.09513036789562015 0.04469119380974189 0.017072119126715357
250 2000 0.7326265940591252 0 0 0.22758698455391108 0.10271126959743741 0.06167965326447918 0.021808525234384615
251 2008 0.7713405399121906 0 0 0.22532953835406574 0.10426783309189891 0.06256421952814632 0.024250274878384357
252 2016 0.7158858958293729 0 0 0.19045072733513127 0.09116523823249688 0.055928012529108014 0.0235087165054104
253 2024 0.5485760439351438 0 0 0.14201386813408498 0.0681087277214563 0.04205989229627832 0.01778310284191085
254 2032 0.5121173653709129 0 0 0.13720397185869807 0.06763144741657443 0.037167211361469644 0.017931089690434485
255 2040 0.5464961101112937 0 0 0.1423173046675037 0.06927842365370539 0.03568819222140132 0.017440606513658866
256 2048 0.5587321667801282 0 0 0.13495566433302605 0.06350690170876351 0.037014292184864 0.015470442369082339
257 2056 0.5254894950193177 0 0 0.1260601363714692 0.05907394367756173 0.03613834934305626 0.014611223876319092
258 2064 0.5212468856415787 0 0 0.13106831281097334 0.06126553259858264 0.03621197932753073 0.014711914943065606
259 2072 0.5277124145667381 0 0 0.12322927592941882 0.05810430195515544 0.03903543518235504 0.015351488019001082
260 2080 0.45842966926947787 0 0 0.1040427073847269 0.04799665623014779 0.03075731523314802 0.011697707527816306
261 2088 0.5969029737558377 0 0 0.1348566628137737 0.06286663786580478 0.04431215381273859 0.01677928468876497
262 2096 0.7464575580404086 0 0 0.18370780561682182 0.08860508062513203 0.05911147635445366 0.02444095568312218
263 2104 0.8056173485827438 0 0 0.1739734984075405 0.08501552447238717 0.0630558148649852 0.02534136793945092
264 2112 0.7524655370722941 0 0 0.14968324240564138 0.0717331365524942 0.05759261350270251 0.02167536961997028
265 2120 0.8609355442798255 0 0 0.1870359845272547 0.09057858111579022 0.058993278934111854 0.024969089328416585
266 2128 0.7370247895154073 0 0 0.15785421609398068 0.07601668600999159 0.04759610470054141 0.02027199004136333
267 2136 0.663849918029566 0 0 0.13925971517799313 0.06747450514849485 0.04256403982460823 0.018238743939285793
268 2144 0.5958147491814787 0 0 0.11241124734118099 0.05400893625586835 0.04030534558466136 0.015652580478053648
269 2152 0.5918480823605331 0 0 0.10693205035082538 0.05081329263557472 0.043756259933330766 0.015857580767084316
270 2160 0.5380720937615582 0 0 0.09268595205729842 0.043666203611043806 0.04042143058382259 0.014073255631623923
271 2168 0.5426432184389794 0 0 0.09354520868847602 0.0432022966875023 0.0417830357925698 0.01413954023779228
272 2176 0.5408033157586581 0 0 0.08630251301263303 0.04054073363505816 0.04246641807087535 0.014617384008673472
273 2184 0.6534610305946665 0 0 0.12411104771321924 0.06148301022364096 0.046837128884630506 0.0194805452777348
274 2192 0.747906762665586 0 0 0.1441896515898173 0.07282479503313509 0.05189386965792833 0.023052380834006788
275 2200 0.7266217287935973 0 0 0.1331599214291204 0.06626902660357648 0.05149314461683845 0.0214609909033574
276 2208 0.7274647971201876 0 0 0.13305826185530004 0.06547535230133866 0.04568062790221822 0.019692382962612505
277 2216 0.7976475422533845 0 0 0.13745066498883746 0.06826473654026519 0.049039292621717315 0.021190450868964657
278 2224 0.660135395439431 0 0 0.11387613981506199 0.055594900024245185 0.036235105703432705 0.015925262056938127
279 2232 0.6601562949004092 0 0 0.11843429656287308 0.05799399848795052 0.03405300601745621 0.015881345622503835
280 2240 0.6115375411843442 0 0 0.09731399628673831 0.047374017875796974 0.03071949932734208 0.013510334869612823
281 2248 0.6752544625137928 0 0 0.11130392567922934 0.05343925848209708 0.03158054081423637 0.014129777188065486
282 2256 0.6866591649869632 0 0 0.11283853718321477 0.05499341349506313 0.03162516711988859 0.014931514918689616
283 2264 0.6297013285310099 0 0 0.11214608787342903 0.054756289055979485 0.02964936599572717 0.014462218230966183
284 2272 0.5697258129332257 0 0 0.09386280364207857 0.046143385866080494 0.026462526402279887 0.012707721233566904
285 2280 0.553758683466494 0 0 0.08782617359231873 0.04290628542896413 0.023949718846163426 0.011503681737380549
286 2288 0.5799104243525904 0 0 0.09886463719489708 0.04910621176789358 0.026328585448935966 0.01339681762621573
287 2296 0.5633877351756951 0 0 0.09529037062585369 0.047090581753123 0.024024209125312043 0.01244286654957812
288 2304 0.6820025686122358 0 0 0.12076452428731527 0.0572047408290416 0.02832176915314688 0.013263669214639376
289 2312 0.7124003243967109 0 0 0.11486661976019727 0.055450180153345026 0.028677963572227416 0.01384031779607377
290 2320 0.7729862750530889 0 0 0.1135320819372333 0.054260070678423866 0.030082718558370806 0.013589604258493733
291 2328 0.7736440115385724 0 0 0.12635346470398998 0.05960064068508873 0.029814877612051635 0.013628969352743225
292 2336 0.8399315518301828 0 0 0.14176367059521783 0.06731758266315983 0.032185059385403676 0.015256239487809145
293 2344 1.1206905059800454 0 0 0.1981302624664292 0.09298440961839327 0.042936768119433005 0.01991821243524782
294 2352 1.4678079401314061 0 0 0.2622214938593986 0.12340864462515219 0.05710965514799146 0.026575440966853225
295 2360 1.3247989306524566 0 0 0.2357472003102568 0.10992359698488431 0.05067811021262694 0.02275176855135711
296 2368 1.128458521410872 0 0 0.20451286512045028 0.0947398503725912 0.04013740462255541 0.018376028160660796
297 2376 0.986132479761863 0 0 0.17522392592670163 0.08257244987994379 0.032982117478885506 0.016911985409652563
298 2384 1.33038771476453 0 0 0.2434809346398475 0.1145210092869744 0.045398219832139625 0.023101845790217936
299 2392 1.2957065610633935 0 0 0.2515320568886619 0.118718190397434 0.042806432462593046 0.023670075290390453
300 2400 1.2050667493234355 0 0 0.2144081895448467 0.10288719758918709 0.037509780964500444 0.02198372434436263
301 2408 1.4205668685572783 0 0 0.2342794174857774 0.11663673042520772 0.05822455631539299 0.03073664885291694
302 2416 1.2823557775747645 0 0 0.19701864905647198 0.09719908719468745 0.049429913535872096 0.0253418653609473
303 2424 1.1805526647714402 0 0 0.15099432754934985 0.07588816444444217 0.04712060711852893 0.022324554219670383
304 2432 1.428039664585942 0 0 0.18463262980522596 0.0942376243852321 0.06137858542713214 0.028823267690979454
305 2440 1.2750166150854207 0 0 0.16382883819632585 0.08269622463690497 0.05082472948747432 0.024325386632244966
306 2448 1.1679964104139886 0 0 0.1475419003178481 0.07465212736384629 0.04442138313121777 0.021671339164675476
307 2456 1.0437805590055178 0 0 0.1263808420593708 0.06343574843409332 0.03627419384333752 0.01785448623540805
308 2464 1.2496798752061435 0 0 0.16526908177420216 0.08195822175420088 0.042948084642108975 0.02169261317581147
309 2472 1.568120727834156 0 0 0.20384022719621284 0.10258287234965975 0.05470059877980401 0.028093442908013067
310 2480 1.8498219717359357 0 0 0.2552706076653962 0.13179771835051732 0.07574402192367782 0.03857732700976167
311 2488 2.150965417830517 0 0 0.27115478479408706 0.13991179281741606 0.09515139077732798 0.043288153134827076
312 2496 2.3433631874656404 0 0 0.3167997277757318 0.16170605828851417 0.10799966605718102 0.04878093853869466
313 2504 2.186586252699234 0 0 0.29255312548711915 0.1498962878810793 0.10099305356419555 0.045691971986203624
314 2512 2.2108488308773864 0 0 0.3045387171965091 0.15572024208683358 0.09245145761964445 0.04502990630574878
315 2520 2.0079155771262145 0 0 0.26884408976753604 0.13748678431641004 0.07636604036809358 0.03876770532659429
316 2528 1.9835502586602225 0 0 0.26365227617701054 0.13450883180652587 0.0784552947380644 0.038482306104630035
317 2536 2.6516895003104715 0 0 0.34402721478102183 0.17623990435225148 0.10584661417526546 0.05157307189802344
318 2544 2.557223188243738 0 0 0.3432643972348742 0.17400951117478922 0.09639000041345917 0.04853090541305454
319 2552 2.3077739741883976 0 0 0.29765571088268605 0.14860515484779357 0.0787457320896529 0.039327280288072385
320 2560 2.4372301896506765 0 0 0.31248277453707796 0.15556871686171264 0.07107704042339998 0.03899132161933162
321 2568 2.553946285874098 0 0 0.3181074754653221 0.15794109052756966 0.08007962900662201 0.040743192674655065
322 2576 2.259625026303115 0 0 0.27107109256728357 0.13519045702912608 0.07117243598490433 0.03588665698077798
323 2584 2.1439546357930017 0 0 0.22924773861035133 0.11287828476758266 0.06446034652005588 0.029950803656861168
324 2592 2.265381370568462 0 0 0.25219368636888706 0.12353782711914386 0.07013672133106538 0.03254669879084077
325 2600 2.3302942572996024 0 0 0.24800728962306567 0.12119049248916644 0.0775682521535052 0.03345446303963076
326 2608 2.068155534839509 0 0 0.2270306180531944 0.1116657519351053 0.06527982881693452 0.029984339778768476
327 2616 1.8170199407264895 0 0 0.1953132865856258 0.09470161764971342 0.05065915429663557 0.023764391747071366
328 2624 1.950406309170918 0 0 0.1956043097434285 0.09585521699341475 0.05607924214722719 0.02565924278795145
329 2632 2.0972093928660285 0 0 0.18467488973485613 0.0888686524417459 0.05682517994164643 0.023981281587307245
330 2640 2.100330639104887 0 0 0.19293774776455963 0.09429350110038068 0.05923975081041279 0.026087297925579008
331 2648 2.4828133963954135 0 0 0.23219357932443765 0.11633841563511368 0.07925045150999269 0.034599735933594875
332 2656 2.911176894189868 0 0 0.31535673407120585 0.1643405862788958 0.10767747867504608 0.05107123364212692
333 2664 3.0172579845547385 0 0 0.3639124324539024 0.19092793913846443 0.11319952052949345 0.05768458949231213
334 2672 3.4771781342004213 0 0 0.42397692132565107 0.2232474624234179 0.1306636265879901 0.06746792060677384
335 2680 3.4397425973976317 0 0 0.41302934686366644 0.21411929139702404 0.1133746101002377 0.061231585407436756
336 2688 2.8841524225235164 0 0 0.33244758272380537 0.17162533941903754 0.0908582738079819 0.0487072064493889
337 2696 3.180767958432753 0 0 0.3716189311640589 0.1931233197378694 0.0990014893087794 0.05495439534294863
338 2704 3.468650156323546 0 0 0.4032232381519902 0.2107678226361004 0.10826360406843964 0.06041325536557425
339 2712 4.299245679950139 0 0 0.5527890210557009 0.28891054142873396 0.1361979485898512 0.0807083398310762
340 2720 4.483417799174443 0 0 0.5687797122945006 0.30130021304582766 0.15639212052034926 0.08834257530252128
341 2728 4.323276697306657 0 0 0.5380365116642009 0.28558901281166876 0.15150641339764206 0.08444381712027255
342 2736 4.083740331599391 0 0 0.48701729095411345 0.2606649591567503 0.14430390898891896 0.07896049276925797
343 2744 3.7317670588675167 0 0 0.4117799125336215 0.2222269665684271 0.13001943832439625 0.06933033435752345
344 2752 3.4309949881689312 0 0 0.35336938394304596 0.19207616982407383 0.1181342476821188 0.06145560812102533
345 2760 2.7394669669912677 0 0 0.278504346382726 0.1515615349599694 0.09186261976528803 0.04830986077869446
346 2768 3.2316903987901933 0 0 0.3811638643585185 0.21007479096183096 0.1313497244532618 0.06842169948133342
347 2776 2.7086449769145653 0 0 0.31848038792778477 0.17621731105504998 0.10988456061094684 0.05767521155471681
348 2784 2.5074648764238616 0 0 0.28340102753141067 0.15805868734195916 0.10267760747735834 0.05282139842290335
349 2792 2.524672692576382 0 0 0.28569212491366996 0.16014346555029046 0.10643713156533721 0.05423741389249785
350 2800 2.6675099326840384 0 0 0.3387426103539759 0.18808615333662648 0.11807660049391237 0.06191499828195074
351 2808 2.231751053958523 0 0 0.26244645832087793 0.14459479052665655 0.08756567577382593 0.046665855256856896
352 2816 2.0686484522704003 0 0 0.24663177388883994 0.13475813319751556 0.07662576182372097 0.04232480829678138
353 2824 1.9867066211141406 0 0 0.24161264850369518 0.131788207723787 0.07389601057002435 0.04111291927290971
354 2832 2.107069286646607 0 0 0.25871734453181267 0.14099463031282308 0.07822121147682863 0.04384238169434426
355 2840 1.8869498472198938 0 0 0.21766580850093428 0.11890851026824174 0.06685468489648802 0.03719151118803861
356 2848 2.3173211560480853 0 0 0.2652772620425305 0.14526446284012742 0.08346956048250276 0.04568591309656352
357 2856 2.3237305068693748 0 0 0.22953097167167186 0.1267377426063906 0.07687637621551573 0.040920409739634525
358 2864 2.0322702725960626 0 0 0.1941054395579827 0.10731025736727773 0.06523144405131419 0.034714693627900486
359 2872 2.033135408675416 0 0 0.19551169797223097 0.10717671975641486 0.06201527632045694 0.03386956200048786
360 2880 1.7308139032215262 0 0 0.1774598052729307 0.09692561312160142 0.05485138541928023 0.030234799780784194
361 2888 1.6073228937419084 0 0 0.16022961982273765 0.08780697520219058 0.05027193980104078 0.027602131064689634
362 2896 1.340911362528147 0 0 0.12491129640317784 0.06893572778445763 0.04093317753512978 0.022090249901624334
363 2904 1.316459043711268 0 0 0.11654048048259219 0.0644029526123375 0.03883845225592826 0.02077094940385511
364 2912 1.3709900976397942 0 0 0.1201592690541673 0.06750785935616047 0.04418061382893445 0.022775339257239527
365 2920 1.2590767668587113 0 0 0.10533524954695293 0.05949155452881535 0.03962974190128675 0.020284428090079316
366 2928 1.1463223520751675 0 0 0.09537115841675967 0.054311238609197676 0.03728984973468812 0.018839198726210576
367 2936 1.13018193196117 0 0 0.09711341086114758 0.05534940090871388 0.03767506611123397 0.01913969421286506
368 2944 1.034801684382686 0 0 0.08557339633797889 0.04898577300131187 0.033995250593471145 0.01713653016138635
369 2952 1.2758510948854584 0 0 0.09763177728374092 0.055613739386773484 0.03775772299443684 0.01921926164831855
370 2960 1.6526842467015455 0 0 0.13621514286262199 0.07701588330333298 0.050233526446764966 0.026067088153666932
371 2968 1.5566247394812207 0 0 0.12669980276707368 0.07206562348678493 0.048654161970887955 0.024844251911291537
372 2976 1.4936775757526737 0 0 0.11685407415491939 0.06609912722070185 0.04337398961529893 0.022482903563364225
373 2984 1.7429959804680617 0 0 0.12621971435819673 0.07111013761543167 0.04610177803612388 0.024040748020950888
374 2992 1.722150901157552 0 0 0.1323541984154126 0.0745617388255492 0.04783820378679504 0.025118757670443862
375 3000 1.6164772756092045 0 0 0.11594166858762316 0.06498059648519955 0.04103871965940481 0.021650495002453248
376 3008 1.5149225077904704 0 0 0.10726899607977188 0.060027352099170796 0.03795881039218347 0.019966105216993733
377 3016 1.376143060510029 0 0 0.09453433377828392 0.05267084404102077 0.032430243662520744 0.017274138767254584
378 3024 1.2457754546389825 0 0 0.07534299345330506 0.042311606140767476 0.027504791099287353 0.014261392360407896
379 3032 1.3708921606622584 0 0 0.09047622892171332 0.05035496242172168 0.031111928251079835 0.016542614361430424
380 3040 1.231142513324852 0 0 0.07901344035656138 0.0437261927389654 0.026449902599933323 0.014163642351471308
381 3048 1.4612400859756045 0 0 0.10083702452973115 0.05622167187469722 0.03441055701706742 0.018497998420122837
382 3056 1.1706561643544333 0 0 0.07430911077046906 0.0416379736906249 0.026152089077273608 0.01388923058333164
383 3064 1.0989200671629897 0 0 0.07207958231388543 0.04059552143182106 0.0260088492838807 0.013709495081956931
384 3072 1.3105853601424955 0 0 0.09470552132644222 0.05269091060660364 0.031589497547645014 0.017204738267407507
385 3080 1.6896182338014973 0 0 0.1258226446369776 0.07000803482530021 0.04223226193134903 0.022909595686982646
386 3088 1.630715439436648 0 0 0.11079893865810383 0.0615947225593997 0.0373410375806647 0.020143479411998663
387 3096 1.7664311182897185 0 0 0.13281206509124893 0.07338939810678101 0.04274181351108777 0.023552292709856166
388 3104 1.9898784313655868 0 0 0.16657258909482234 0.09341947388465081 0.05801963138842822 0.03103138623247165
389 3112 1.8395198923281733 0 0 0.15695594124396664 0.08757791932200358 0.052870964287040106 0.02868613550834809
390 3120 1.844350146552353 0 0 0.1459524406341655 0.0807339023792018 0.047160245479476774 0.025916337763460553
391 3128 1.601679761471693 0 0 0.12916400506605014 0.07117363889658478 0.040413083582741774 0.022551614486930417
392 3136 1.7769204125640292 0 0 0.1658278187248274 0.09064796874630277 0.04853163809631739 0.027975242270860443
393 3144 1.5098500013265521 0 0 0.1367818887873203 0.07464021587139888 0.03958342833346216 0.02292907371410704
394 3152 1.2508207596482592 0 0 0.10930832251303083 0.05999563925723986 0.032903968748572675 0.018731007396655786
395 3160 1.1380602974374154 0 0 0.10022916937204067 0.05515906203353104 0.030641287780820262 0.017341853129761386
396 3168 1.0581837717263807 0 0 0.08868311817159459 0.04871742938859154 0.026926075665298147 0.01525129440569913
397 3176 1.2791825940004533 0 0 0.10828824958204303 0.05947924465760505 0.03300724486632027 0.018630361324547453
398 3184 1.380067394666039 0 0 0.10606708078869098 0.05790435614928052 0.03143497682533009 0.017890038623011535
399 3192 1.3181804266398274 0 0 0.09701655948937424 0.05267441224374268 0.02782584490962774 0.01604649801420495
400 3200 1.1500527173963164 0 0 0.08783516142841523 0.04777336047775395 0.025350956066780887 0.014605397190805256
401 3208 1.0796664785106154 0 0 0.08128018203516238 0.04398241423248785 0.022473796047187605 0.013232939689062768
402 3216 1.1366675357636136 0 0 0.0946477450959422 0.05110964347827929 0.025415285244088662 0.015228597341748612
403 3224 0.9925793418605555 0 0 0.07980564574224022 0.0430179655932221 0.021213463802903364 0.012759638749490668
404 3232 1.1520530081665987 0 0 0.07803215583331195 0.042420613404217114 0.022797079110977385 0.013008977971262776
405 3240 1.4156783395663566 0 0 0.08814079085801597 0.048402908054431586 0.028445716199432036 0.015424302046209964
406 3248 1.2747731255876844 0 0 0.07738305021375187 0.04238770621251355 0.024807124375504343 0.013449581131560666
407 3256 1.2233591587607038 0 0 0.06947606250794773 0.03803891507235945 0.022677205506998758 0.012127059239437214
408 3264 1.1487791265941623 0 0 0.06250111016026542 0.03437980330635025 0.020825781995052466 0.011083595075443898
409 3272 1.2769312960815977 0 0 0.06812440411354172 0.036793745078195675 0.02142851225860782 0.011447001021386403
410 3280 1.355844570787184 0 0 0.0686238123277996 0.03744969375365462 0.0232143982766059 0.012030462421787095
411 3288 1.551410554102583 0 0 0.07661968661511538 0.04173830830822634 0.026548578366487104 0.013498122322644867
412 3296 1.7951910410544958 0 0 0.08751747320335507 0.04753645968504488 0.02957267154730863 0.015226221034934108
413 3304 1.9411748036907959 0 0 0.09153794099840565 0.050128368461333436 0.03287910659315056 0.01650019890711868
414 3312 1.779834355753379 0 0 0.08617506004752253 0.04742450014046445 0.030070479991273002 0.015534756203663746
415 3320 1.6871793407299802 0 0 0.08100086399276071 0.04479705194094273 0.02886090073966818 0.014829837713121508
416 3328 1.7790518241014568 0 0 0.09135284164488557 0.05131480534326889 0.03415309568171958 0.01745220647475562
417 3336 1.7719926214729973 0 0 0.09243227176784959 0.05241047645365124 0.03530630619315298 0.018054077262357533
418 3344 1.6646794499381752 0 0 0.0851779191535874 0.04821932840151161 0.03208358271614637 0.016529500177329855
419 3352 1.6269058409939223 0 0 0.08414416307789199 0.04747518555784254 0.03098961053754329 0.016118806441461405
420 3360 1.5007903038189718 0 0 0.06510791333594199 0.03685122200076052 0.024953328144595468 0.012702833929193256
421 3368 1.4819242256813083 0 0 0.061604552186316594 0.035211796154610196 0.024917396195133102 0.012428786112040423
422 3376 1.50511165495806 0 0 0.05851226710256432 0.0332996028617509 0.02343522649482005 0.011691415377000315
423 3384 1.2693197301357617 0 0 0.04339832054574059 0.024432393600651404 0.016559538062115742 0.008381996650303163
424 3392 1.277911281761462 0 0 0.04390592491263434 0.0244473747336535 0.01601491220791919 0.008205452390128884
425 3400 1.2215508174592014 0 0 0.04224354909913145 0.023447345846389737 0.015072609445674996 0.0077928275602772755
426 3408 1.2884950621043652 0 0 0.04434481577038882 0.024624906677019148 0.015876350802861126 0.008195442481476545
427 3416 1.2253797698371924 0 0 0.040670608202247154 0.022646340612973964 0.014907030127356845 0.007618381814427994
428 3424 1.0227509747018528 0 0 0.033946517071069784 0.01894997438644073 0.012631168189239287 0.006420081730428671
429 3432 0.9246033375115225 0 0 0.029472223482424217 0.016529208521695562 0.011085796318112297 0.005640229996764627
430 3440 0.9422226180313621 0 0 0.027413189907660222 0.015563442064813148 0.01115390392076177 0.0055001614257129405
431 3448 1.0338251528449371 0 0 0.030098502956831225 0.017152783398730564 0.012818771059392086 0.006177851412118758
432 3456 0.974788342335346 0 0 0.029048657916066065 0.016344475698081 0.011485699045488644 0.005685134957258559
433 3464 0.9945391098154515 0 0 0.027916176229222277 0.015702449294382977 0.011358961728530391 0.005519709124179992
434 3472 1.1207692766133521 0 0 0.028551264693584086 0.015975624503805956 0.011857136525671878 0.0056459428194298574
435 3480 1.1529427751948755 0 0 0.030635463445925486 0.01734513537802429 0.013609565660402854 0.006331237140457728
436 3488 0.9965138476261828 0 0 0.025391210073232834 0.014308177562512752 0.011374743693820888 0.00523089455032404
437 3496 0.9277699023142288 0 0 0.025344975256677362 0.01418332677060541 0.01036256905373987 0.004987688514743576
438 3504 1.0835969875085596 0 0 0.032076923539761056 0.01786007187079748 0.012312979827120586 0.006119329556922662
439 3512 1.1429995148882035 0 0 0.0333902767573759 0.01890146094215877 0.013348066354624006 0.006638897455490565
440 3520 1.092941876529313 0 0 0.028830406353999846 0.01660897882238491 0.012743023231832837 0.006107267707199827
441 3528 1.3487054305390942 0 0 0.036471212460356055 0.020753767796406763 0.015411120331892885 0.007458707643022504
442 3536 1.392006245433788 0 0 0.03798918809860892 0.02206329146594512 0.017133210620096186 0.008204172672159574
443 3544 1.3187800627144826 0 0 0.03346520936249683 0.019595616005996224 0.015861522767313556 0.007455067732664388
444 3552 1.4502010198100481 0 0 0.03771994847448954 0.022518721380709556 0.01920577311999537 0.008869211049953665
445 3560 1.480540281546689 0 0 0.03561011110521567 0.021620013408091786 0.019309259538195303 0.008768931421530237
446 3568 1.605171719416069 0 0 0.036226623943574815 0.022293674209526503 0.021290675670373644 0.009385577434867686
447 3576 1.4761648247365307 0 0 0.03338123430047959 0.020798606373386787 0.020021868533367328 0.008846015223666714
448 3584 1.3767562145776873 0 0 0.03368539766033 0.02115579400029339 0.020598929006494026 0.0090825890062327
449 3592 1.3259087562386929 0 0 0.030149285091154467 0.019157369420921857 0.019374459869812066 0.008424726531796373
450 3600 1.3983262359638207 0 0 0.031589185364350646 0.020542676298566383 0.021970359911602337 0.009372909849234612
451 3608 1.6677462501460192 0 0 0.038133885248940735 0.02522099997705039 0.028314764004914703 0.011863743172106625
452 3616 1.8849138481772885 0 0 0.04123932175800294 0.026995627536511125 0.02988059122446798 0.012554009173339443
453 3624 1.9204312148307912 0 0 0.036301689422533985 0.024089634517588374 0.028006592685119302 0.011546439653620818
454 3632 1.8263485020445516 0 0 0.03307517815489913 0.021933301486510022 0.02569253311312125 0.010546215097123193
455 3640 1.848338716903361 0 0 0.03306049266577947 0.02174564453520946 0.025123919975976967 0.010350706763131233
456 3648 1.7142327944725582 0 0 0.031170353708231055 0.020393469868181104 0.023162220770430383 0.009604295221661459
457 3656 1.5381827919819064 0 0 0.027001074908515655 0.01790804699508459 0.020506971945492055 0.008513619187129387
458 3664 1.3908927645326323 0 0 0.024847951001023626 0.016550593651437486 0.018984666079633433 0.00789407348731216
459 3672 1.3797823555564368 0 0 0.026367024370659468 0.01736308392609459 0.019222884633921397 0.00810506825564597
460 3680 1.4742320081452418 0 0 0.02818898426686871 0.018236202209445346 0.01942460639138985 0.008290655948568919
461 3688 1.6281872312212822 0 0 0.03145988491471994 0.02072530722338393 0.02325977389730829 0.009735843974229212
462 3696 1.519979555869403 0 0 0.02921394325074646 0.019168740626114303 0.021361238370233 0.008959691863342976
463 3704 1.3548498713663677 0 0 0.02668818319585859 0.01737280521629747 0.019057784773346634 0.008029856839952037
464 3712 1.2597343815532032 0 0 0.024051340873528667 0.01606476082727897 0.018543256348851157 0.007691876846105426
465 3720 1.142449624571133 0 0 0.02147902313207245 0.014317810142703101 0.016568072633051253 0.00685906917887411
466 3728 0.9589051487093455 0 0 0.016320730087466453 0.010820631526718241 0.012425972112714958 0.005151338347167793
467 3736 0.870415751572834 0 0 0.015010357839853529 0.010054428827880556 0.011728664722857024 0.004844225127404655
468 3744 0.8421909577096519 0 0 0.012958938995204564 0.008655154995618461 0.010202346203597836 0.004186635901927603
469 3752 0.7178114205197045 0 0 0.01086720491186104 0.007227839900883625 0.008408895483519273 0.0034677110529095735
470 3760 0.68963894064098 0 0 0.010459414794510468 0.006952991936803011 0.008073207808275699 0.003331447826560637
471 3768 0.6096332151383552 0 0 0.008114975408016626 0.00545991863732964 0.006571013692645934 0.0026759511936060693
472 3776 0.620498558498499 0 0 0.008079391365618636 0.00546712978473513 0.006684242215927255 0.002706705043731562
473 3784 0.6408299590306441 0 0 0.008419271991280449 0.0057089877530368885 0.006925517579031007 0.0028167394278200107
474 3792 0.6256172017424312 0 0 0.007891520349685044 0.005402093684791852 0.006620638905548475 0.002689275548532765
475 3800 0.5554407998929947 0 0 0.006803067953909726 0.004689956572969314 0.005784324209304114 0.0023482024225611802
476 3808 0.6801216262580865 0 0 0.01045361489990865 0.007077124048609576 0.008254344517357745 0.003423242955030275
477 3816 0.7435820134363721 0 0 0.010741298140827157 0.007204826959119623 0.008289743408364608 0.00344968210472547
478 3824 0.8386757312651335 0 0 0.012051554694480193 0.008036388931852222 0.009330123619477033 0.003856478154436627
479 3832 0.8580400389788188 0 0 0.012258977045014444 0.008060610632258786 0.008981346262530148 0.0037720989272085194
480 3840 0.8733399748942768 0 0 0.01361473237133287 0.008928823026103037 0.009714525488691807 0.004127749760933317
481 3848 0.8756369562934053 0 0 0.014069912717798394 0.00925032635029606 0.010115915177595114 0.004291919187355124
482 3856 0.7309947877405942 0 0 0.011296684868371768 0.007487927948023109 0.00833423234117665 0.003516314792258232
483 3864 0.6633682493543716 0 0 0.009110391006252714 0.005891891978993959 0.0062397651855522745 0.0026731495482242803
484 3872 0.6904534448311724 0 0 0.010795114160445736 0.006923914532947281 0.007073723812394811 0.003077840174085754
485 3880 0.599116785643773 0 0 0.009298760847882224 0.005976700497011067 0.0061077353466904155 0.002660108174615232
486 3888 0.6167689472768033 0 0 0.00959107763539409 0.006128071461947898 0.006136244700875189 0.002695167236173654
487 3896 0.5174821072970204 0 0 0.007826919153687818 0.00504387242111441 0.005153482034517178 0.00224788749878011
488 3904 0.5284990943384088 0 0 0.008243772607525282 0.005361163320973737 0.005592578839659177 0.002422093772248594
489 3912 0.5920398558933391 0 0 0.009483962598419117 0.0062434007981299715 0.006679643890017326 0.002869190417872233
490 3920 0.66712601315905 0 0 0.01002081830022947 0.0066890097928767114 0.007414104441556905 0.0031427258005623034
491 3928 0.6534725845792112 0 0 0.009277018884529016 0.006120203442418628 0.006604834419719524 0.0028260812378853787
492 3936 0.6247294847774233 0 0 0.008811200738966421 0.005839153570404103 0.0063791597650121904 0.002716897519652146
493 3944 0.7262255925195187 0 0 0.009340099117636329 0.006243829185911652 0.007120792337131783 0.0029762916530997534
494 3952 0.8211719643631333 0 0 0.010581274930330325 0.006973462988496962 0.007751804449901967 0.003264306146203394
495 3960 0.8541783460328018 0 0 0.011736541024560095 0.007630651973026699 0.008081828185287557 0.003471655767627009
496 3968 0.9154891474098209 0 0 0.012899470212947196 0.008360951495578941 0.008749349819788083 0.0037784919436263586
497 3976 0.9891723303750747 0 0 0.014148593202680379 0.009160530061959054 0.009507545209753814 0.004122761149207429
498 3984 0.9943138020098989 0 0 0.013995744917867798 0.009067558247994373 0.009371736587725155 0.004074444671266101
499 3992 0.8687107210365834 0 0 0.012661669078761031 0.00823211200715631 0.008566168182056263 0.003716348318483055
500 4000 0.8223686033431169 0 0 0.012230664708106432 0.0078981069188837 0.008076644464415746 0.0035267242473862852
501 4008 0.76149450692887 0 0 0.009955316858389929 0.006394486388746193 0.006491640987845394 0.002838737504854319
502 4016 0.7879213541142218 0 0 0.010297869478397715 0.0067303870483983305 0.007205957677154516 0.0030856713320036077
503 4024 1.1634017283394456 0 0 0.016110832756951576 0.010469484505558785 0.011013375255837368 0.004748730696827421
504 4032 1.2721890636263806 0 0 0.01776527584031536 0.011497268639295916 0.011871280542904162 0.005162348490683239
505 4040 1.2649808561244253 0 0 0.018352838315088976 0.011987899898183805 0.012625744384984882 0.005455566939373828
