% # columns="iter, evals, sigma, 0, fitness, xbest" seed=1101981, Wed Apr 27 01:27:35 2022, <python>{}</python>
1 8 0.9464691654807351 0 473.0 -0.7505758578337827 1.1445245460015354 10.077289766617838 99.98641981098181
2 16 0.8711974506710385 0 477.0 0.5077036652388442 1.8222158220840885 10.427954780824924 99.80634890692971
3 24 0.8603429213956328 0 473.0 1.652549884216271 2.4644299927525384 11.457199710576008 100.69131457890448
4 32 0.8870737201058991 0 473.0 2.1755175121102224 2.710863684572309 10.845688459131447 100.76823545355116
5 40 0.9549285003714775 0 473.0 2.4213956717257985 3.1492434411894648 9.873030888655192 100.44226780944432
6 48 0.8868593207749884 0 473.0 2.065922883166839 1.9222447729898229 9.666869464970153 100.58685264429384
7 56 0.9104721728255247 0 473.0 3.129799261623349 3.1403152444315117 10.238287929768495 100.33115426039947
8 64 0.892270433189881 0 473.0 1.8340622848043067 1.86731800133913 10.39617912452521 101.52100234874206
9 72 0.7545715560047975 0 476.0 1.1109477989605385 1.562506855370296 9.989663148550664 100.1046372033003
10 80 0.6726096783647474 0 473.0 1.8946061561957426 1.7313014046996047 9.611954710620362 100.74126959230226
11 88 0.6337345134151782 0 472.0 2.403737278590902 1.2943343541718364 9.845479409983765 100.75138780141248
12 96 0.6923843956923221 0 473.0 3.430180488751878 1.553586486382143 9.941123624864947 99.96490877211733
13 104 0.827580336470214 0 472.0 4.388614422125106 1.078054845677176 10.49817242873897 100.17645363726636
14 112 0.9044784423896801 0 473.0 4.177465260753147 0.9387294116545702 10.051067079924966 100.17477984787016
15 120 0.9826149002959211 0 472.0 5.3910494506032105 1.3657148027816772 10.68258444689787 99.4339145115811
16 128 1.0492544527426946 0 473.0 5.737372160360618 1.572066644503761 10.625502804605011 99.59997249556538
17 136 1.0336868243481607 0 486.0 6.154504280157071 2.313785602051798 10.869991018430035 98.74879943788179
18 144 1.097132429687171 0 473.0 4.067228052437812 1.953068123616137 10.860153581002598 99.99743036135122
19 152 1.1582175908706878 0 473.0 2.4690166181559743 1.7118065344936926 11.340245543817733 97.95585826808257
20 160 1.307368563646477 0 472.0 3.9264113410700965 3.931053132474429 11.451927024282947 97.22385224101124
21 168 1.523211966192646 0 473.0 1.6342007172650788 4.777183207463183 11.21713827055042 97.31177639572127
22 176 2.2344528681216334 0 476.0 0.7975644599743825 6.807437948908339 10.79558054053938 96.29959368954475
23 184 2.4063662637485606 0 472.0 -0.670477588619466 5.394900093569853 9.116336751827951 98.60175647470939
24 192 2.2636899104506067 0 473.0 1.3393435229776247 4.82355038632007 8.823093248851148 100.3523986292685
25 200 2.0275018486335 0 473.0 0.03299836449358584 4.3301012515418815 9.938614518109247 97.40107759395599
26 208 1.9274924513561922 0 472.0 3.7927088871695283 7.219124202551093 11.122403340080092 97.20697506732009
27 216 1.952402491086256 0 473.0 3.2023584283833575 4.083225277592266 8.628510267503511 98.80460007146344
28 224 2.36142310601679 0 472.0 7.155880472758367 5.841379864898479 8.108037189773603 97.32668421112913
29 232 2.5886840833338436 0 472.0 3.904056907839239 9.437897090336511 9.764219217141518 95.59212972544333
30 240 3.6050066970331667 0 476.0 12.567550575071579 9.00561277799624 7.423949531650051 97.29980336988109
31 248 4.060077221901687 0 472.0 9.06321840090769 12.477597104307016 7.139951150606376 98.79095380809461
32 256 3.817923002095184 0 473.0 2.024301089491071 10.998424213820398 11.319181929891599 96.1818384514681
33 264 3.6883415100905705 0 472.0 4.871589720430263 7.8627441911365015 10.801675811624289 101.09766121204983
34 272 3.6628086988987354 0 473.0 0.8078871172063149 8.7586631470821 11.793314834389822 97.33318653407844
35 280 3.4225504924013253 0 473.0 -0.39692264262173715 6.407217961813538 11.197366588401293 97.73095033630192
36 288 3.2909878978221934 0 473.0 -0.702680533265287 7.497887287444213 11.022335703638275 98.9160380674971
37 296 3.0653040033872383 0 472.0 2.345412943402803 6.985318452321814 10.777904354462382 98.91798182854508
38 304 3.0294419977902085 0 472.0 -5.971320428811244 8.013399497223109 13.549292671094314 98.61132406051907
39 312 2.49883244738972 0 473.0 -1.026896662734151 7.906431650794676 10.846121230908022 99.10580305504492
40 320 2.1718509828878623 0 472.0 2.1776262550576675 7.551195810296473 10.932827260784665 99.15714959739655
41 328 1.9408842523377667 0 472.0 0.20472410237805394 8.952077224346665 12.0436217073034 97.22510397317885
42 336 1.905290357289827 0 472.0 -0.6497431066936905 8.846822601034763 11.518070618492848 97.67360750968196
43 344 1.8527615407245883 0 472.0 0.2343906277974746 10.190383550234019 12.493706602659831 96.82192247124793
44 352 2.0118529120636697 0 472.0 -1.2465290952879482 7.75790913441069 12.276694309405398 97.68701208490151
45 360 2.4804528240369814 0 472.0 -1.3489580044547802 6.285048510033587 13.284714204266427 99.43347325160563
46 368 3.2946797731736277 0 473.0 -5.705411908329806 9.491186064393066 15.220332950365442 98.61328880433177
47 376 3.754861329198845 0 473.0 -6.976506708891501 7.8913540355028955 16.444053041109107 98.55355197813108
48 384 3.8587211294581003 0 472.0 -5.506727578230188 10.424153183850056 15.376522136575005 98.86466204990485
49 392 3.7157977434879665 0 473.0 -5.538455215885995 9.70030789081982 14.963614708018351 99.50772997720208
50 400 3.9592723567483294 0 473.0 -14.043835357732899 10.391378070108402 17.207944275859646 99.87457022006916
51 408 3.6973941258566088 0 473.0 -10.785555121994797 10.548860894538302 16.43664689142487 100.00554753831675
52 416 3.7994352699910645 0 472.0 -11.019442785078363 13.527575679754461 16.891174280928144 98.85371705538373
53 424 4.077080900090409 0 473.0 -14.042595860263887 11.991927268456331 16.070112820547788 99.38371556883844
54 432 3.6746709557770623 0 473.0 -9.665699914453418 11.162787754529655 14.352874089743025 99.91678473896049
55 440 3.640354824089818 0 472.0 -10.449293787699997 10.65576938164046 15.665361321242068 97.41283332266808
56 448 3.7546653337139007 0 472.0 -6.951861747916269 10.836213885964753 17.170102675875203 98.764475437244
57 456 3.5492541069542067 0 472.0 -8.941235436273871 9.6029992589224 15.46039728126528 97.1471482885949
58 464 2.910582967933736 0 473.0 -10.511233044985346 11.718145130493241 15.423005231542263 98.5513383453239
59 472 2.7428060969428585 0 473.0 -7.688994803547608 9.359652670794203 15.42152131877156 98.20360187901697
60 480 2.804984018868008 0 472.0 -9.165601831474477 10.406950601214518 14.733121984449092 98.11586688251212
61 488 2.901463082155702 0 473.0 -8.610808521551553 8.94052332666043 14.453722333725734 98.16057124437755
62 496 2.311191719451738 0 473.0 -7.422473396460422 8.68520159384765 14.352442495485395 97.97059643095434
63 504 2.2385897896506117 0 473.0 -8.407382196788058 9.611852248289308 13.54632995664785 98.1538733978744
64 512 2.0402943323934246 0 473.0 -8.024499394935864 9.875818602185264 13.595546173873776 98.20445969113038
65 520 1.9415995369715375 0 473.0 -8.724587018227421 9.404051623684104 15.529516699161908 98.79024016555844
66 528 1.7937065392893086 0 473.0 -7.249362253010527 9.680687857838144 14.94813295417412 98.76744360275664
67 536 2.0897981633751344 0 472.0 -11.256960314916519 11.175106995687596 15.554238347966864 98.2328969252986
68 544 2.28966109852825 0 476.0 -12.148873315331203 11.422329143927685 16.439643450641157 98.94204121769016
69 552 2.5061937422704137 0 473.0 -12.058595281231478 10.724403568185783 16.60437529245546 98.76849959893717
70 560 2.386595526519333 0 472.0 -8.765039210278319 10.078774522100069 15.824316233133498 98.77467431756817
71 568 2.141525783744433 0 473.0 -9.704371653302507 9.774479862291942 16.180804158889273 99.29761179390114
72 576 1.8474757700880469 0 472.0 -8.885665531583745 10.180333314934755 16.901897714280672 99.40049785707237
73 584 1.8874968824963694 0 473.0 -7.22394447652127 9.145746227897632 16.35104425981527 99.37207753841727
74 592 2.0880997626621185 0 473.0 -7.948203274913113 8.96626803624451 16.676549941283334 99.1208434566989
75 600 1.8160456459026202 0 472.0 -6.982544345479856 9.372196884835802 15.678975942215835 99.41213248148112
76 608 1.9850440201715989 0 473.0 -4.424989781591705 8.03929435763294 16.464281672466825 99.44882116423415
77 616 1.879291226268434 0 472.0 -4.6189757318909175 8.352307072486314 16.4208974846051 99.81459315100975
78 624 1.8828621573933342 0 472.0 -8.22470556973385 9.14940172913312 16.566937378725246 99.44852337366382
79 632 2.6297787713448617 0 473.0 -9.620049587757737 8.486559070467742 17.000547851534467 99.30059718304709
80 640 2.5148017174069404 0 472.0 -6.480319503321774 7.815955174378583 17.1824332925837 99.68356780199849
81 648 2.1774186363408896 0 472.0 -5.4061724023843585 8.199861181098067 16.13468393899034 99.5870672766055
82 656 1.9831148482356908 0 473.0 -6.086583029691472 8.439479425140462 17.09215407742666 99.94378441344533
83 664 1.7129012004365083 0 476.0 -5.192367102869697 7.884396861799662 16.84612714541185 99.58118846085107
84 672 1.610333000989818 0 473.0 -3.542549125170148 7.620954355388424 17.063109468274508 99.59402459044973
85 680 1.9434572835049035 0 473.0 -2.4926049605576592 7.488867174175482 16.98387327438947 99.76060520255412
86 688 1.9077595005251475 0 472.0 -2.886308160013483 7.318541684071782 17.53183047249858 100.28775393884759
87 696 1.7266974046277719 0 472.0 -3.162196959425444 7.631893379511001 16.70184390357938 99.4189093878226
88 704 1.8298084843333593 0 472.0 -6.5013615668598845 9.015307693685754 16.951798624984573 99.71665515819855
89 712 1.735094837894139 0 473.0 -4.771419659336554 8.237485165955531 17.140180967870595 99.81324647295202
90 720 1.7009792965018116 0 473.0 -5.143896678229115 7.994990337066923 17.31186703616324 99.83885469665553
91 728 1.513251938329842 0 473.0 -7.87293722411656 8.893973924184934 17.507772083224584 99.89160052558206
92 736 1.329953473947743 0 472.0 -5.433454845927794 8.011893449751183 17.396615310970034 99.90925775392915
93 744 1.3259004407993764 0 472.0 -3.570609309717847 7.352140864720096 17.659873453192045 100.0820759385228
94 752 1.167731243856371 0 472.0 -2.6989355074948214 7.010640464856634 17.532676237893174 100.02801257904194
95 760 0.9944280163049632 0 473.0 -4.315939667663255 7.8307882731954805 17.31393272662294 99.91402784172561
96 768 0.8602428439599478 0 472.0 -4.660627814619277 7.784447519711396 17.784492246428226 100.06808506284939
97 776 0.9949028814056641 0 472.0 -5.955267426506312 8.535194691693967 17.259808751517937 99.80861393439936
98 784 1.1738126507834457 0 473.0 -4.502429229494308 7.831595021851492 17.388321515547496 99.77907359161073
99 792 1.1202753387441646 0 472.0 -4.615946057357249 7.950495633572918 17.548944507810354 100.02946219395179
100 800 1.0416456151862359 0 473.0 -4.32907850150533 7.792490755790677 17.718543409292433 99.97840722713457
101 808 0.9178701883590116 0 473.0 -3.972375162261 7.683691691091572 17.5557245167719 99.97474414406223
102 816 0.9247406918641452 0 472.0 -5.355440410552719 8.350341400692876 17.296007277165074 99.82230556978394
103 824 0.9063854072886807 0 472.0 -4.095562511121175 7.8288159989000405 17.24082205000383 99.81992804103913
104 832 0.7514883210449589 0 473.0 -4.568238642266051 7.847261692975792 17.57116308101347 99.9706838138945
105 840 0.6985894444121898 0 473.0 -5.138468783980394 8.05714165336474 17.500451327575686 99.87027624033875
106 848 0.6453764909153067 0 473.0 -4.965861149441852 7.999393084167314 17.587919908654843 99.91975419994927
107 856 0.6556234137931266 0 472.0 -4.5363186657875065 7.93647563841795 17.324613403283518 99.8337384871046
108 864 0.7166365971064635 0 472.0 -4.630977394990032 7.905410716066325 17.558389056915022 99.83526770203797
109 872 0.7046847555541118 0 473.0 -5.533793623441968 8.31234716569392 17.411432100534444 99.82144431386513
110 880 0.699327870912972 0 476.0 -4.930609792175041 8.08710032120897 17.459976969351718 99.76937423660553
111 888 0.5708447175638669 0 473.0 -4.55720424190245 7.847840576911682 17.499632034492656 99.86038153657783
112 896 0.5908588527129784 0 473.0 -4.473744697412749 7.8074728618400195 17.41202686266705 99.81723099360809
113 904 0.6125179493532571 0 472.0 -4.714900250178898 8.003573903806489 17.412962215612666 99.7774808642222
114 912 0.5824969069297787 0 472.0 -4.547721620998703 7.851323894811038 17.573339843767016 99.82990051629095
115 920 0.6000808015806285 0 473.0 -4.156241051523256 7.669353244129262 17.46461827741355 99.76718863753568
116 928 0.6847698498971572 0 473.0 -4.63179597951858 7.930768832362689 17.324038961553754 99.66330562072305
117 936 0.7759565706028769 0 472.0 -4.714366266833287 7.908221073541161 17.2228765398056 99.58374355764253
118 944 0.9657114304872129 0 473.0 -4.014469911529539 7.58815073228316 17.16637660256219 99.61174946057815
119 952 0.9225453039743609 0 473.0 -5.2942825261299 8.129463481679291 17.71469346519912 99.94990598790093
120 960 0.8377790527169007 0 472.0 -5.017560055297573 7.940833114520107 17.238176423457052 99.6747839695463
121 968 0.776631446467217 0 473.0 -4.0424897682686005 7.574085770806297 17.253274395906153 99.75029000070353
122 976 0.7958046980161426 0 473.0 -4.581846645680558 7.827691191191025 17.50206798889486 99.92180116902263
123 984 0.782019765215875 0 473.0 -4.4852372353797305 7.8057456605698246 17.665275502175007 99.96173428918598
124 992 0.6438380695724742 0 473.0 -4.407864373972275 7.713608912840178 17.391401499864934 99.80811566496436
125 1000 0.6150663866944638 0 473.0 -4.552335869181608 7.770280892048732 17.564989472834768 99.90368260136697
126 1008 0.553541922645402 0 472.0 -4.855975910325921 7.942129326662135 17.404665513221747 99.80720708264869
127 1016 0.5532895852370331 0 472.0 -4.365780215486276 7.7696439855359 17.407671845955676 99.83959019785028
128 1024 0.6635441054603728 0 472.0 -4.027868699660009 7.60982354928816 17.497515913222486 99.8848012857431
129 1032 0.8215582367840316 0 473.0 -4.007804082646687 7.580816197711448 17.62811687028569 99.92488018335487
130 1040 0.7600006453220057 0 472.0 -4.05626327825179 7.61686614959639 17.618396543393274 99.94280138276254
131 1048 0.6459712736332246 0 472.0 -4.258918014598199 7.726345762173892 17.58614199020266 99.93884022424746
132 1056 0.5971169970313911 0 477.0 -3.910377329684917 7.553347307498195 17.41362204387403 99.92730129871148
133 1064 0.6526104384642734 0 476.0 -3.53144754604577 7.423526489302695 17.48599797604059 99.97631104265328
134 1072 0.7624411758192023 0 473.0 -4.003638651880405 7.637354570938159 17.43987286972269 99.97966487234007
135 1080 0.7894753141052606 0 473.0 -3.923303689024695 7.55984081728251 17.463139056257504 100.01025926897428
136 1088 0.8755154470144222 0 473.0 -4.412703408842306 7.84099393429668 17.43524312955947 100.00204647576778
137 1096 0.805665840417079 0 473.0 -4.188538555417988 7.728876927733922 17.380517299976646 99.99627807519653
138 1104 0.7910280570473986 0 473.0 -4.246096399114853 7.729131762965157 17.387953482840764 100.02019999398252
139 1112 0.94651715449112 0 472.0 -4.741444962688576 7.994701689907303 17.34802216214207 100.01919547694872
140 1120 0.9733137234746135 0 472.0 -4.329496142739681 7.744889625121671 17.326159899524168 99.91529875578006
141 1128 1.008508235376605 0 473.0 -4.733123294866881 7.993234719496404 17.167398266401698 100.02510471721178
142 1136 1.0617719948955915 0 472.0 -5.065463804872524 8.104807013660562 17.258689058080463 99.96691496948151
143 1144 1.1171830001772736 0 472.0 -5.449557697034624 8.339870281618145 17.037098936810562 100.10871391148714
144 1152 1.025541739327372 0 473.0 -3.6383668803020743 7.490502276803071 17.18671849427386 100.06351115542493
145 1160 0.8568335159025089 0 473.0 -4.845199307215211 8.056917633976765 17.230501410112865 100.03251977679511
146 1168 0.9116694225610067 0 473.0 -5.2848984450811916 8.249607313799167 17.14985932199626 100.10355033824577
147 1176 1.1882733774623626 0 476.0 -5.237083221143961 8.318124006608425 17.15534056066972 100.21058278469647
148 1184 1.1046587612163032 0 473.0 -5.201162140227437 8.195988813484949 17.133259624087344 100.07114490154237
149 1192 0.9346714449311723 0 472.0 -5.1439313855785525 8.249325105482932 17.182748181035226 100.16337944632515
150 1200 0.7587552441367402 0 472.0 -5.209232255193546 8.216566372188256 17.124308565570065 100.12223881082242
151 1208 0.7149049937520049 0 473.0 -5.3131858510857075 8.267450160520829 17.134954244213294 100.06023968245584
152 1216 0.8386916990960991 0 472.0 -5.448357666247196 8.318144146295634 17.044990028071652 100.09775433784675
153 1224 0.9030457874272969 0 472.0 -4.794507803143209 8.038040633708018 17.105688830526443 100.09003695768632
154 1232 0.9852068892119095 0 472.0 -5.334094174041877 8.281912697449675 16.921517956053478 100.10118152777272
155 1240 1.2870528057952397 0 473.0 -4.762360439122492 8.03307871826634 16.80171343183743 100.03458226831964
156 1248 1.4624665380935098 0 473.0 -4.8704964016221055 8.080987811274362 16.796323343241287 100.0909941077818
157 1256 1.3926995546604881 0 472.0 -5.3304165652609035 8.275399966530832 16.816646813126226 100.03292771794278
158 1264 1.3887899995815987 0 473.0 -4.725048329485748 8.052608368139376 16.97662272501013 100.14206517523556
159 1272 1.3535073152924362 0 472.0 -4.309931950750432 7.825837679231587 16.95163134099198 100.05806370652088
160 1280 1.3596100161112463 0 473.0 -4.677005716310343 8.01492508596378 16.658309512815357 100.041878489431
161 1288 1.3127003704301057 0 472.0 -5.081062796996705 8.22338545004881 16.71302341979667 100.11670161596149
162 1296 1.1903516539612424 0 473.0 -4.230158635147244 7.778687537076672 16.779339196547337 100.00927379841953
163 1304 1.1959629947074042 0 473.0 -4.164945721944931 7.770912669271085 16.491423333762583 100.0058148638995
164 1312 1.2367801754844974 0 472.0 -4.177683945102587 7.757293478995522 16.70763944360391 100.0614889782523
165 1320 1.1489262300876708 0 472.0 -3.88243057663361 7.625880720739692 16.576094644001135 99.98353614602539
166 1328 1.163542380554496 0 472.0 -3.89880933082751 7.644147914806547 16.62422404876671 99.93852935476838
167 1336 1.1030866879470784 0 473.0 -4.1018817804958685 7.70056113141294 16.787582856836387 99.97721769827211
168 1344 0.8847345630356236 0 473.0 -4.220503995001003 7.79945526533579 16.720896372305756 100.01630101795386
169 1352 0.844381069946021 0 472.0 -4.411778527878335 7.899653738866181 16.64383550447718 100.03693533369122
170 1360 0.7857071975395833 0 473.0 -4.255886108793524 7.820495650989574 16.616379730796517 100.01224366992379
171 1368 0.8207305858376817 0 473.0 -4.610643068868288 7.989942850136026 16.613325200835952 100.02951637050688
172 1376 0.816234618359741 0 472.0 -4.669665427578119 8.015291198065688 16.687678459532435 100.04511965861872
173 1384 0.7069476460692976 0 473.0 -4.501349094138038 7.935370706449682 16.627679905540404 100.03672719780697
174 1392 0.6526455509474046 0 473.0 -4.599517347015886 7.972558986787079 16.609749561704636 100.02620738805915
175 1400 0.5568100523102395 0 473.0 -4.4615893842561185 7.914590572704 16.61365323841551 100.01480983383405
176 1408 0.48868889195455734 0 472.0 -4.405434023468788 7.876986513586125 16.686851116960362 100.01628825147598
177 1416 0.4460742806389767 0 473.0 -4.3102748925231245 7.82091298897865 16.68558573121231 99.98633461045816
178 1424 0.4051016345873618 0 472.0 -4.378943335725167 7.862372756646397 16.62430135789295 99.99074690194647
179 1432 0.3476286753370568 0 472.0 -4.362479691434939 7.86033441166581 16.645792991269662 100.0019890335886
180 1440 0.3247898784273604 0 473.0 -4.365493203489289 7.865852545414888 16.642817716204494 100.00485796363928
181 1448 0.39344836728607285 0 473.0 -4.240410639056795 7.811685354131976 16.639541510193105 99.99766830146923
182 1456 0.32471334177524175 0 473.0 -4.347535147985027 7.84917166283691 16.66631199163372 99.99392811755843
183 1464 0.2999561016673126 0 473.0 -4.305915687224527 7.832667130593996 16.644577413137412 99.99478544528537
184 1472 0.31373820964241955 0 473.0 -4.292202825782923 7.826617520153031 16.654046915370007 99.9893200098866
185 1480 0.31350587110020706 0 473.0 -4.254736164497396 7.80814627896324 16.674251417921372 99.98707106058971
186 1488 0.37231606529924854 0 472.0 -4.315446327544461 7.852072601198523 16.595797320887378 100.01275169238913
187 1496 0.36811832427879493 0 473.0 -4.188078039250713 7.781407444859879 16.646985715416424 99.99361454816524
188 1504 0.43060339279922527 0 473.0 -4.189460602665931 7.801276538443767 16.587486973151066 100.01621483346958
189 1512 0.4082995885785947 0 472.0 -4.243388301735516 7.82060892279422 16.621929585301526 100.00713774078056
190 1520 0.4526999617766649 0 472.0 -4.2438248984670315 7.830878822003084 16.588185088570185 100.02711248506776
191 1528 0.42322700270870495 0 472.0 -4.261057832524138 7.840320920789975 16.567146942065374 100.02899570536522
192 1536 0.3701533964906616 0 473.0 -4.327045548305111 7.890590349494235 16.518730091332202 100.05334597969126
193 1544 0.37471893431484415 0 473.0 -4.247535890808834 7.842773750782689 16.56541224243041 100.03604233046487
194 1552 0.44659264682153765 0 476.0 -4.369647340673181 7.890878714618191 16.58492752747518 100.03870572712525
195 1560 0.4700694188371369 0 472.0 -4.471246951472781 7.935916669831371 16.585651083027873 100.03652836070854
196 1568 0.5358950938750942 0 473.0 -4.383939918345213 7.8811779091421315 16.608787501532188 100.00988278065218
197 1576 0.6698401215926846 0 472.0 -4.416644512774955 7.917486403825652 16.548753608082926 100.03802408609214
198 1584 0.6572817833086367 0 473.0 -4.606128336763932 7.994267884490851 16.562811998909975 100.0377124346223
199 1592 0.6853026482065226 0 472.0 -4.356387910444671 7.878586024626889 16.555593300900505 100.0127790877514
200 1600 0.6542405443049886 0 473.0 -4.16847135786394 7.805880330560371 16.515030090859277 100.02331524013547
201 1608 0.6459525549031472 0 473.0 -4.236882216343491 7.834286507797199 16.507814376515128 100.02436897062395
202 1616 0.7425105968221503 0 473.0 -4.079654454868303 7.728640597791958 16.605610280141402 99.96396527262208
203 1624 0.7231564874636641 0 472.0 -4.351382657349948 7.860257516984063 16.587558382959184 99.98596143748023
204 1632 0.878384495965528 0 472.0 -4.930240130295071 8.14614418125138 16.585190659478034 100.06643475893652
205 1640 1.010178234497611 0 473.0 -4.529005915741483 7.97783245814107 16.494599772532133 100.05876935938568
206 1648 0.9917857455932556 0 472.0 -4.106370452230992 7.796786068003557 16.433605493499464 100.03825769476296
207 1656 0.9856980546475731 0 473.0 -4.230761766407705 7.867250118855209 16.404933711111568 100.07118164260505
208 1664 1.0841071564283133 0 473.0 -4.720914177616212 8.104048930428961 16.442330761973942 100.12697959014464
209 1672 0.9104106155703866 0 472.0 -3.9587140187166057 7.742939798223706 16.348931097941954 100.04631503941886
210 1680 0.9471404397623202 0 473.0 -4.953242285826733 8.229916810180452 16.32060808735002 100.15411475811068
211 1688 0.9930343523201295 0 473.0 -4.762869337152745 8.120813741184488 16.36306920622892 100.10722811455882
212 1696 1.1241864188184092 0 473.0 -4.96550639747661 8.215915148626282 16.359229535395983 100.12645495029753
213 1704 1.1390467710734915 0 473.0 -5.294194993826049 8.388349509319035 16.324121300997163 100.17212614672955
214 1712 1.046604012917476 0 476.0 -4.790611807505956 8.128938132112433 16.39765524284213 100.1070869896153
215 1720 1.0783383290852722 0 473.0 -6.083305927977532 8.768085589771594 16.30183848131637 100.24379313949198
216 1728 1.109341227049014 0 473.0 -6.023254189078166 8.721267137237593 16.339231641669414 100.21764821729913
217 1736 1.204804543638442 0 472.0 -5.747753931593984 8.575851602833243 16.424950770812266 100.17593498809967
218 1744 1.4589230705152487 0 472.0 -5.51444493851698 8.438613589256692 16.522445820148995 100.12276771596011
219 1752 1.7488370727276585 0 472.0 -7.510974543019086 9.374756374188916 16.548277611502552 100.27757440799638
220 1760 2.053535666751542 0 473.0 -6.349241363997912 8.85443186577378 16.494046738894948 100.20938384469407
221 1768 2.3212027893613003 0 473.0 -7.233345880165416 9.224668893262296 16.64507145842639 100.21897464108648
222 1776 2.1989743124895686 0 476.0 -6.427062400922192 8.835874012634674 16.645902771961907 100.14785701349594
223 1784 2.0258148993427856 0 473.0 -6.60820917734216 8.873343428558659 16.826077128741318 100.11053624218053
224 1792 2.3360385749390056 0 472.0 -7.84352346801186 9.418588552240452 16.952065961473895 100.14978287500955
225 1800 2.4166496584735664 0 473.0 -8.579626678501857 9.772342253714445 16.90041011056805 100.20962525584893
226 1808 2.61479411800916 0 473.0 -9.668015614046444 10.238026433013278 17.062973668782465 100.24736412822666
227 1816 2.2680349823401285 0 473.0 -9.565007693107447 10.213215865932616 17.016414046362595 100.26919078875834
228 1824 1.8856403974924147 0 473.0 -8.621334497265995 9.787339190626598 16.93721613589676 100.21252950012816
229 1832 1.9277931159421982 0 473.0 -9.173794132690082 10.021997595127463 17.01630363913247 100.21631642055529
230 1840 1.8329753618427889 0 473.0 -7.75768335332782 9.360687288896631 17.01867594273113 100.12310725903552
231 1848 1.6404341930545159 0 473.0 -8.421232349850898 9.665198430216554 17.028786780886918 100.15596792095383
232 1856 1.5607017139428754 0 476.0 -8.562261093493577 9.687115370081191 17.19421063392718 100.11763532896487
233 1864 1.684686088590785 0 473.0 -8.579458636455403 9.69521997698472 17.190414249795115 100.12737394829395
234 1872 1.5044073349844107 0 472.0 -9.230910984626261 10.028305602175156 17.106485548507834 100.20849237765809
235 1880 1.4104159215348604 0 473.0 -9.495573788164705 10.120205727291472 17.23319254891964 100.18848094294911
236 1888 1.4828581646675083 0 473.0 -9.75503785124873 10.217479196151494 17.346879451021195 100.1807340933063
237 1896 1.529740272272233 0 472.0 -8.789987561400746 9.784145781603225 17.251036585932646 100.12804639167004
238 1904 1.3196487649951296 0 473.0 -8.666223603668405 9.737984442497291 17.20244349033916 100.1311976875097
239 1912 1.3098215970799967 0 473.0 -9.04682799738771 9.939848623935356 17.112419890129406 100.19037394763099
240 1920 1.172290231771134 0 472.0 -8.622995849076425 9.721605555456346 17.193260215600944 100.13001891487738
241 1928 1.0686227280428817 0 473.0 -9.010235139841756 9.87306134668253 17.29901974071082 100.12508343222227
242 1936 0.9864233611499301 0 473.0 -8.330459703693059 9.611393365289159 17.0841880633504 100.14094124594449
243 1944 0.8563207533419942 0 472.0 -8.523275250010416 9.694322898221147 17.126104764895754 100.14685243368518
244 1952 0.7147937702586978 0 472.0 -8.479839536651156 9.66439423161913 17.15593559568229 100.13113781774304
245 1960 0.623701602237532 0 473.0 -8.572744163229498 9.702473147842339 17.176927919543086 100.131516840353
246 1968 0.6605088890204179 0 473.0 -8.880641766659561 9.827176923146839 17.24801947237311 100.13325620690479
247 1976 0.6510343079771087 0 472.0 -8.929217902820207 9.844628446231008 17.26937564704347 100.12925990491794
248 1984 0.596730312284674 0 473.0 -8.844389935667362 9.811019635600926 17.24241339685328 100.12991490950428
249 1992 0.636390695808716 0 473.0 -9.143240461447137 9.939737207131511 17.288523647374546 100.13899901136575
250 2000 0.7326265940591252 0 473.0 -8.833526114050803 9.782990246774425 17.331366864114255 100.10133844053215
251 2008 0.7713405399121906 0 473.0 -8.830603418118782 9.782236587639732 17.331516714598845 100.10163914726236
252 2016 0.7158858958293729 0 472.0 -9.076663098164506 9.898455395586227 17.32930114344659 100.12101602350991
253 2024 0.5485760439351438 0 473.0 -8.93000700779559 9.844065807429034 17.275909224929897 100.12718658614794
254 2032 0.5121173653709129 0 473.0 -9.100282461627557 9.915670150759192 17.303090903923035 100.13003187566069
255 2040 0.5464961101112937 0 473.0 -8.979672573505532 9.86376925005011 17.28252413520482 100.12583659950991
256 2048 0.5587321667801282 0 473.0 -9.190532429788743 9.953134503602126 17.319289649199014 100.13021864671211
257 2056 0.5254894950193177 0 473.0 -9.05427858253529 9.88779674506341 17.325935420276767 100.11880053204979
258 2064 0.5212468856415787 0 473.0 -8.933339157436144 9.839769472495247 17.292414517816198 100.12039804485437
259 2072 0.5277124145667381 0 472.0 -8.951648286611624 9.82640688532161 17.372397695943455 100.09631371171679
260 2080 0.45842966926947787 0 472.0 -9.020382708928114 9.874230678729354 17.314528268276284 100.12016161134977
261 2088 0.5969029737558377 0 473.0 -8.991471836745752 9.876906278284538 17.256815566229132 100.13743741468996
262 2096 0.7464575580404086 0 473.0 -9.303884583597071 10.039768580352552 17.190082242363033 100.1805868668238
263 2104 0.8056173485827438 0 473.0 -9.135705789699955 9.950797361487687 17.22808701519734 100.15427436885913
264 2112 0.7524655370722941 0 473.0 -8.96480573526652 9.877255389430438 17.205364844051065 100.14995768640028
265 2120 0.8609355442798255 0 472.0 -8.961268671782925 9.869424510219753 17.22423553119819 100.14057087968449
266 2128 0.7370247895154073 0 472.0 -9.09075862359375 9.923336341395576 17.25387227765427 100.14330110643596
267 2136 0.663849918029566 0 472.0 -9.053517957977384 9.922455626763512 17.190677238107757 100.16186766094627
268 2144 0.5958147491814787 0 473.0 -9.074381911024798 9.896802954400647 17.322690988663155 100.12014085431042
269 2152 0.5918480823605331 0 473.0 -8.946381508728113 9.852304523001363 17.266105588204248 100.12861391511277
270 2160 0.5380720937615582 0 473.0 -9.065126401382784 9.894362561370865 17.315134634081655 100.12137634278476
271 2168 0.5426432184389794 0 476.0 -8.988006882558972 9.884030697435904 17.221142924254128 100.1467504637991
272 2176 0.5408033157586581 0 473.0 -9.042705812883984 9.914726659061573 17.202435124076196 100.15705844016011
273 2184 0.6534610305946665 0 473.0 -8.831493520172788 9.805596999739265 17.236905126832706 100.12824656966146
274 2192 0.747906762665586 0 473.0 -8.802784228533183 9.775735900042195 17.295126247623667 100.10603307475083
275 2200 0.7266217287935973 0 473.0 -8.830828914868123 9.816179529011627 17.197487479279285 100.1429431215548
276 2208 0.7274647971201876 0 473.0 -8.859371742217593 9.809994563715877 17.272253118983453 100.12122309719152
277 2216 0.7976475422533845 0 472.0 -8.798455221175159 9.79006299734469 17.2416485063016 100.1275159925522
278 2224 0.660135395439431 0 473.0 -8.776292145770029 9.779154581595604 17.242360685453882 100.12500374030289
279 2232 0.6601562949004092 0 472.0 -9.00463285412287 9.88843970247706 17.23687720910402 100.14415903873378
280 2240 0.6115375411843442 0 473.0 -8.882072937387678 9.818936699765034 17.279579370433563 100.1196843250286
281 2248 0.6752544625137928 0 472.0 -8.66682067934386 9.722587037399784 17.264988993611734 100.1090628647038
282 2256 0.6866591649869632 0 473.0 -8.689527355261545 9.723667182585684 17.295373485299493 100.09861733476745
283 2264 0.6297013285310099 0 472.0 -8.9772358711121 9.868498208090983 17.25974058191184 100.13263897051321
284 2272 0.5697258129332257 0 473.0 -8.816212518252504 9.79203599915225 17.26185599683226 100.11906265869797
285 2280 0.553758683466494 0 473.0 -8.917682118574543 9.835978140305366 17.27553157833236 100.12214718882048
286 2288 0.5799104243525904 0 473.0 -8.979168130463655 9.878598946434076 17.229211784341878 100.14441325771377
287 2296 0.5633877351756951 0 474.0 -8.954054406545579 9.864436408450796 17.234555814587754 100.13870206535222
288 2304 0.6820025686122358 0 473.0 -9.086501401468158 9.914865936279812 17.278919364515726 100.13431143425301
289 2312 0.7124003243967109 0 472.0 -9.151544705354132 9.949108410232158 17.26664980958851 100.14398007530349
290 2320 0.7729862750530889 0 473.0 -9.117580820517784 9.932087494873983 17.274396068852706 100.1408606336045
291 2328 0.7736440115385724 0 473.0 -8.861289857595471 9.815363419689215 17.25880794912665 100.12579728800644
292 2336 0.8399315518301828 0 472.0 -8.955312649269715 9.85979856974787 17.260432916705312 100.1333134560229
293 2344 1.1206905059800454 0 472.0 -8.49895728322467 9.638592065650565 17.28448718593548 100.09129003726812
294 2352 1.4678079401314061 0 472.0 -8.500369883308906 9.650292370032085 17.23671023883049 100.10537032766345
295 2360 1.3247989306524566 0 472.0 -8.989792479597929 9.878064308731764 17.24768638781548 100.13956254686194
296 2368 1.128458521410872 0 473.0 -8.529756867586746 9.66791159542247 17.225915867443383 100.11246447290956
297 2376 0.986132479761863 0 473.0 -8.474079294663245 9.63175612430581 17.263502784430734 100.09502503486453
298 2384 1.33038771476453 0 474.0 -8.838807632647054 9.81503554953632 17.212455840660027 100.13721016715662
299 2392 1.2957065610633935 0 472.0 -8.718690893825613 9.75180535352025 17.237675184792355 100.11976693840612
300 2400 1.2050667493234355 0 473.0 -8.877506621386457 9.82949144288217 17.227464432889672 100.13527112588696
301 2408 1.4205668685572783 0 472.0 -8.468976322824554 9.6007089223349 17.365437684552226 100.05806914031137
302 2416 1.2823557775747645 0 473.0 -8.719809146933185 9.73462882810667 17.30009315074026 100.09900880887744
303 2424 1.1805526647714402 0 472.0 -8.731384562070824 9.760423582643423 17.223499935697667 100.12426121788211
304 2432 1.428039664585942 0 472.0 -8.785790964204061 9.79356476226282 17.193942712887054 100.13752277117005
305 2440 1.2750166150854207 0 472.0 -8.785009160893884 9.78427757630388 17.23044718904053 100.12532189567328
306 2448 1.1679964104139886 0 472.0 -8.745924260286033 9.764262842470812 17.240923426685228 100.1215899250438
307 2456 1.0437805590055178 0 473.0 -8.793170231608862 9.782261795848902 17.2580017013454 100.11975226236245
308 2464 1.2496798752061435 0 472.0 -8.856705078422296 9.799663939602254 17.306152027030333 100.1083412909343
309 2472 1.568120727834156 0 473.0 -8.955130534790976 9.871124679875479 17.211702424473714 100.14641215702358
310 2480 1.8498219717359357 0 472.0 -9.252803352335231 10.028227066173278 17.136253614223282 100.19036504315858
311 2488 2.150965417830517 0 473.0 -8.804315246214149 9.82461371611232 17.111526088673358 100.16480934269603
312 2496 2.3433631874656404 0 472.0 -8.453805212661095 9.62625040740236 17.246663631954668 100.09715788718444
313 2504 2.186586252699234 0 473.0 -8.87105667263586 9.84787143957133 17.144685439330665 100.15927698790328
314 2512 2.2108488308773864 0 472.0 -9.165930445996281 10.011248811517506 17.061229761620933 100.21149462009888
315 2520 2.0079155771262145 0 473.0 -8.819115948522011 9.836446511126864 17.10620694454692 100.17158116733658
316 2528 1.9835502586602225 0 476.0 -8.862065111800366 9.891183919844922 16.97678094818442 100.2172601866206
317 2536 2.6516895003104715 0 473.0 -9.276686767497932 10.091808214569822 16.957461456013522 100.25620839492683
318 2544 2.557223188243738 0 473.0 -8.826350226097613 9.840479903800999 17.098808372523123 100.17330599922926
319 2552 2.3077739741883976 0 473.0 -8.76910853594472 9.856011790423679 16.943130564403887 100.22128853787815
320 2560 2.4372301896506765 0 472.0 -8.863419671829442 9.88146914386221 17.018028416668383 100.20651069924676
321 2568 2.553946285874098 0 473.0 -8.978773560772026 9.984845330798256 16.830698879977696 100.27475176762583
322 2576 2.259625026303115 0 472.0 -8.887682724486469 9.879153890282495 17.075745093355444 100.19004494034046
323 2584 2.1439546357930017 0 472.0 -8.739768103396317 9.848040073712873 16.930733242857276 100.22601544723537
324 2592 2.265381370568462 0 472.0 -8.51409951349701 9.754579692522986 16.884286288327814 100.2246844210849
325 2600 2.3302942572996024 0 472.0 -8.803880590497988 9.904283215531514 16.829632785109986 100.2625655836591
326 2608 2.068155534839509 0 472.0 -8.39709221768751 9.700856156692947 16.884037839776475 100.21679168287454
327 2616 1.8170199407264895 0 472.0 -8.86195512455795 9.91228854488816 16.898161762470146 100.24323180939575
328 2624 1.950406309170918 0 473.0 -8.552397846563727 9.765736749662533 16.90466013536172 100.21862051958557
329 2632 2.0972093928660285 0 473.0 -8.689736481429797 9.836984712274205 16.876358406774145 100.2362044174451
330 2640 2.100330639104887 0 472.0 -8.42406202097006 9.689627466865181 16.96501695693528 100.1883931719969
331 2648 2.4828133963954135 0 473.0 -8.499337976416603 9.70964535655362 17.024200230017946 100.17697988920249
332 2656 2.911176894189868 0 473.0 -8.057819487234053 9.466429283557627 17.153032054346703 100.09999593762515
333 2664 3.0172579845547385 0 473.0 -7.725543780452533 9.308899639749596 17.166060062851308 100.0722069975465
334 2672 3.4771781342004213 0 473.0 -7.792833567147072 9.345864738281925 17.137090063458015 100.0856339819504
335 2680 3.4397425973976317 0 473.0 -8.364464139001532 9.633514868144182 17.065972292988448 100.15146613046073
336 2688 2.8841524225235164 0 473.0 -8.071218371267607 9.488064283902354 17.0982822030246 100.12063750666857
337 2696 3.180767958432753 0 473.0 -7.651779307952722 9.280474832851677 17.126086115460723 100.07670946663734
338 2704 3.468650156323546 0 473.0 -7.540889923446253 9.196628746585146 17.247487596949817 100.02978063256884
339 2712 4.299245679950139 0 473.0 -8.71882985735354 9.834850130059229 16.919534063821686 100.22137399994676
340 2720 4.483417799174443 0 473.0 -8.733800537739754 9.859955906098783 16.856963812016943 100.24436196246184
341 2728 4.323276697306657 0 473.0 -8.744760666068077 9.873527373571038 16.827090530320895 100.25349563608796
342 2736 4.083740331599391 0 473.0 -8.067589948509246 9.515080902157527 16.990102298994916 100.15254517094132
343 2744 3.7317670588675167 0 473.0 -7.98068045494387 9.440022547960117 17.111022866228694 100.10554333854722
344 2752 3.4309949881689312 0 477.0 -8.672931931374354 9.833475790129752 16.85851418392716 100.24047815628963
345 2760 2.7394669669912677 0 473.0 -8.371414227723811 9.658794387275195 16.98279231262501 100.1779355798505
346 2768 3.2316903987901933 0 473.0 -9.346620072304873 10.193688267457746 16.678313190118214 100.34533921489118
347 2776 2.7086449769145653 0 474.0 -8.28246497295517 9.596566695974463 17.054746206448925 100.14640581823161
348 2784 2.5074648764238616 0 473.0 -8.455212142065248 9.69655703491626 16.989980881924378 100.18225434450844
349 2792 2.524672692576382 0 472.0 -8.781232095648502 9.878428833813091 16.88448380324437 100.24050495583269
350 2800 2.6675099326840384 0 473.0 -9.132425625405043 10.061259777217707 16.81071950035734 100.289585413883
351 2808 2.231751053958523 0 474.0 -8.872441308448677 9.937042073488367 16.819755412772775 100.26658908540861
352 2816 2.0686484522704003 0 473.0 -9.189430301121453 10.101704642837408 16.76055680540375 100.31036907475587
353 2824 1.9867066211141406 0 473.0 -8.79835469842109 9.894199253359979 16.848561767723016 100.25245292209945
354 2832 2.107069286646607 0 473.0 -8.841900828974326 9.9220170098309 16.824252427747986 100.26461885549777
355 2840 1.8869498472198938 0 473.0 -8.92673801121747 9.97335041484625 16.78012762263648 100.28441317838121
356 2848 2.3173211560480853 0 473.0 -8.974253074955522 9.995465495229102 16.77591029066947 100.28791183870447
357 2856 2.3237305068693748 0 473.0 -8.944127225119505 9.983498978218089 16.768296865443297 100.28828508072246
358 2864 2.0322702725960626 0 472.0 -8.65478779526252 9.826445197341895 16.849822841712996 100.24104010439181
359 2872 2.033135408675416 0 472.0 -8.562399000115922 9.779993240807316 16.856754220813947 100.23036661105218
360 2880 1.7308139032215262 0 473.0 -8.368445479433886 9.667844812088894 16.939589894092748 100.19072705375756
361 2888 1.6073228937419084 0 473.0 -8.756772516326224 9.87338751101023 16.85018630531302 100.24815228344268
362 2896 1.340911362528147 0 473.0 -8.612281390980133 9.792206250755056 16.898160376699206 100.22111791675047
363 2904 1.316459043711268 0 473.0 -8.684015271926151 9.834634835956852 16.86744096442886 100.23729210606149
364 2912 1.3709900976397942 0 472.0 -8.835290607153606 9.927249628980084 16.789188104955745 100.27384317825782
365 2920 1.2590767668587113 0 473.0 -8.619645828111398 9.80050972064896 16.882224375351676 100.22764017422895
366 2928 1.1463223520751675 0 472.0 -8.648051024460448 9.812502728606695 16.8862867774338 100.22821170051414
367 2936 1.13018193196117 0 473.0 -8.506580399819464 9.735081742851138 16.926276932853593 100.2046512881007
368 2944 1.034801684382686 0 473.0 -8.621518060910265 9.800031076436193 16.886073132916636 100.22623390602695
369 2952 1.2758510948854584 0 472.0 -8.6275339070973 9.803702878334201 16.881067399138 100.2279816071284
370 2960 1.6526842467015455 0 476.0 -8.436594579245366 9.702206984488665 16.92738890202154 100.199363684686
371 2968 1.5566247394812207 0 473.0 -8.598362601721172 9.787988315344663 16.891573835336274 100.22298134508168
372 2976 1.4936775757526737 0 472.0 -8.612333896228971 9.794699424064595 16.89165502375938 100.22441713281044
373 2984 1.7429959804680617 0 473.0 -8.53389324840843 9.756237206427475 16.900617064999214 100.2163852107811
374 2992 1.722150901157552 0 472.0 -8.73825272589394 9.867875090428987 16.840578108654768 100.25056267473268
375 3000 1.6164772756092045 0 473.0 -8.568032371974937 9.772163900588959 16.8990224033462 100.2187192134357
376 3008 1.5149225077904704 0 474.0 -8.619789078156947 9.805265678027872 16.867799462422965 100.23313582674456
377 3016 1.376143060510029 0 473.0 -8.660579034049436 9.826423187552649 16.862001256562728 100.23827521450201
378 3024 1.2457754546389825 0 473.0 -8.70985112078636 9.857921728354812 16.830971267469394 100.25201593552035
379 3032 1.3708921606622584 0 472.0 -8.490753204377558 9.735413449563051 16.900421034551417 100.21253148759477
380 3040 1.231142513324852 0 473.0 -8.607296073157364 9.79931712614524 16.868156197903186 100.2318818660898
381 3048 1.4612400859756045 0 473.0 -8.440699402999659 9.703978352472507 16.929695243970606 100.19894967516933
382 3056 1.1706561643544333 0 473.0 -8.600419734044848 9.794495516904773 16.872667278216177 100.22973743532876
383 3064 1.0989200671629897 0 472.0 -8.54657654738559 9.760752172820252 16.904433348232235 100.21533535682912
384 3072 1.3105853601424955 0 473.0 -8.384676881033688 9.676271518839956 16.935587492760966 100.19298175230122
385 3080 1.6896182338014973 0 473.0 -8.53684759842513 9.766539227782488 16.866760640991245 100.22673872128132
386 3088 1.630715439436648 0 473.0 -8.610650072436922 9.805753188305687 16.84956448303333 100.23786238700221
387 3096 1.7664311182897185 0 473.0 -8.323849523134948 9.648180207250572 16.93369480725472 100.18889076478665
388 3104 1.9898784313655868 0 473.0 -8.154401044333714 9.548543324388401 17.008262142929862 100.15224021213785
389 3112 1.8395198923281733 0 473.0 -8.369094298045495 9.669356923181086 16.93592434740909 100.19221977754287
390 3120 1.844350146552353 0 473.0 -8.45674020366022 9.712957741175844 16.927102036292215 100.20162995656906
391 3128 1.601679761471693 0 472.0 -8.367013140050203 9.668186162155704 16.935747541152203 100.19202302447985
392 3136 1.7769204125640292 0 472.0 -8.217633363595498 9.585653861205762 16.98165636210732 100.16577421168958
393 3144 1.5098500013265521 0 473.0 -8.374735292663946 9.670877054285084 16.938231518374014 100.19140885328171
394 3152 1.2508207596482592 0 473.0 -8.404357285766585 9.689661967844158 16.920303515648587 100.1995448259637
395 3160 1.1380602974374154 0 472.0 -8.41000673370245 9.690329845871043 16.929107982992043 100.1973204318961
396 3168 1.0581837717263807 0 472.0 -8.37644637463442 9.67177375209971 16.93945250725988 100.19136142102393
397 3176 1.2791825940004533 0 473.0 -8.307891742190858 9.638848918512323 16.940546385498372 100.18540822984906
398 3184 1.380067394666039 0 476.0 -8.29941715900246 9.63517163210706 16.939539257983142 100.1851281390907
399 3192 1.3181804266398274 0 473.0 -8.260466033572909 9.613548561363535 16.95189078951008 100.1782786822645
400 3200 1.1500527173963164 0 472.0 -8.215248354164077 9.586902595384574 16.973027829165048 100.16829001958973
401 3208 1.0796664785106154 0 473.0 -8.29678181539538 9.62921575821759 16.957959954674603 100.17926642812094
402 3216 1.1366675357636136 0 473.0 -8.453439467529721 9.717769582848186 16.903036944376986 100.20894779748366
403 3224 0.9925793418605555 0 473.0 -8.448880652453049 9.713391665920469 16.910850749387205 100.20600419829141
404 3232 1.1520530081665987 0 472.0 -8.367355881705507 9.672574953455925 16.91959559299301 100.19675757080562
405 3240 1.4156783395663566 0 473.0 -8.431921668611338 9.710530860420993 16.891745955989382 100.21073005280186
406 3248 1.2747731255876844 0 473.0 -8.407855312429824 9.693374962900426 16.914362663648703 100.2018821697439
407 3256 1.2233591587607038 0 472.0 -8.453833451312311 9.72240225660738 16.886752561734777 100.21416864187614
408 3264 1.1487791265941623 0 473.0 -8.408904228946158 9.69397492763156 16.91353641715294 100.20210682266995
409 3272 1.2769312960815977 0 473.0 -8.420526998601456 9.706489718602873 16.885988437651363 100.21142416452533
410 3280 1.355844570787184 0 472.0 -8.416027482282525 9.701179620764671 16.89760093980408 100.20740843069433
411 3288 1.551410554102583 0 473.0 -8.383858863597805 9.681903235496845 16.912426023253165 100.19998174783153
412 3296 1.7951910410544958 0 473.0 -8.38488398798079 9.683906867870252 16.90693679643337 100.20191600404917
413 3304 1.9411748036907959 0 473.0 -8.325079553524477 9.651916828990142 16.919946918188867 100.19286549616578
414 3312 1.779834355753379 0 473.0 -8.430826132308347 9.706142386044146 16.905541211327865 100.20613333550305
415 3320 1.6871793407299802 0 473.0 -8.491737599596018 9.743762447669228 16.871456782399758 100.22143035441061
416 3328 1.7790518241014568 0 472.0 -8.53096778229449 9.76561865214776 16.85962912539861 100.22841950112883
417 3336 1.7719926214729973 0 472.0 -8.507097772113323 9.75445536853033 16.858400945521453 100.22671649713253
418 3344 1.6646794499381752 0 473.0 -8.541838594514449 9.772606161491106 16.853243153697253 100.23134714857773
419 3352 1.6269058409939223 0 472.0 -8.600012004298078 9.801699014898572 16.84498178465005 100.238042419271
420 3360 1.5007903038189718 0 472.0 -8.568394478898202 9.78971544952389 16.83556823166899 100.23888669273495
421 3368 1.4819242256813083 0 472.0 -8.528126668121061 9.761406072812587 16.87102479268295 100.22464010615766
422 3376 1.50511165495806 0 473.0 -8.54328828453645 9.769314164147225 16.86803071673772 100.22672415399892
423 3384 1.2693197301357617 0 472.0 -8.593104455744584 9.798983914104626 16.845378723402586 100.2379147727038
424 3392 1.277911281761462 0 473.0 -8.518461273504593 9.761102604857156 16.855503187514053 100.22890583487734
425 3400 1.2215508174592014 0 474.0 -8.520714387783437 9.761143092067828 16.858753909671197 100.22793537292186
426 3408 1.2884950621043652 0 472.0 -8.539531764682048 9.76759510628175 16.8671548582853 100.2266360556255
427 3416 1.2253797698371924 0 472.0 -8.571135217110287 9.785918118472072 16.854883938198704 100.23309823290667
428 3424 1.0227509747018528 0 473.0 -8.571731707879348 9.784429941970446 16.86130914858257 100.23106564293792
429 3432 0.9246033375115225 0 472.0 -8.538033540470234 9.766117265850932 16.87072541516041 100.22551950445632
430 3440 0.9422226180313621 0 472.0 -8.529195228729954 9.761182145775345 16.873821271474892 100.22386166709965
431 3448 1.0338251528449371 0 473.0 -8.569101303013658 9.78586434093616 16.852185275703313 100.23388710663102
432 3456 0.974788342335346 0 472.0 -8.528483388022291 9.764752393178538 16.85945338132971 100.22840070676567
433 3464 0.9945391098154515 0 476.0 -8.529980848251679 9.762978566697027 16.868504711906432 100.22556855178823
434 3472 1.1207692766133521 0 473.0 -8.547116391559666 9.774444599762264 16.856562491906224 100.23077608762982
435 3480 1.1529427751948755 0 473.0 -8.557753995521303 9.782834584266544 16.843928207391777 100.23561400156784
436 3488 0.9965138476261828 0 476.0 -8.545619651980253 9.774317273994136 16.85423823479619 100.23139643295362
437 3496 0.9277699023142288 0 473.0 -8.600478767719464 9.805101069076224 16.83552263384856 100.241616544072
438 3504 1.0835969875085596 0 473.0 -8.600958946872817 9.802883224531959 16.844448115498505 100.23882550815114
439 3512 1.1429995148882035 0 472.0 -8.595039255300097 9.80253563421989 16.83535076234361 100.24123878171555
440 3520 1.092941876529313 0 473.0 -8.548325298580009 9.77508137429382 16.855845687104427 100.23110575782366
441 3528 1.3487054305390942 0 473.0 -8.588207239715095 9.793684598061287 16.856366906175847 100.23402583921965
442 3536 1.392006245433788 0 472.0 -8.66545367195186 9.841974601337041 16.812411196471697 100.25416276389207
443 3544 1.3187800627144826 0 476.0 -8.57672515036854 9.790361940104 16.848957246549972 100.23550158129598
444 3552 1.4502010198100481 0 472.0 -8.652915866821244 9.836693756676071 16.81065806739125 100.2537903728104
445 3560 1.480540281546689 0 473.0 -8.669807464599089 9.84675233911459 16.802688995979477 100.25752240695658
446 3568 1.605171719416069 0 472.0 -8.644370622280045 9.836390940783573 16.79701634909976 100.25743000351973
447 3576 1.4761648247365307 0 473.0 -8.64687764999786 9.833517455027499 16.81205442880075 100.2527953155197
448 3584 1.3767562145776873 0 473.0 -8.628060258234507 9.82011805065855 16.828451379140294 100.2460946593539
449 3592 1.3259087562386929 0 473.0 -8.591901937779191 9.79542174821433 16.856668967127327 100.23419807613718
450 3600 1.3983262359638207 0 473.0 -8.579472889566864 9.789210415335814 16.858178567946805 100.23277941521008
451 3608 1.6677462501460192 0 473.0 -8.575589051331301 9.781373135872862 16.880296934658407 100.22539991445092
452 3616 1.8849138481772885 0 473.0 -8.560013322736886 9.774711305649713 16.878122511335558 100.22493878198729
453 3624 1.9204312148307912 0 473.0 -8.598436857731809 9.803405228280566 16.839293519244663 100.24033076447364
454 3632 1.8263485020445516 0 474.0 -8.573889149783973 9.79027889802096 16.844469933287765 100.23661175364221
455 3640 1.848338716903361 0 472.0 -8.574355421091733 9.786939677372311 16.857430624741156 100.23257718389348
456 3648 1.7142327944725582 0 472.0 -8.562065927337102 9.78011566599086 16.86066924715317 100.23045154765322
457 3656 1.5381827919819064 0 473.0 -8.567267654227011 9.781029214905692 16.86651581192921 100.22906047704898
458 3664 1.3908927645326323 0 473.0 -8.593467367626557 9.798907226883678 16.846522412302722 100.23754614894798
459 3672 1.3797823555564368 0 472.0 -8.632196397359914 9.822725932771057 16.82607880386692 100.24719859518153
460 3680 1.4742320081452418 0 473.0 -8.638756400277808 9.825295733202964 16.828358555957227 100.24702865399472
461 3688 1.6281872312212822 0 472.0 -8.597560018612723 9.797488300931493 16.859290727830047 100.23385316814297
462 3696 1.519979555869403 0 473.0 -8.592257371230437 9.79822893182211 16.847167150116263 100.23728157686578
463 3704 1.3548498713663677 0 472.0 -8.630563596090937 9.818469760356932 16.839096695850696 100.24293132550577
464 3712 1.2597343815532032 0 473.0 -8.593714904532542 9.79858260995092 16.8483099284499 100.23701206381945
465 3720 1.142449624571133 0 473.0 -8.575911069893529 9.788083434353217 16.856124312343987 100.23312901470781
466 3728 0.9589051487093455 0 472.0 -8.589340603164567 9.795836342892642 16.850840530638617 100.2358835063813
467 3736 0.870415751572834 0 473.0 -8.599341352587018 9.803104589339451 16.841583714247353 100.23963688902315
468 3744 0.8421909577096519 0 473.0 -8.599699190362262 9.803271609265561 16.841643443652128 100.23965303899776
469 3752 0.7178114205197045 0 472.0 -8.611214827535905 9.80876408677956 16.841481589835876 100.24064657711858
470 3760 0.68963894064098 0 473.0 -8.621778292308171 9.81750966642235 16.827263096582172 100.2459635425742
471 3768 0.6096332151383552 0 472.0 -8.607335282424566 9.807256879270302 16.8402552657075 100.24070654601444
472 3776 0.620498558498499 0 473.0 -8.609472693057814 9.807753428453289 16.842221693041996 100.24026858043776
473 3784 0.6408299590306441 0 473.0 -8.604252319501438 9.803381201773458 16.849154081364638 100.23764381172928
474 3792 0.6256172017424312 0 473.0 -8.601734746346642 9.802410938557898 16.8484270541199 100.23766487547536
475 3800 0.5554407998929947 0 473.0 -8.594191539630307 9.797383352160855 16.853721417615457 100.23537704386261
476 3808 0.6801216262580865 0 472.0 -8.57997090599836 9.787959031016433 16.863727100140192 100.23104439873886
477 3816 0.7435820134363721 0 473.0 -8.590625336012955 9.795344183587487 16.85481703047449 100.23470867752084
478 3824 0.8386757312651335 0 473.0 -8.588225165643511 9.795997216229932 16.848049321997262 100.23664285659787
479 3832 0.8580400389788188 0 473.0 -8.5777984567296 9.787071765393005 16.863284907166612 100.23100817927188
480 3840 0.8733399748942768 0 473.0 -8.585007970839285 9.793040511233686 16.853593176710486 100.2346461793453
481 3848 0.8756369562934053 0 472.0 -8.563914462734312 9.777597059028494 16.87415655297125 100.22644354679217
482 3856 0.7309947877405942 0 476.0 -8.576389086549485 9.786826199971207 16.86157212451644 100.23141945202664
483 3864 0.6633682493543716 0 473.0 -8.590024402541752 9.795267267255714 16.854384390847756 100.23482914844413
484 3872 0.6904534448311724 0 472.0 -8.6060049637122 9.805962558284238 16.84262063054145 100.2398390274074
485 3880 0.599116785643773 0 472.0 -8.583887525323878 9.79266316330664 16.853100711755832 100.23471359201493
486 3888 0.6167689472768033 0 473.0 -8.592584374465318 9.797307185530755 16.851283233726715 100.23600804117225
487 3896 0.5174821072970204 0 473.0 -8.58914424784011 9.79564745989233 16.851223038008754 100.23573437045843
488 3904 0.5284990943384088 0 473.0 -8.602436312331411 9.804308326359365 16.842482039598927 100.23959037877847
489 3912 0.5920398558933391 0 473.0 -8.601247172635091 9.804139300312782 16.84108899146972 100.23994066764988
490 3920 0.66712601315905 0 473.0 -8.601246493398326 9.804236139315949 16.840729859306027 100.24005240937201
491 3928 0.6534725845792112 0 473.0 -8.594462280897762 9.799683139723085 16.845702641971588 100.23792692142717
492 3936 0.6247294847774233 0 473.0 -8.598803186919397 9.803183125542821 16.840383399385324 100.23996696711235
493 3944 0.7262255925195187 0 476.0 -8.601839769040874 9.80548190786555 16.83717625470246 100.2412295213616
494 3952 0.8211719643631333 0 473.0 -8.59467467528993 9.801089425809579 16.840914498043222 100.2394671724891
495 3960 0.8541783460328018 0 473.0 -8.581024480567597 9.792589083702877 16.848467834674178 100.23595555966136
496 3968 0.9154891474098209 0 473.0 -8.59987680297418 9.804384414882044 16.837925170973993 100.24085023670179
497 3976 0.9891723303750747 0 473.0 -8.576575025750675 9.789582327471129 16.85201220103496 100.2344892597113
498 3984 0.9943138020098989 0 476.0 -8.582378356484645 9.793354914349106 16.848167725309366 100.23616483578978
499 3992 0.8687107210365834 0 473.0 -8.57567531178228 9.789374128210545 16.851146963123252 100.23467605577984
500 4000 0.8223686033431169 0 472.0 -8.594466390636232 9.800118109156232 16.844251249388126 100.2383974334436
501 4008 0.76149450692887 0 472.0 -8.581817025327146 9.7920884144146 16.851883617992357 100.23495294277954
502 4016 0.7879213541142218 0 473.0 -8.593841206388081 9.801584467681456 16.83776640814169 100.24040545472431
503 4024 1.1634017283394456 0 473.0 -8.573706719802797 9.789067677546482 16.848828831472584 100.23526096921256
504 4032 1.2721890636263806 0 473.0 -8.559727725738044 9.779704542691602 16.859062618921808 100.23087012691337
505 4040 1.2649808561244253 0 473.0 -8.548249327954775 9.771627587385412 16.868873922562145 100.22682809034009
