% # columns="iteration, evaluation, sigma, max axis length,  min axis length, all principal axes lengths  (sorted square roots of eigenvalues of C)", seed=716838, Mon Apr 11 03:56:09 2022
1 8 0.8812008707071748 1.0000375007031337 1.0 1.0 1.0000125000781253 1.0000250003125026 1.0000375007031337
2 16 0.7093510768959869 1.0879347783479638 0.8455981651964487 0.8455981651964487 0.9602134417851367 1.0076925763299622 1.0879347783479638
3 24 0.8161240755211181 1.1166628518486394 0.7625800941914318 0.7625800941914318 0.8908861402768159 1.0102900539302482 1.1166628518486394
4 32 0.7318827758412519 1.430589075353629 0.736570564198802 0.736570564198802 0.7825582961793984 1.0424124453839514 1.430589075353629
5 40 0.6183572043445376 1.443629247571412 0.6859410965161937 0.6859410965161937 0.7036880423223532 0.9926492891782852 1.443629247571412
6 48 0.5762101842909284 1.3520260308051157 0.6041699956416767 0.6041699956416767 0.672721362673599 1.0080260143281206 1.3520260308051157
7 56 0.49169468899235147 1.355448737472784 0.5290456624196755 0.5290456624196755 0.6839167073644222 1.0463115228958628 1.355448737472784
8 64 0.42635002250024073 1.3009588790155695 0.4519895660639037 0.4519895660639037 0.6748879738658095 1.0575897831813323 1.3009588790155695
9 72 0.33677163418041195 1.1645399890855554 0.4182669194343299 0.4182669194343299 0.6734670627840568 1.0470880331843726 1.1645399890855554
10 80 0.27928156628510115 1.056562603744314 0.40051226958625485 0.40051226958625485 0.6392303764151165 0.9934574648631989 1.056562603744314
11 88 0.28564172268828303 1.0149141302488427 0.38444277550819894 0.38444277550819894 0.5963182535365286 0.9638125950178318 1.0149141302488427
12 96 0.3486813491721588 1.038078873129101 0.40960092371351536 0.40960092371351536 0.6043354498778861 0.8907419225362576 1.038078873129101
13 104 0.38449890780586066 1.1836534423896734 0.3995149733984296 0.3995149733984296 0.5218505047349998 1.0165393523922681 1.1836534423896734
14 112 0.370760786375049 1.2903719597770278 0.3922825627892222 0.3922825627892222 0.4719094013612263 0.9902626755543877 1.2903719597770278
15 120 0.3699304427122369 1.2201998950457331 0.3900531544244322 0.3900531544244322 0.4895179711477382 0.9435032112370647 1.2201998950457331
16 128 0.406247158610592 1.2317205115930614 0.3933342670616139 0.3933342670616139 0.4536915525325344 0.9561675304929164 1.2317205115930614
17 136 0.36950705311907056 1.123190696384143 0.3812634086975998 0.3812634086975998 0.4656348470552256 1.0303774934522636 1.123190696384143
18 144 0.3697242196345246 1.161989615520003 0.3659324736936833 0.3659324736936833 0.4685297653040652 1.02996847697623 1.161989615520003
19 152 0.4676514104673804 1.0823742896445598 0.3725491759339512 0.3725491759339512 0.4825027972506736 0.971877824863638 1.0823742896445598
20 160 0.6262754833037808 1.2300595103279142 0.3444767778520335 0.3444767778520335 0.5235644188206333 0.9858022410000276 1.2300595103279142
21 168 0.7684275977104871 1.151044980609407 0.3415791657113785 0.3415791657113785 0.5167293984836626 1.0892439769382856 1.151044980609407
22 176 1.0365433159277482 1.34230509294157 0.30917260456144585 0.30917260456144585 0.48056633826378775 1.0544363190857442 1.34230509294157
23 184 1.1186881792567798 1.3946593952080866 0.29597441046401995 0.29597441046401995 0.4977803218444592 1.1269933160328531 1.3946593952080866
24 192 1.0805285921658552 1.4572280632152723 0.28712137921283654 0.28712137921283654 0.44397640545912254 1.1285133924633708 1.4572280632152723
25 200 0.900315446142809 1.5029467262200542 0.24560262386666865 0.24560262386666865 0.4563952081919545 1.2293680678899188 1.5029467262200542
26 208 0.8368927580519968 1.3683114911368786 0.23389653958088233 0.23389653958088233 0.43857555505605644 1.2497075223446503 1.3683114911368786
27 216 0.815578372532902 1.3457039757831366 0.22908924224971364 0.22908924224971364 0.40660687485842706 1.1956317194682873 1.3457039757831366
28 224 0.8167458556878349 1.3894349755774982 0.21347533584145312 0.21347533584145312 0.3795812650960414 1.1876299270860349 1.3894349755774982
29 232 0.8336199397698171 1.5036507334067335 0.196522834146011 0.196522834146011 0.3811736918313577 1.1014362601494834 1.5036507334067335
30 240 0.7401262371707591 1.5695194401850274 0.17339269555587059 0.17339269555587059 0.3826084857825823 1.1093973241014075 1.5695194401850274
31 248 0.7368675604871764 1.533712087645693 0.17251969783399715 0.17251969783399715 0.3773975798307998 1.0002225180092155 1.533712087645693
32 256 0.7584954610632224 1.593769800688535 0.16237901777962432 0.16237901777962432 0.3766424766520766 0.9463697823899259 1.593769800688535
33 264 0.7090468666084412 1.6213817592448176 0.15954540428968933 0.15954540428968933 0.38645677588612903 0.9406643745298149 1.6213817592448176
34 272 0.7554231887303052 1.5274455418712234 0.1448457313712038 0.1448457313712038 0.39732259208002246 0.936844089582639 1.5274455418712234
35 280 0.7115568468467359 1.540483161183948 0.15034057153972075 0.15034057153972075 0.39126303990549605 0.8642774439161731 1.540483161183948
36 288 0.6218066886182084 1.3277305611730468 0.15075566033558366 0.15075566033558366 0.4147692713575852 0.8351866293479772 1.3277305611730468
37 296 0.5226902274794204 1.2386250359975663 0.1546379635172818 0.1546379635172818 0.3641982122798377 0.8954579827450719 1.2386250359975663
38 304 0.5285071399626459 1.163148479987201 0.14460873983290257 0.14460873983290257 0.34895126068277027 0.8610851872472911 1.163148479987201
39 312 0.5250987936368378 1.1631212100354373 0.14749237747766702 0.14749237747766702 0.36434171565877604 0.7940491770204068 1.1631212100354373
40 320 0.49091302977038415 1.1873980575385703 0.1422906084780529 0.1422906084780529 0.3421007908574769 0.7729905985802213 1.1873980575385703
41 328 0.4597793364374741 1.2763986820700346 0.13603181888454113 0.13603181888454113 0.3084203706054091 0.7254491175459016 1.2763986820700346
42 336 0.47826243701957827 1.2272416242314694 0.1364248122088719 0.1364248122088719 0.29544017049959864 0.7335232322682514 1.2272416242314694
43 344 0.4121665782486087 1.2177125261722168 0.13719971210510187 0.13719971210510187 0.30961419737593326 0.7406023074510399 1.2177125261722168
44 352 0.44508112290082896 1.1906152718864764 0.1361177115948067 0.1361177115948067 0.2697044529409961 0.7537623495943159 1.1906152718864764
45 360 0.42841320586442955 1.2210733390260682 0.11970926856686888 0.11970926856686888 0.25890236451309034 0.8135945916214791 1.2210733390260682
46 368 0.3865466423341206 1.1666639613455143 0.11660267661867546 0.11660267661867546 0.23121554612500916 0.838442117504012 1.1666639613455143
47 376 0.4006648940738815 1.2126271410798957 0.10746709444517918 0.10746709444517918 0.22073955779078638 0.8326511023707639 1.2126271410798957
48 384 0.35527116206014886 1.3973834255539166 0.10367718828659071 0.10367718828659071 0.2194238720943521 0.7712952129303465 1.3973834255539166
49 392 0.3167032508988924 1.31366377521266 0.10366555542418768 0.10366555542418768 0.1901000208323994 0.7960738367924088 1.31366377521266
50 400 0.2819705770075839 1.234703091071771 0.10113562346562108 0.10113562346562108 0.172241493823536 0.7984401232318423 1.234703091071771
51 408 0.24384704439650373 1.2061230956513467 0.10098017393466488 0.10098017393466488 0.1495803635085303 0.7563042406932874 1.2061230956513467
52 416 0.2671892884506261 1.1894441915230334 0.09451251836406704 0.09451251836406704 0.13591271816657743 0.7605002790909466 1.1894441915230334
53 424 0.2664611010581176 1.2959106639926268 0.08778670993115406 0.08778670993115406 0.13089390778782878 0.7447188274344523 1.2959106639926268
54 432 0.2172473344305063 1.3185353522885621 0.08471354486273193 0.08471354486273193 0.11911898668220469 0.8382352594648963 1.3185353522885621
55 440 0.177821450955926 1.270512404426566 0.07565152862185917 0.07565152862185917 0.11595949231905633 0.8313705677669291 1.270512404426566
56 448 0.1600882733199275 1.1715162387877283 0.07408271411539855 0.07408271411539855 0.10612604602283619 0.8392579539686745 1.1715162387877283
57 456 0.1487934242259522 1.0588810288087307 0.07549404723624702 0.07549404723624702 0.10110588979494711 0.8335983280263417 1.0588810288087307
58 464 0.13523407401905968 0.9182617568430318 0.07063938811074771 0.07063938811074771 0.10826810134044466 0.8147037599610736 0.9182617568430318
59 472 0.1642237179453312 0.8886372010116282 0.07191377268903294 0.07191377268903294 0.10385019627301187 0.7920239663259785 0.8886372010116282
60 480 0.15252565686789926 0.951020242360229 0.07889327378333816 0.07889327378333816 0.10070847552867583 0.8145892077895905 0.951020242360229
61 488 0.14402356431561122 0.9503972051715369 0.07993912363933668 0.07993912363933668 0.09242853259275358 0.7897750206192672 0.9503972051715369
62 496 0.12618413467230172 0.9229762646061045 0.07862780124664483 0.07862780124664483 0.09092552411999764 0.7357409319682181 0.9229762646061045
63 504 0.15262261789091036 0.9147854469824087 0.07759213704839328 0.07759213704839328 0.08484087769240745 0.7017539949232565 0.9147854469824087
64 512 0.19956841602664063 0.9278344729481247 0.07705946703158943 0.07705946703158943 0.08130054107697181 0.8449209646247097 0.9278344729481247
65 520 0.2243645262489652 1.0053938066547985 0.0688812547489511 0.0688812547489511 0.08239496680358477 0.873081343520507 1.0053938066547985
66 528 0.2680266468487595 1.0654356512620364 0.06894748540930672 0.06894748540930672 0.07713625962679842 0.7522160545483908 1.0654356512620364
67 536 0.2637414343035578 1.1672849518389021 0.06542276159899041 0.06542276159899041 0.07352052199962981 0.766017521511319 1.1672849518389021
68 544 0.2389374855736967 1.058812325401009 0.0643630893992175 0.0643630893992175 0.07581174891666126 0.7992986210698657 1.058812325401009
69 552 0.25887697931345305 1.0072972574088832 0.06409517115527906 0.06409517115527906 0.0746730073785784 0.7320022606348374 1.0072972574088832
70 560 0.26810426668791343 1.0526589449958919 0.06852442329418115 0.06852442329418115 0.0732552699380297 0.6811337506766016 1.0526589449958919
71 568 0.26040271366562456 0.992260815261043 0.06621609653614961 0.06621609653614961 0.07355953433313084 0.6697436389717886 0.992260815261043
72 576 0.2806430958057705 0.9319130111079674 0.058759308942115 0.058759308942115 0.07916858458729875 0.6445638265742807 0.9319130111079674
73 584 0.2998600456945657 0.7926759802239263 0.06706939954079459 0.06706939954079459 0.07953940431548753 0.6664819105905672 0.7926759802239263
74 592 0.33845512673119127 0.7970631026507533 0.06973135856474448 0.06973135856474448 0.08780920646421715 0.6207526761054047 0.7970631026507533
75 600 0.35522339246129936 0.7560908360949926 0.07288995783478763 0.07288995783478763 0.0897657966057848 0.6068956167030989 0.7560908360949926
76 608 0.3986904197981011 0.7628299176813512 0.06794338381282125 0.06794338381282125 0.07417798031247697 0.6788601739724097 0.7628299176813512
77 616 0.411963942698194 0.7953004685398793 0.06991210416421373 0.06991210416421373 0.08042850797219539 0.6605342457354828 0.7953004685398793
78 624 0.41117677799795826 0.7875435331699149 0.06864360759317573 0.06864360759317573 0.07655291233244076 0.6908533775961836 0.7875435331699149
79 632 0.42426562268559165 0.7273409291585997 0.06795357430783644 0.06795357430783644 0.08022247369046492 0.6317716133920995 0.7273409291585997
80 640 0.42677930795580515 0.6986694351780431 0.07008549967273014 0.07008549967273014 0.08117964548386132 0.6010844359336436 0.6986694351780431
81 648 0.4108640983634041 0.7186721037188767 0.0645149826673836 0.0645149826673836 0.08109526053801885 0.5710122785161181 0.7186721037188767
82 656 0.35172879812128577 0.748990723341764 0.0530818650368036 0.0530818650368036 0.08252730057686276 0.6136323520298383 0.748990723341764
83 664 0.3897213600548917 0.7363314868110185 0.05116026534654667 0.05116026534654667 0.07553395835678321 0.5793204088279361 0.7363314868110185
84 672 0.3608716222135957 0.7101489893586039 0.047855520271455836 0.047855520271455836 0.08385303718004246 0.5746174236142834 0.7101489893586039
85 680 0.3844319423805282 0.6898736303946023 0.044779716055436826 0.044779716055436826 0.08256361737378254 0.5824464412754075 0.6898736303946023
86 688 0.35950464380361213 0.759486459816305 0.04035354187773866 0.04035354187773866 0.08269334503603554 0.5479527416035251 0.759486459816305
87 696 0.3367273525850139 0.7379906668304638 0.03970384463476554 0.03970384463476554 0.08076750709033075 0.4874881618040791 0.7379906668304638
88 704 0.29859484002822795 0.6825199906752388 0.03941988519687821 0.03941988519687821 0.07859020690431878 0.47566428723775206 0.6825199906752388
89 712 0.28014781171060243 0.6540590029658641 0.03723365145678319 0.03723365145678319 0.07945082664476842 0.45691945924176136 0.6540590029658641
90 720 0.27043784964231077 0.658491694743331 0.04070822013288594 0.04070822013288594 0.07053053572257528 0.42461867063277475 0.658491694743331
91 728 0.2845093338263094 0.6885419137410165 0.03639176180070478 0.03639176180070478 0.0692304368624291 0.42260345389171633 0.6885419137410165
92 736 0.3136756863470132 0.6238855135388444 0.03572102515815357 0.03572102515815357 0.06558373572302148 0.46912897574380025 0.6238855135388444
93 744 0.3383518849677999 0.6295976470439243 0.033860296227851944 0.033860296227851944 0.06725855485951884 0.46374912936487933 0.6295976470439243
94 752 0.259114153577262 0.5967718938339911 0.03443450284897676 0.03443450284897676 0.07463478816743215 0.4388668327311059 0.5967718938339911
95 760 0.23368490363041247 0.5887872058667352 0.03332620099815872 0.03332620099815872 0.06665697058244394 0.42104217630354224 0.5887872058667352
96 768 0.20109044305300106 0.571454245575604 0.031760919983118724 0.031760919983118724 0.0642870002781118 0.41438889113364535 0.571454245575604
97 776 0.1873679671667327 0.6002577794949316 0.031427328083739346 0.031427328083739346 0.05492729144456629 0.4065217443917175 0.6002577794949316
98 784 0.176271962673696 0.5852894229014455 0.03100682062293434 0.03100682062293434 0.05616706196569612 0.4193462568401861 0.5852894229014455
99 792 0.19835675838362365 0.5543200168975654 0.030657040032870925 0.030657040032870925 0.05424549376061128 0.40844598845523455 0.5543200168975654
100 800 0.21307607728538522 0.5453158612881067 0.035845321144803724 0.035845321144803724 0.04875034375196252 0.4110241192156791 0.5453158612881067
101 808 0.21454685923183564 0.49038871768340175 0.036545443493405376 0.036545443493405376 0.05215540042564941 0.4020354831142617 0.49038871768340175
102 816 0.21911166810205254 0.47809736371507017 0.034081835142618915 0.034081835142618915 0.05117954525363507 0.4050416093291452 0.47809736371507017
103 824 0.28246972896741174 0.47162206448941896 0.03212040403168429 0.03212040403168429 0.04801324174435429 0.4293541626997047 0.47162206448941896
104 832 0.33083316629836285 0.44734810329797053 0.03488583741904098 0.03488583741904098 0.04650846978957519 0.4354755347940752 0.44734810329797053
105 840 0.35107166048506655 0.4533078846612939 0.03135057314679662 0.03135057314679662 0.04606439584835477 0.4320044467509735 0.4533078846612939
106 848 0.293815817761712 0.4530282047851451 0.028597206409641238 0.028597206409641238 0.046737983348216466 0.420402456188283 0.4530282047851451
107 856 0.2720045631119249 0.44693544935678825 0.02909626853465274 0.02909626853465274 0.04825026070479273 0.3426096103286274 0.44693544935678825
108 864 0.2902321829424273 0.39970254778064584 0.029749409767170616 0.029749409767170616 0.045930646313666876 0.3377486600197392 0.39970254778064584
109 872 0.27775813553777645 0.40569958872682876 0.029985370918472396 0.029985370918472396 0.04294920527612102 0.3642955489981376 0.40569958872682876
110 880 0.32447700977683896 0.3949633226979405 0.029267079972335523 0.029267079972335523 0.042497236069537585 0.3466344312263124 0.3949633226979405
111 888 0.3711264642233475 0.36387817780388415 0.03197329208457476 0.03197329208457476 0.045570721750687604 0.33670232175764175 0.36387817780388415
112 896 0.3802843753701566 0.41346498964475586 0.03322505625913919 0.03322505625913919 0.045125732293573785 0.301619584967368 0.41346498964475586
113 904 0.4205738227060665 0.4172604847671544 0.030946837379323754 0.030946837379323754 0.04432699937808593 0.3017962471385145 0.4172604847671544
114 912 0.42556861024254705 0.4039176482625733 0.03483581292534744 0.03483581292534744 0.04319077618190844 0.2860001637625513 0.4039176482625733
115 920 0.5371859860303717 0.39561812997623963 0.033420640131104934 0.033420640131104934 0.04264061956184356 0.2838841401459312 0.39561812997623963
116 928 0.5430544092587837 0.39348241186770533 0.0345988635364592 0.0345988635364592 0.04597281788454974 0.2793268850071583 0.39348241186770533
117 936 0.4981311079432146 0.34280472697185876 0.035698960908364344 0.035698960908364344 0.04549036399153273 0.28124577216704993 0.34280472697185876
118 944 0.45812745177332226 0.34695810764195384 0.03534207906719719 0.03534207906719719 0.0417507977805373 0.2638964289068778 0.34695810764195384
119 952 0.434713712352353 0.3377706320068703 0.03601413060456409 0.03601413060456409 0.039895822095012225 0.248115018114307 0.3377706320068703
120 960 0.39857895619485517 0.322963316163569 0.03692793677788899 0.03692793677788899 0.03910873582842158 0.24217196973208382 0.322963316163569
121 968 0.36300117931211356 0.3003119736377726 0.0336844407265722 0.0336844407265722 0.03828931657860665 0.25156470077501847 0.3003119736377726
122 976 0.36286757564570615 0.3059442345864167 0.03300919086082265 0.03300919086082265 0.0354833973966659 0.25209007536593636 0.3059442345864167
123 984 0.31424087083096885 0.2930066628232747 0.032700123405467185 0.032700123405467185 0.03428004863329201 0.256428075823704 0.2930066628232747
124 992 0.2866656387948832 0.2741377689153668 0.030240647737357434 0.030240647737357434 0.03386887917211991 0.25051755246027807 0.2741377689153668
125 1000 0.25118240971363137 0.2521388871109086 0.028795315947619533 0.028795315947619533 0.034332563070429964 0.23882917088270433 0.2521388871109086
126 1008 0.24947866498644455 0.24676997459719172 0.028458584429165476 0.028458584429165476 0.03505057357609465 0.20784699362095535 0.24676997459719172
127 1016 0.24847043906792293 0.24320375189002244 0.025591335892133988 0.025591335892133988 0.033624211333311546 0.22106415556083947 0.24320375189002244
128 1024 0.2912488468217985 0.22032754498587082 0.02633052128200222 0.02633052128200222 0.034703568614942594 0.21508688525987432 0.22032754498587082
129 1032 0.27135075859576196 0.23901843279269694 0.026055663225645447 0.026055663225645447 0.03806400881968133 0.1952588261075814 0.23901843279269694
130 1040 0.23131695616095405 0.23551540063087703 0.024103577399004386 0.024103577399004386 0.03711453085195649 0.18056854745727155 0.23551540063087703
131 1048 0.26179577458389486 0.232596247656621 0.02493727960314092 0.02493727960314092 0.03780056878184357 0.15456920689436637 0.232596247656621
132 1056 0.2635377210431645 0.2557098270332101 0.023077293746564247 0.023077293746564247 0.0365047920177957 0.16370985844045643 0.2557098270332101
133 1064 0.32032000205022554 0.24756557357005984 0.023773526649532726 0.023773526649532726 0.03521666703605153 0.1684187297942972 0.24756557357005984
134 1072 0.3242644316271337 0.2403145436520738 0.02167357407784338 0.02167357407784338 0.034394725142089855 0.21117780429667143 0.2403145436520738
135 1080 0.3207162393370653 0.24286420783604515 0.021938722111873844 0.021938722111873844 0.03415509869130795 0.2054221915126105 0.24286420783604515
136 1088 0.3026544395362141 0.2189345617718089 0.022766667007167694 0.022766667007167694 0.03508365710035075 0.19518360077726812 0.2189345617718089
137 1096 0.28146135237474484 0.2024436410595527 0.023293243032887403 0.023293243032887403 0.03560981220153819 0.19439002451448803 0.2024436410595527
138 1104 0.2495320665739875 0.19695694740835834 0.021547896269425677 0.021547896269425677 0.038197077623162136 0.19201137372011207 0.19695694740835834
139 1112 0.19012709783853435 0.19148522041040494 0.02024421483353418 0.02024421483353418 0.037712369158241964 0.17586459888736944 0.19148522041040494
140 1120 0.164926777274719 0.19424450261702125 0.01696316074843923 0.01696316074843923 0.03595676701719746 0.1718252057217155 0.19424450261702125
141 1128 0.14202261833958235 0.1961679154862527 0.01631324476193247 0.01631324476193247 0.03608544165784812 0.15963225141420226 0.1961679154862527
142 1136 0.14990883973161712 0.17603157192981045 0.015966747570130394 0.015966747570130394 0.03704233602735214 0.15197374503804448 0.17603157192981045
143 1144 0.13495645960293956 0.18752975460980426 0.014932240298998414 0.014932240298998414 0.03762944682253235 0.15812002650430118 0.18752975460980426
144 1152 0.1443051224660725 0.17116180784271007 0.01473605840654734 0.01473605840654734 0.03864220349409205 0.15649521669596933 0.17116180784271007
145 1160 0.17100369744256091 0.16877714277122477 0.014684411688388422 0.014684411688388422 0.04202277310260973 0.14035700624114425 0.16877714277122477
146 1168 0.20734059828728424 0.2039938718607419 0.014490141065674108 0.014490141065674108 0.041173034168872115 0.13255207794473206 0.2039938718607419
147 1176 0.1643577427965562 0.22076212006949925 0.016215834436863842 0.016215834436863842 0.04164401807320035 0.12364261578728318 0.22076212006949925
148 1184 0.14185763456973494 0.20000390278081964 0.015236637955248955 0.015236637955248955 0.0411569899692503 0.12116941861026335 0.20000390278081964
149 1192 0.13155750990697035 0.19399853612581652 0.01450790215123591 0.01450790215123591 0.038661775565294716 0.11641392794470688 0.19399853612581652
150 1200 0.11788820352511366 0.18960268656092918 0.014246989898383659 0.014246989898383659 0.03719391688163125 0.10944397926594657 0.18960268656092918
151 1208 0.13128957341479927 0.19964387677792253 0.013315261359669693 0.013315261359669693 0.0336876959021393 0.10326274267772223 0.19964387677792253
152 1216 0.12370078123624491 0.18469851169934257 0.012994596906044265 0.012994596906044265 0.034336169069861616 0.11756182721435458 0.18469851169934257
153 1224 0.1406480505534978 0.19872610744327776 0.012286090612432401 0.012286090612432401 0.033803590997843594 0.10483074855331154 0.19872610744327776
154 1232 0.1356378658306901 0.19876420284941504 0.012638592878886723 0.012638592878886723 0.03335173038370354 0.11443187637385614 0.19876420284941504
155 1240 0.1193045000250838 0.18451990533819107 0.011656026685763134 0.011656026685763134 0.03198115153276044 0.12665853955873563 0.18451990533819107
156 1248 0.10443454319359385 0.17175160590883679 0.01134168037473966 0.01134168037473966 0.030956767496691493 0.12593824765447467 0.17175160590883679
157 1256 0.09834595578811386 0.1583813001064678 0.011236662607308896 0.011236662607308896 0.029512711471604114 0.12238642165886074 0.1583813001064678
158 1264 0.09864094123172785 0.15374976588671313 0.011306152834502946 0.011306152834502946 0.027742057828398607 0.11915016254821964 0.15374976588671313
159 1272 0.08986002902456294 0.1513776517174267 0.010068032504334187 0.010068032504334187 0.03004799886082883 0.12004339291070108 0.1513776517174267
160 1280 0.07999149641936831 0.13592447485594014 0.009836874061561678 0.009836874061561678 0.029677826240324952 0.11638163931501948 0.13592447485594014
161 1288 0.09244664263149162 0.13622982203276207 0.008626787466937593 0.008626787466937593 0.030397976996777355 0.11514521422848703 0.13622982203276207
162 1296 0.08259376210190005 0.1633979835058619 0.008330743386626387 0.008330743386626387 0.03086589508293078 0.10133038059616409 0.1633979835058619
163 1304 0.08600501420049102 0.1583999298865913 0.00786639636760121 0.00786639636760121 0.02821509225299815 0.10196278949123229 0.1583999298865913
164 1312 0.09166560727351397 0.1614053350847782 0.007558989492424914 0.007558989492424914 0.026670562285766076 0.10743099761902 0.1614053350847782
165 1320 0.09475448191195505 0.15140754008816398 0.007593722293834028 0.007593722293834028 0.026308274427509222 0.11325391748379156 0.15140754008816398
166 1328 0.10912687379097857 0.15694251867852532 0.007441435887983134 0.007441435887983134 0.025938898592815316 0.11737635580816065 0.15694251867852532
167 1336 0.09271175808106136 0.1676224050418452 0.006680883102951095 0.006680883102951095 0.027156998313570473 0.12261043884615302 0.1676224050418452
168 1344 0.08008644075787824 0.16757772288395612 0.006679684182357442 0.006679684182357442 0.02563412219389142 0.11714872540324348 0.16757772288395612
169 1352 0.06745239285712555 0.16401496597879275 0.00635695127220971 0.00635695127220971 0.02359768836486863 0.11290832110288973 0.16401496597879275
170 1360 0.06492827066301436 0.16253514865232185 0.006284349121808131 0.006284349121808131 0.023648950206341394 0.0988295603472791 0.16253514865232185
171 1368 0.06814838114145189 0.14246170698809077 0.006076482361865583 0.006076482361865583 0.023017184149645514 0.10860930872666906 0.14246170698809077
172 1376 0.057212707639856 0.14746489414643568 0.006454356697511832 0.006454356697511832 0.02078380076827945 0.10301916260867976 0.14746489414643568
173 1384 0.06838536507722412 0.13414041398587667 0.0063367501467274405 0.0063367501467274405 0.020673321190522863 0.09840209325816399 0.13414041398587667
174 1392 0.08649092190612519 0.13652011092172356 0.0060321994410178085 0.0060321994410178085 0.026385224080680787 0.09117388271798535 0.13652011092172356
175 1400 0.10331608992020018 0.14471586860160326 0.0060981219004214325 0.0060981219004214325 0.028756255881820646 0.08558303107051404 0.14471586860160326
176 1408 0.10132184190583066 0.12764428926273083 0.006245940376598475 0.006245940376598475 0.029782201729853165 0.08782999398366076 0.12764428926273083
177 1416 0.0937454701913859 0.11667715669331462 0.006295662223595121 0.006295662223595121 0.02781471697552376 0.0873630893489947 0.11667715669331462
178 1424 0.07865963100174024 0.11390813050651925 0.005893960086337644 0.005893960086337644 0.028273069471219613 0.08369157281265084 0.11390813050651925
179 1432 0.07393679306281237 0.11419936239954383 0.005389236765722916 0.005389236765722916 0.02921733584597874 0.0756893962525286 0.11419936239954383
180 1440 0.07182711486745434 0.11208280460500816 0.005033575430781208 0.005033575430781208 0.029564141253210146 0.07138850571252918 0.11208280460500816
181 1448 0.06999052057012818 0.10469608109789029 0.005175907787848367 0.005175907787848367 0.029455284524405753 0.07036587622709056 0.10469608109789029
182 1456 0.0835178635756637 0.10573679818719833 0.005049316738767585 0.005049316738767585 0.028011498285687293 0.06781776068264074 0.10573679818719833
183 1464 0.0760630806930291 0.10743300470403852 0.004809534398530884 0.004809534398530884 0.02663519365004959 0.08188275262182021 0.10743300470403852
184 1472 0.06301789386891009 0.10032750255640004 0.004710068464599784 0.004710068464599784 0.02470987301823437 0.07906418070769297 0.10032750255640004
185 1480 0.06393457202076402 0.08862408459567495 0.004671716987433934 0.004671716987433934 0.023830489647204762 0.07435559412664643 0.08862408459567495
186 1488 0.07704927914975732 0.08515357447512674 0.00413036633382547 0.00413036633382547 0.026274555092163646 0.07233007320116668 0.08515357447512674
187 1496 0.06946986443179437 0.0855464569421935 0.003817123342692336 0.003817123342692336 0.03118862249773594 0.07145172214050545 0.0855464569421935
188 1504 0.08201794297433501 0.08339490437509801 0.0036486329112803396 0.0036486329112803396 0.03019649089524899 0.06590418316750016 0.08339490437509801
189 1512 0.09855902233769459 0.0917214306629564 0.003680053387580077 0.003680053387580077 0.029534790096029946 0.06413848899799443 0.0917214306629564
190 1520 0.10917252362573295 0.0852689846140249 0.0035970816243420635 0.0035970816243420635 0.02704599976890971 0.07937632147976252 0.0852689846140249
191 1528 0.09358543894985989 0.08841736831102942 0.0035972557411462097 0.0035972557411462097 0.026135052180248787 0.07972850761381138 0.08841736831102942
192 1536 0.10278517921521393 0.09895134344073347 0.0029624225281715557 0.0029624225281715557 0.025242197008750324 0.07855510975992301 0.09895134344073347
193 1544 0.09745466158926029 0.10514570904309269 0.0029707769167419016 0.0029707769167419016 0.025297978831049835 0.07512231522323787 0.10514570904309269
194 1552 0.10296243851892597 0.09597596601795186 0.0030608472883044066 0.0030608472883044066 0.02282219839840196 0.07573641920920901 0.09597596601795186
195 1560 0.12805611994179328 0.09358342400082842 0.003007617796529029 0.003007617796529029 0.021226130773804208 0.0777775725524499 0.09358342400082842
196 1568 0.12217971120582606 0.09445556971154376 0.0029467345302144742 0.0029467345302144742 0.024302689781558726 0.07711447929485239 0.09445556971154376
197 1576 0.09670284240551534 0.09602317875580095 0.003038146840287581 0.003038146840287581 0.02110996770136965 0.07542257541457768 0.09602317875580095
198 1584 0.11355446365596167 0.0900658177932505 0.0029340930196249566 0.0029340930196249566 0.018856328375886196 0.07395288311147878 0.0900658177932505
199 1592 0.14319084403795482 0.08864348643341789 0.0038479097056741316 0.0038479097056741316 0.01815564417464253 0.0676534690740725 0.08864348643341789
200 1600 0.14419591116606845 0.10382449560679996 0.0031995923638583807 0.0031995923638583807 0.018538205083664522 0.06885163705008106 0.10382449560679996
201 1608 0.14550584073670209 0.10117990699584305 0.003124187488925631 0.003124187488925631 0.01767724918795707 0.07142513731553445 0.10117990699584305
202 1616 0.16573203616352458 0.0941103166794235 0.0029690605441701676 0.0029690605441701676 0.01897431492820042 0.07142487428915127 0.0941103166794235
203 1624 0.14990633686404484 0.10865774175394807 0.0027519644984131627 0.0027519644984131627 0.017275911712021263 0.07060565051345691 0.10865774175394807
204 1632 0.11653341779971191 0.10759511286685719 0.002931978419082412 0.002931978419082412 0.016004436837707966 0.06709406640230944 0.10759511286685719
205 1640 0.12058971471281572 0.1009812340049568 0.002506226613676428 0.002506226613676428 0.016015355362855043 0.06680689615939332 0.1009812340049568
206 1648 0.14141580576013987 0.1051886344691839 0.0025456068087837415 0.0025456068087837415 0.014549945554148375 0.06865778043993091 0.1051886344691839
207 1656 0.14711502795777587 0.10437784910444523 0.002996416263594391 0.002996416263594391 0.013826841411289996 0.07463756234341307 0.10437784910444523
208 1664 0.1439204085981427 0.11016390916162672 0.0029498678979746834 0.0029498678979746834 0.012366212897792868 0.0768667451861426 0.11016390916162672
209 1672 0.1341562486719465 0.1081901868173586 0.002552019675886504 0.002552019675886504 0.012760688125194587 0.07475610698848063 0.1081901868173586
210 1680 0.12483340504129488 0.11487206849226185 0.002419900804124087 0.002419900804124087 0.012601578710105603 0.0650595691471571 0.11487206849226185
211 1688 0.14145018918792504 0.11083012097896083 0.0022296241671146515 0.0022296241671146515 0.011774449222298403 0.06821847254424926 0.11083012097896083
212 1696 0.1512205688325984 0.11436640935406729 0.0022097497721744437 0.0022097497721744437 0.01284788656162298 0.06785605883176342 0.11436640935406729
213 1704 0.19517471356837401 0.10979843588469365 0.0022216006051111936 0.0022216006051111936 0.012785079281919168 0.06501115127330805 0.10979843588469365
214 1712 0.2623447236348705 0.10617318689049007 0.002494208442420439 0.002494208442420439 0.01276154651454483 0.06712522361564197 0.10617318689049007
215 1720 0.2422289151526083 0.10766489932779937 0.0023977325928203736 0.0023977325928203736 0.013433036790755538 0.06545669468694144 0.10766489932779937
216 1728 0.24454373719341926 0.11662368847023317 0.0021374258228574893 0.0021374258228574893 0.013739550564839186 0.06679394149294104 0.11662368847023317
217 1736 0.2597117379213795 0.11780821770090433 0.001982960427394693 0.001982960427394693 0.013356683190049444 0.07217525244421177 0.11780821770090433
218 1744 0.26023392473286466 0.12303847793363093 0.0019438539555342988 0.0019438539555342988 0.012709281315027684 0.07486251128558609 0.12303847793363093
219 1752 0.279393112454233 0.1307039769510701 0.00208551535450522 0.00208551535450522 0.01142863921603444 0.0740948068156566 0.1307039769510701
220 1760 0.2927534347062108 0.12038273801486349 0.002145156739809487 0.002145156739809487 0.011597463416490962 0.07295586635766386 0.12038273801486349
221 1768 0.33531093214455504 0.12248110540236798 0.002308724140929403 0.002308724140929403 0.011041947296986402 0.06788295348870729 0.12248110540236798
222 1776 0.427835684338575 0.13393122875418056 0.0023656051468474233 0.0023656051468474233 0.010965181405361556 0.06244026438417017 0.13393122875418056
223 1784 0.4517915214346096 0.15960812469159916 0.0023535030823384306 0.0023535030823384306 0.011055245113889648 0.06266466074977615 0.15960812469159916
224 1792 0.48075535402834246 0.1623269622823249 0.002128286595363704 0.002128286595363704 0.013492992778543603 0.0608133985272352 0.1623269622823249
225 1800 0.5905530791193244 0.15713815048397237 0.0021912599478793033 0.0021912599478793033 0.01424792978091001 0.05659992494864954 0.15713815048397237
226 1808 0.6172920788658305 0.16617541116065068 0.0021165012610477136 0.0021165012610477136 0.013799293392606625 0.0626362296050243 0.16617541116065068
227 1816 0.5854702580403919 0.1596368823079377 0.0022303441063686934 0.0022303441063686934 0.01365167834462199 0.06552836727158468 0.1596368823079377
228 1824 0.6152999166004979 0.141729999739052 0.0022774666945007934 0.0022774666945007934 0.014053689672474183 0.0668445925001277 0.141729999739052
229 1832 0.6951217609458091 0.15159049296322313 0.002226151028241974 0.002226151028241974 0.013555342914203433 0.06728014641054832 0.15159049296322313
230 1840 0.601900544198751 0.14763505304874433 0.002206327783736192 0.002206327783736192 0.015158824088978635 0.06595397663026682 0.14763505304874433
231 1848 0.5797141222486004 0.12184921917476878 0.00226682910655068 0.00226682910655068 0.015558802982436566 0.062497113585947076 0.12184921917476878
232 1856 0.5592409867005945 0.12535008815846285 0.002156370480589311 0.002156370480589311 0.014456836537721805 0.0641320798780003 0.12535008815846285
233 1864 0.6250960060478326 0.12026874387440574 0.001980421683265231 0.001980421683265231 0.014122703511925707 0.0639952478066288 0.12026874387440574
234 1872 0.5875031102733317 0.1248087604638303 0.0018558150260409628 0.0018558150260409628 0.014171545129118085 0.06470831040763467 0.1248087604638303
235 1880 0.6383769049640992 0.11584845660717413 0.001724951574228033 0.001724951574228033 0.014153569170498391 0.0639546240825558 0.11584845660717413
236 1888 0.6073495150940308 0.11479573744551531 0.0018833310726658991 0.0018833310726658991 0.013993741133910158 0.05906404806271472 0.11479573744551531
237 1896 0.5768932437447216 0.12378796905758867 0.0017415336375626472 0.0017415336375626472 0.013157837794823778 0.05628127943666609 0.12378796905758867
238 1904 0.5606865951327289 0.12733978471633345 0.0016493750300604986 0.0016493750300604986 0.012243121942168362 0.057890962651941116 0.12733978471633345
239 1912 0.5255020599158159 0.1284988273281107 0.0016254225925606055 0.0016254225925606055 0.010398730592967885 0.057954563508154144 0.1284988273281107
240 1920 0.49774432775041594 0.13239479749748506 0.0015630804081067189 0.0015630804081067189 0.010767318308344705 0.04886550317610318 0.13239479749748506
241 1928 0.5371157545320472 0.1210486019342027 0.001448813807951108 0.001448813807951108 0.011647622054625729 0.05052757289358043 0.1210486019342027
242 1936 0.46934728114724317 0.11313070453810858 0.001413449950304386 0.001413449950304386 0.011461490892516978 0.05690828179949849 0.11313070453810858
243 1944 0.4388392081171145 0.10458334869480028 0.001363353735341068 0.001363353735341068 0.011929597498853178 0.05251662875517432 0.10458334869480028
244 1952 0.4122038488659775 0.11159947943896462 0.0012513251314624097 0.0012513251314624097 0.011409969733989753 0.048339388492669944 0.11159947943896462
245 1960 0.3721890853801489 0.10238467448193585 0.0012059655491024855 0.0012059655491024855 0.011558451552627141 0.04777786422538392 0.10238467448193585
246 1968 0.4323479104303449 0.09994011807877246 0.0011676560084654703 0.0011676560084654703 0.011240324631682177 0.04253741091866318 0.09994011807877246
247 1976 0.4443080847843092 0.1055871517053374 0.001024120464660905 0.001024120464660905 0.013434869072672192 0.042166366855986945 0.1055871517053374
248 1984 0.523068651807833 0.09585059708313381 0.0010475410190255669 0.0010475410190255669 0.014326424343407305 0.04448345930176127 0.09585059708313381
249 1992 0.4981793126861903 0.09842944913724705 0.0009517247725022131 0.0009517247725022131 0.015649458631088284 0.04375462344782758 0.09842944913724705
250 2000 0.4783308963464274 0.0962545927523109 0.0009324315554129046 0.0009324315554129046 0.013332709348603219 0.04415751096790629 0.0962545927523109
251 2008 0.5841252113679744 0.09485480830525701 0.0009368482731818768 0.0009368482731818768 0.013050390182529207 0.039941782746700856 0.09485480830525701
252 2016 0.6896210631144277 0.10364841326878951 0.0008769375463716846 0.0008769375463716846 0.012644661128019636 0.04614405203968208 0.10364841326878951
253 2024 0.8358751410478559 0.1159562111276744 0.0008464087916421659 0.0008464087916421659 0.012078665785457608 0.044292534570616715 0.1159562111276744
254 2032 0.8016856881221965 0.12469717896689364 0.0008795078318159857 0.0008795078318159857 0.011859459275754337 0.04218574524009424 0.12469717896689364
255 2040 1.093233859388699 0.11690842212709004 0.0008833989280982316 0.0008833989280982316 0.011799373866732127 0.04071452424195503 0.11690842212709004
256 2048 1.0125905298558011 0.13136989256216916 0.000780303133171152 0.000780303133171152 0.013973275282156125 0.040939876925179676 0.13136989256216916
257 2056 1.1068682696545042 0.12198559378028109 0.0006895233579481398 0.0006895233579481398 0.0134481261262394 0.04245064056644564 0.12198559378028109
258 2064 1.1675047828785554 0.11914990403831684 0.0006985911976836873 0.0006985911976836873 0.015019313120368498 0.03945682682096018 0.11914990403831684
259 2072 1.2234572689003385 0.11785839154251633 0.0007057955040525842 0.0007057955040525842 0.0146405708940182 0.03791003565643489 0.11785839154251633
260 2080 1.1198027898778262 0.1179150635495705 0.0006829750315593589 0.0006829750315593589 0.01399164059018738 0.03735564558743923 0.1179150635495705
261 2088 1.0198669642123122 0.10829976587305438 0.0007243136543884993 0.0007243136543884993 0.013995272552863773 0.036792832252578025 0.10829976587305438
262 2096 1.1889493336287416 0.10090935918323678 0.0007167353056242441 0.0007167353056242441 0.014524825825908498 0.03380811557442467 0.10090935918323678
263 2104 1.3314849251166463 0.1020483550075399 0.0006545623952949762 0.0006545623952949762 0.015170011840055772 0.03728051767915549 0.1020483550075399
264 2112 1.2745509734669502 0.10896779779126965 0.0006249196065863706 0.0006249196065863706 0.014144690583324323 0.03801731551127723 0.10896779779126965
265 2120 1.2298325912318764 0.1118979468196178 0.000610868253987743 0.000610868253987743 0.013323086612277843 0.03566498448881133 0.1118979468196178
266 2128 1.233854271953184 0.1114548218979647 0.0005336756299670927 0.0005336756299670927 0.013243151865629355 0.03587680608790039 0.1114548218979647
267 2136 1.214156014245898 0.11834175388202059 0.000524018170881022 0.000524018170881022 0.011790749087788328 0.03543777579966854 0.11834175388202059
268 2144 1.080409012680676 0.1185768015352586 0.0005035767484562241 0.0005035767484562241 0.011758164340143014 0.0330987191959714 0.1185768015352586
269 2152 1.0018420684675464 0.11342171899699934 0.0004498680892152448 0.0004498680892152448 0.012069495119937181 0.031980383902030306 0.11342171899699934
270 2160 1.0347055105510634 0.11341888062051833 0.000464065690290436 0.000464065690290436 0.01187392733743564 0.028619306934984972 0.11341888062051833
271 2168 0.9981214248379299 0.10855628292584316 0.00046729245326178673 0.00046729245326178673 0.011490681947146624 0.029678480357910726 0.10855628292584316
272 2176 1.1010792594199124 0.10822753311652196 0.00039959935806380565 0.00039959935806380565 0.011627769202728786 0.02964208636488614 0.10822753311652196
273 2184 1.304208119997489 0.09454975969252738 0.00041154394552273427 0.00041154394552273427 0.01147283272274488 0.03461041027024365 0.09454975969252738
274 2192 1.2266735051667677 0.09493499918890512 0.0003831615254140104 0.0003831615254140104 0.011058464317804308 0.03992148841563874 0.09493499918890512
275 2200 1.1601748613700094 0.09426870863471437 0.0003672114938870848 0.0003672114938870848 0.009226729592947408 0.04724119727662823 0.09426870863471437
276 2208 1.057288046482366 0.09125655701621331 0.0003538025040932493 0.0003538025040932493 0.00892295012775409 0.04741726458022015 0.09125655701621331
277 2216 1.0147029845846685 0.08570438962154577 0.000347201486406679 0.000347201486406679 0.009428376580077037 0.04470049590826122 0.08570438962154577
278 2224 1.010179215415759 0.08291490315020945 0.0003398188250663182 0.0003398188250663182 0.009484322361647484 0.041958342006271014 0.08291490315020945
279 2232 1.116647784590363 0.08059138679890752 0.00035356833807162664 0.00035356833807162664 0.008239337038863438 0.04315826346469472 0.08059138679890752
280 2240 1.1711568430181047 0.07024162140988546 0.0004001407796928114 0.0004001407796928114 0.008307080552842355 0.0440451230355014 0.07024162140988546
281 2248 1.0788086446431546 0.07046482725927729 0.0004104213115166941 0.0004104213115166941 0.007420222552794356 0.04340905630003437 0.07046482725927729
282 2256 0.9581545313977413 0.07207680958421925 0.00035282637776701243 0.00035282637776701243 0.008048684147221721 0.0417293604014837 0.07207680958421925
283 2264 1.0379160741554447 0.06647062852507382 0.0003039793056247335 0.0003039793056247335 0.008219225514183139 0.043028001644747606 0.06647062852507382
284 2272 0.8930064732517516 0.058535295441289485 0.00029726099236345783 0.00029726099236345783 0.009528565382029763 0.04157283238792345 0.058535295441289485
285 2280 1.036244826720896 0.06027337455603431 0.0002825302167147151 0.0002825302167147151 0.009090500555350696 0.041672748900302294 0.06027337455603431
286 2288 1.0837916577491742 0.0634842002498856 0.0003056598506737151 0.0003056598506737151 0.008611610882930274 0.04098222777959606 0.0634842002498856
287 2296 0.9951335615562906 0.06966969936392912 0.0002978493158985633 0.0002978493158985633 0.008050591037324492 0.03927015108149345 0.06966969936392912
288 2304 0.906126753181386 0.06267014273706287 0.00027600738109117526 0.00027600738109117526 0.00815906988657688 0.038382552507577286 0.06267014273706287
289 2312 0.848988164844877 0.06059628974014751 0.0002518821922471669 0.0002518821922471669 0.008149418551276802 0.038526901461676706 0.06059628974014751
290 2320 0.8404137037577496 0.056594728013679235 0.0002396823873577732 0.0002396823873577732 0.008188630508567928 0.037491233712724725 0.056594728013679235
291 2328 1.1608068173233292 0.0596273140710653 0.0002331228175939606 0.0002331228175939606 0.00742627510775915 0.03630061565657746 0.0596273140710653
292 2336 1.4905130302757539 0.06469987214228809 0.0002269339167272097 0.0002269339167272097 0.007796111819944674 0.036284557422835484 0.06469987214228809
293 2344 1.601522582598839 0.06920092288334175 0.00022249613436472448 0.00022249613436472448 0.007569570713914483 0.03596764298704628 0.06920092288334175
294 2352 1.4542986165047609 0.06509057830521368 0.0002125919146522844 0.0002125919146522844 0.007722961765247025 0.03683139301042398 0.06509057830521368
295 2360 1.571462414246835 0.06298791321466157 0.00021210386648638676 0.00021210386648638676 0.007210321567405538 0.03514595758354302 0.06298791321466157
296 2368 1.4986509549295568 0.05904545364003986 0.00019773583801752984 0.00019773583801752984 0.007836680548462746 0.0374264173566722 0.05904545364003986
297 2376 1.2956548164094706 0.06075068848345716 0.00020833735227608898 0.00020833735227608898 0.006979485928792477 0.034586056159089114 0.06075068848345716
298 2384 1.2519528328977816 0.057954477913172105 0.00020503843813546367 0.00020503843813546367 0.007025352351992547 0.03209478911475163 0.057954477913172105
299 2392 1.2072117312026855 0.05745602143352883 0.000205040708495412 0.000205040708495412 0.006660188431317144 0.032117889156737585 0.05745602143352883
300 2400 1.2540969161874715 0.05824545990096951 0.0002012588761935534 0.0002012588761935534 0.006334334024685125 0.030862420295538012 0.05824545990096951
301 2408 1.0446600943721787 0.053374201560897075 0.0002007537044058492 0.0002007537044058492 0.007014516022180482 0.03056666346079542 0.053374201560897075
302 2416 1.1315742798332844 0.050757070485873065 0.0002001405179337109 0.0002001405179337109 0.006315168772676204 0.02909174701979925 0.050757070485873065
303 2424 1.2672258673051247 0.04924933559774883 0.0002429343036111938 0.0002429343036111938 0.005778150659460487 0.028176704352886873 0.04924933559774883
304 2432 1.1987687305243488 0.04490244567373652 0.00023100720763222137 0.00023100720763222137 0.006588796981317997 0.028697968416461786 0.04490244567373652
305 2440 1.2450822201755476 0.04301863658931059 0.00022588838849210425 0.00022588838849210425 0.006282838148139215 0.027297863895168244 0.04301863658931059
306 2448 1.3335131548811672 0.04094443572933664 0.00022576823803777596 0.00022576823803777596 0.006375955706419355 0.029050455909376022 0.04094443572933664
307 2456 1.3825105605641905 0.040589132506286006 0.00023226311359806904 0.00023226311359806904 0.006014418351677789 0.029847553268091444 0.040589132506286006
308 2464 1.4604950493435944 0.0420635491299746 0.00022280796694387848 0.00022280796694387848 0.005796019868405526 0.031108123543247854 0.0420635491299746
309 2472 1.3001811193973323 0.042305098997713696 0.00022049801597683264 0.00022049801597683264 0.006296326788275567 0.026907657897561672 0.042305098997713696
310 2480 1.3311351876164124 0.03740026162406907 0.00021815521655245065 0.00021815521655245065 0.006257177137092313 0.02662519715598115 0.03740026162406907
311 2488 1.2692369248012068 0.03537914058249542 0.00021714230371320137 0.00021714230371320137 0.0058631808095017356 0.027659339254057974 0.03537914058249542
312 2496 1.46339837349455 0.03440957544926437 0.00021840877820762102 0.00021840877820762102 0.005749653793787868 0.02672416332062022 0.03440957544926437
313 2504 1.3812042192217215 0.031674852241412435 0.00021769193193703189 0.00021769193193703189 0.0062169025343942 0.02934696884430148 0.031674852241412435
314 2512 1.2144602281289036 0.03260475203655156 0.000195770944204088 0.000195770944204088 0.006122508827045968 0.02850599036522612 0.03260475203655156
315 2520 1.0643953193556772 0.03366823578485568 0.00019666624283913283 0.00019666624283913283 0.005275972261339494 0.02800300641110934 0.03366823578485568
316 2528 0.9320123517087611 0.03322699119151044 0.0001837085611703542 0.0001837085611703542 0.00523925487400342 0.027749983575388527 0.03322699119151044
317 2536 1.0005906144845973 0.02940639311255239 0.00018584840277644828 0.00018584840277644828 0.005180780947129864 0.027258041508724417 0.02940639311255239
318 2544 1.0235735387928468 0.029175139551396407 0.00016933324238009952 0.00016933324238009952 0.005790514229654033 0.02682588312976758 0.029175139551396407
319 2552 0.999905531923396 0.03195712555608287 0.00017121477595193933 0.00017121477595193933 0.0057976906077336285 0.024033774168291534 0.03195712555608287
320 2560 0.924611169685822 0.030634632003259863 0.00016898864016234917 0.00016898864016234917 0.005738618519956551 0.022815766695717957 0.030634632003259863
321 2568 0.9652295143798069 0.030418606452578868 0.00016501514793248356 0.00016501514793248356 0.005908603336418601 0.021565281054453024 0.030418606452578868
322 2576 0.9412932335874069 0.030321371212215065 0.00017153052293113379 0.00017153052293113379 0.005073737134410588 0.02256557695979887 0.030321371212215065
323 2584 0.8774932565228011 0.029476409863249193 0.00016543458829800515 0.00016543458829800515 0.004953231824710851 0.022363527538778117 0.029476409863249193
324 2592 0.7185495720493272 0.031873120485048714 0.00015108456057010762 0.00015108456057010762 0.004597435217202974 0.022002283264841067 0.031873120485048714
325 2600 0.6120245771811677 0.031755916870221945 0.00014473069823527725 0.00014473069823527725 0.004193447766003058 0.02135834412322156 0.031755916870221945
326 2608 0.5601210189722755 0.03098357067670745 0.00014348257390905464 0.00014348257390905464 0.004098424082940519 0.018796312937624474 0.03098357067670745
327 2616 0.48236385854719804 0.030989058164193038 0.00013274250523068808 0.00013274250523068808 0.004134063077037807 0.018140234609104442 0.030989058164193038
328 2624 0.3761161182395973 0.03186312034914542 0.00012952894357323787 0.00012952894357323787 0.003640563228672223 0.017691258832286585 0.03186312034914542
329 2632 0.3755751057526362 0.030960442119541628 0.0001195610703849858 0.0001195610703849858 0.0033836533838723275 0.017397245881649367 0.030960442119541628
330 2640 0.33630678435459466 0.03323541732855845 0.00011182071028862487 0.00011182071028862487 0.0030550483812376 0.018576365955001686 0.03323541732855845
331 2648 0.2919512251342998 0.02611335303924572 0.00011338702354016083 0.00011338702354016083 0.003099340664552689 0.01858767487410621 0.02611335303924572
332 2656 0.28834995395282165 0.025624888054595858 0.00010595901551150796 0.00010595901551150796 0.003046987046485955 0.01773581806033554 0.025624888054595858
333 2664 0.23526135590476846 0.02435196804949191 0.00010091944638184747 0.00010091944638184747 0.003334110814582782 0.016036085464654008 0.02435196804949191
334 2672 0.191290867084432 0.022389418017071918 9.086169390140949e-05 9.086169390140949e-05 0.0033612016477906036 0.01515846247232436 0.022389418017071918
335 2680 0.19347213757731133 0.02145265839427052 8.870771088583889e-05 8.870771088583889e-05 0.00326234917777339 0.013472046610814865 0.02145265839427052
336 2688 0.1544458945980422 0.021627524359862923 8.484396270184527e-05 8.484396270184527e-05 0.003539134713954802 0.013743719086051803 0.021627524359862923
337 2696 0.14323792688663223 0.019382677654337797 8.624246940070608e-05 8.624246940070608e-05 0.0034557346660909734 0.012425217131409544 0.019382677654337797
338 2704 0.1326334803476616 0.019541845676446217 8.444609879856988e-05 8.444609879856988e-05 0.0030707360506562168 0.01243145679937468 0.019541845676446217
339 2712 0.12122503147124222 0.02011385863852051 8.39805572217193e-05 8.39805572217193e-05 0.0027961081228148263 0.011861962907120192 0.02011385863852051
340 2720 0.10684415714888873 0.020242583242201184 8.354369021058107e-05 8.354369021058107e-05 0.0027247629692909413 0.010746799763722422 0.020242583242201184
341 2728 0.09472058393000606 0.019726148251509326 8.641491326246744e-05 8.641491326246744e-05 0.0027047681541621355 0.010384266958063349 0.019726148251509326
342 2736 0.08431312204653363 0.01950505547427321 8.607239014591822e-05 8.607239014591822e-05 0.0028181611964434752 0.009247202668710706 0.01950505547427321
343 2744 0.09106903632199848 0.019060637525427613 8.71727010858858e-05 8.71727010858858e-05 0.0025369990661960606 0.008719079680878376 0.019060637525427613
344 2752 0.09518214542604041 0.017117802277865832 0.00010159582370255909 0.00010159582370255909 0.0024827543867304283 0.0082109108427076 0.017117802277865832
345 2760 0.08797167909902534 0.015582379879616758 0.00010820464863403664 0.00010820464863403664 0.0023571031374285934 0.008156250695807141 0.015582379879616758
346 2768 0.08018796985968012 0.01563536282474574 0.00010232163865654151 0.00010232163865654151 0.0022219599738023833 0.008209734248662148 0.01563536282474574
347 2776 0.08347175141165403 0.01625319396123121 0.00010253590682067227 0.00010253590682067227 0.0021367819387984165 0.007401569502251137 0.01625319396123121
348 2784 0.0704382981800146 0.01588432817145176 0.00010156743845428029 0.00010156743845428029 0.0022982480607561563 0.0070017132527101685 0.01588432817145176
349 2792 0.07107960517319988 0.015934524601417827 9.890178715673233e-05 9.890178715673233e-05 0.0020305008400629955 0.006560033861686112 0.015934524601417827
350 2800 0.0617835922015473 0.015526191234797239 9.64024217007584e-05 9.64024217007584e-05 0.002063075927978109 0.006076115362173479 0.015526191234797239
351 2808 0.05294051295476704 0.014758216056476663 9.658485232886296e-05 9.658485232886296e-05 0.0020366822888317595 0.0058643743492274 0.014758216056476663
352 2816 0.045706631538406844 0.01293262390929585 9.193329569348143e-05 9.193329569348143e-05 0.002022394573385519 0.005770248874650581 0.01293262390929585
353 2824 0.049874584166909285 0.012552931107650668 8.840697861591319e-05 8.840697861591319e-05 0.001970514089525153 0.005691323158100145 0.012552931107650668
354 2832 0.048938793877887174 0.012119867545106668 8.409236309627117e-05 8.409236309627117e-05 0.0022382636417233154 0.005765835092196921 0.012119867545106668
355 2840 0.05110363632257439 0.010668007360763409 8.73192575577616e-05 8.73192575577616e-05 0.002157226916660583 0.005948213077447525 0.010668007360763409
356 2848 0.06286771390089473 0.01055575778424336 8.662066653707901e-05 8.662066653707901e-05 0.0020938378597593612 0.006383328717909625 0.01055575778424336
357 2856 0.08625956255917601 0.009938854347366917 9.116121379258391e-05 9.116121379258391e-05 0.0021677989745522474 0.0067433633558287446 0.009938854347366917
358 2864 0.10093064856092371 0.011204001972139178 8.671139910692415e-05 8.671139910692415e-05 0.002090432167733141 0.007288634019268878 0.011204001972139178
359 2872 0.09539445791723988 0.010868867385850875 9.388404384310868e-05 9.388404384310868e-05 0.002000600463749789 0.007740305456288513 0.010868867385850875
360 2880 0.0841268153399439 0.010462512922386176 8.662471950787791e-05 8.662471950787791e-05 0.002033919151977 0.007385937370194894 0.010462512922386176
361 2888 0.07094698263240207 0.010298595473653055 8.670410352393191e-05 8.670410352393191e-05 0.0019169122396011182 0.006810705698030751 0.010298595473653055
362 2896 0.07060408498232668 0.009334321635289848 9.015238307148094e-05 9.015238307148094e-05 0.0016540453410902843 0.006878713381852168 0.009334321635289848
363 2904 0.07616153339648715 0.009215952268799704 8.87563700137349e-05 8.87563700137349e-05 0.0014564324637186285 0.00752634079516654 0.009215952268799704
364 2912 0.0884452580221446 0.008558038471811592 8.362969588307413e-05 8.362969588307413e-05 0.0014721691516072942 0.008087869934112426 0.008558038471811592
365 2920 0.10770540458584581 0.00900401249199296 9.184174172362125e-05 9.184174172362125e-05 0.0015078863953786195 0.007700872300244496 0.00900401249199296
366 2928 0.11358854930988392 0.009504948456471981 9.281095130295033e-05 9.281095130295033e-05 0.0013458825702863896 0.008674537552912828 0.009504948456471981
367 2936 0.09504455472017322 0.010335590070923778 8.419760341053753e-05 8.419760341053753e-05 0.0014232593680074954 0.008054425871247495 0.010335590070923778
368 2944 0.09342769538499739 0.010465018581568925 8.041681817983496e-05 8.041681817983496e-05 0.0013007895195161982 0.007634318293495412 0.010465018581568925
369 2952 0.07763414176706081 0.01055115322318762 7.80821965796675e-05 7.80821965796675e-05 0.001358296075951822 0.0070625054787959475 0.01055115322318762
370 2960 0.0775791932677775 0.009912276078551439 7.750037026636241e-05 7.750037026636241e-05 0.0013626044849883107 0.006403536929277627 0.009912276078551439
371 2968 0.06945568565868585 0.009690017831498171 7.855263623965019e-05 7.855263623965019e-05 0.0013054199884305559 0.006542943819669556 0.009690017831498171
372 2976 0.06733834446588399 0.009485108646065011 7.505486680467475e-05 7.505486680467475e-05 0.0013081026074652415 0.005922288482261386 0.009485108646065011
373 2984 0.06298461771342095 0.010037795781803981 6.800384306660609e-05 6.800384306660609e-05 0.0012094592461743864 0.005888995944384534 0.010037795781803981
374 2992 0.049292422874081296 0.009779451678930049 6.362663296721268e-05 6.362663296721268e-05 0.0012294867287836215 0.00615556862796414 0.009779451678930049
375 3000 0.04178730428299131 0.008800647612430119 6.169911654144516e-05 6.169911654144516e-05 0.001218274206415883 0.005789650413261965 0.008800647612430119
376 3008 0.03288875369168177 0.008181776130654357 5.833592448036122e-05 5.833592448036122e-05 0.001185355682512812 0.005671112768514789 0.008181776130654357
377 3016 0.03143573344403755 0.007399257384374211 5.704200237052465e-05 5.704200237052465e-05 0.0011636291382403022 0.005331666683796473 0.007399257384374211
378 3024 0.03274234645256377 0.007269020192687565 5.468835853975317e-05 5.468835853975317e-05 0.0011924419467861153 0.005016658003081688 0.007269020192687565
379 3032 0.03050220317375264 0.00871146496435243 5.672376848743051e-05 5.672376848743051e-05 0.0011849006188923636 0.004441329400975137 0.00871146496435243
380 3040 0.03502926825250716 0.009462984012154778 5.4622489582387014e-05 5.4622489582387014e-05 0.0011996709731272091 0.004049671867229221 0.009462984012154778
381 3048 0.040110644613525044 0.0105284181839241 5.4914547071881865e-05 5.4914547071881865e-05 0.001179620782581925 0.004155882124026432 0.0105284181839241
382 3056 0.045117209707039065 0.010124226357199423 5.2537060231004444e-05 5.2537060231004444e-05 0.0010969874116139437 0.004909097254680587 0.010124226357199423
383 3064 0.03875106490550476 0.009745417517823153 5.242706642692614e-05 5.242706642692614e-05 0.001152083776184741 0.005110701162862928 0.009745417517823153
384 3072 0.03589370011231645 0.009032162359652842 5.050196229328709e-05 5.050196229328709e-05 0.0010760210555202747 0.0052020539199022385 0.009032162359652842
385 3080 0.039462149171502446 0.00869230190783152 4.818595788613269e-05 4.818595788613269e-05 0.0010177506174546562 0.005306341377860249 0.00869230190783152
386 3088 0.03340251803013464 0.008297954500513637 4.9251743789181165e-05 4.9251743789181165e-05 0.0010963671314188363 0.004995675231372225 0.008297954500513637
387 3096 0.0335042657634114 0.008165838754461434 4.633691865224948e-05 4.633691865224948e-05 0.0011048715257351515 0.0042996504493744096 0.008165838754461434
388 3104 0.04194309879194251 0.0074746058285967264 4.712437688862308e-05 4.712437688862308e-05 0.0010818193449734282 0.004462509744908055 0.0074746058285967264
389 3112 0.0422129155957478 0.007324317405386653 4.4034619804936086e-05 4.4034619804936086e-05 0.000994760920451392 0.005656387355092375 0.007324317405386653
390 3120 0.04551804950474516 0.007325294529987196 4.413576309974879e-05 4.413576309974879e-05 0.0009213439555201426 0.005610088560623954 0.007325294529987196
391 3128 0.05260474346763375 0.00745321972244162 4.534755297023482e-05 4.534755297023482e-05 0.0009322060633896439 0.004984856579511652 0.00745321972244162
392 3136 0.05467937406158974 0.007263898788568028 4.393749073017899e-05 4.393749073017899e-05 0.0010386929490465353 0.005006068114179909 0.007263898788568028
393 3144 0.07048998400551768 0.007431008626870532 3.9411943094087334e-05 3.9411943094087334e-05 0.0010703357743999905 0.005369665856061646 0.007431008626870532
394 3152 0.07783785010515018 0.006953520818958467 3.8617700892290786e-05 3.8617700892290786e-05 0.0010605058596579215 0.005785442966046976 0.006953520818958467
395 3160 0.07659622842716893 0.006681592522319175 3.7253335536672635e-05 3.7253335536672635e-05 0.001034078745432687 0.005629787910444717 0.006681592522319175
396 3168 0.0696039666396308 0.006606314955847646 3.3332931410894604e-05 3.3332931410894604e-05 0.0010545283091249649 0.005627255655779662 0.006606314955847646
397 3176 0.07522906186412077 0.006958334853600973 2.8941974874141505e-05 2.8941974874141505e-05 0.0010697071908608209 0.00529829937881906 0.006958334853600973
398 3184 0.07818046278554326 0.006050186339985887 2.9089819976398967e-05 2.9089819976398967e-05 0.0011277411438430792 0.0058489046168610365 0.006050186339985887
399 3192 0.10250718367662467 0.0070583151085755426 2.6062899395208495e-05 2.6062899395208495e-05 0.0010887958606870822 0.00571421732106918 0.0070583151085755426
400 3200 0.10120773404158231 0.007902423845356422 2.3765669809665456e-05 2.3765669809665456e-05 0.0011035640870932467 0.005398831914907213 0.007902423845356422
401 3208 0.10089637029227265 0.008074463782526117 2.2270157012558783e-05 2.2270157012558783e-05 0.0010063008612643722 0.005334060342133894 0.008074463782526117
402 3216 0.09274233608367041 0.008039240050812966 2.1305659501116146e-05 2.1305659501116146e-05 0.0010646506706984392 0.005208162860101507 0.008039240050812966
403 3224 0.08489698705302372 0.007800732108160607 2.1712588319463446e-05 2.1712588319463446e-05 0.0010341972722800888 0.004717652435327593 0.007800732108160607
404 3232 0.08363722543058205 0.007232278372238371 2.0546063648198775e-05 2.0546063648198775e-05 0.0010120824077824353 0.004802752820278502 0.007232278372238371
405 3240 0.07846934100458124 0.00601808082558938 2.1099137059687614e-05 2.1099137059687614e-05 0.0010479959870322185 0.004870888425132706 0.00601808082558938
406 3248 0.07731457583339467 0.005836190939657625 1.971959665702876e-05 1.971959665702876e-05 0.0010309717543462995 0.00478073597192912 0.005836190939657625
407 3256 0.09005131468336702 0.005902091443495988 1.7450339749035465e-05 1.7450339749035465e-05 0.001077155439770723 0.004695224092213986 0.005902091443495988
408 3264 0.08647129900752352 0.006435308597160276 1.846125621522947e-05 1.846125621522947e-05 0.001123486385213561 0.004445749535185203 0.006435308597160276
409 3272 0.09926811132931299 0.006056477996051184 1.6894381300080402e-05 1.6894381300080402e-05 0.001187465198047913 0.00423691800687846 0.006056477996051184
410 3280 0.09742246915022372 0.006783632182203663 1.58810905145188e-05 1.58810905145188e-05 0.001171100329193148 0.004106178634896145 0.006783632182203663
411 3288 0.09653399370368325 0.006888049918566282 1.4582833625806016e-05 1.4582833625806016e-05 0.001196191935231648 0.003993314162024986 0.006888049918566282
412 3296 0.08989902227802846 0.007655792400621107 1.4863597758458508e-05 1.4863597758458508e-05 0.0010544557879605628 0.003716074360458478 0.007655792400621107
413 3304 0.10174376205096583 0.007363906674607096 1.4767086155320679e-05 1.4767086155320679e-05 0.0009697465623537977 0.0037556894079585085 0.007363906674607096
414 3312 0.10066895313203708 0.007450704946732608 1.388524428379448e-05 1.388524428379448e-05 0.0009929560244717349 0.003998198458275271 0.007450704946732608
415 3320 0.10740742899790612 0.006727079639608282 1.3989791485466175e-05 1.3989791485466175e-05 0.0010487502166087654 0.003798242680610743 0.006727079639608282
416 3328 0.09974119563403124 0.006813531924099699 1.3567731547555415e-05 1.3567731547555415e-05 0.0010251811904348554 0.003926940347642941 0.006813531924099699
417 3336 0.12261060921840318 0.006552773500496952 1.3725053788500665e-05 1.3725053788500665e-05 0.0009831180784548438 0.0036939516437054913 0.006552773500496952
418 3344 0.10501370090838887 0.006618997937954222 1.3914404075296529e-05 1.3914404075296529e-05 0.0008815097073419723 0.004371981559243143 0.006618997937954222
419 3352 0.11446273893842171 0.006286429298485484 1.3631716538274565e-05 1.3631716538274565e-05 0.0007744649134340607 0.0044055595572153414 0.006286429298485484
420 3360 0.1452346357696263 0.007441450741050555 1.2508179272474948e-05 1.2508179272474948e-05 0.0007226786927794952 0.004496338734799967 0.007441450741050555
421 3368 0.16225579524054667 0.009515589752141614 1.237533142979314e-05 1.237533142979314e-05 0.0006541138574832534 0.0047485493554153295 0.009515589752141614
422 3376 0.162150110707024 0.009312344271663605 1.2024618010287274e-05 1.2024618010287274e-05 0.0007044848326127038 0.004483166852315714 0.009312344271663605
423 3384 0.1497373873208737 0.009442006621812448 1.0940879948768731e-05 1.0940879948768731e-05 0.0007028702711602157 0.004313410131579948 0.009442006621812448
424 3392 0.13601638277603145 0.009447748012471275 1.1077696600907607e-05 1.1077696600907607e-05 0.000716267365228357 0.004045225937979475 0.009447748012471275
425 3400 0.1328288523688847 0.009358675422772767 1.070278464231723e-05 1.070278464231723e-05 0.0007250799569199004 0.00379397742930567 0.009358675422772767
426 3408 0.12710467130227518 0.009719876566951953 9.910603917944595e-06 9.910603917944595e-06 0.0007266684267782803 0.0038254294044057797 0.009719876566951953
427 3416 0.11893799789503981 0.009800926790749632 9.010221897811717e-06 9.010221897811717e-06 0.0008143011367358597 0.003560925609002628 0.009800926790749632
428 3424 0.11351761715974569 0.010066505487161726 8.320496803083037e-06 8.320496803083037e-06 0.0008473779660225756 0.003137220809903808 0.010066505487161726
429 3432 0.13749677469335675 0.010953958373608559 8.085164495452434e-06 8.085164495452434e-06 0.0008656170760411279 0.002708559835803333 0.010953958373608559
430 3440 0.15843669120690262 0.013029922805861193 7.408564012710147e-06 7.408564012710147e-06 0.0008186868107091918 0.0029589302065672757 0.013029922805861193
431 3448 0.14909241188880357 0.014392704971723092 8.007579818793389e-06 8.007579818793389e-06 0.0007661104830433562 0.002607727385481197 0.014392704971723092
432 3456 0.13513841707888816 0.013631791693683858 7.345957669491138e-06 7.345957669491138e-06 0.0007498545433289839 0.0025058826193444118 0.013631791693683858
433 3464 0.12338555794984671 0.013404760584803976 7.663456359064983e-06 7.663456359064983e-06 0.0006763867321440943 0.0024523973077317384 0.013404760584803976
434 3472 0.11316547887876825 0.012357242166440316 7.74352076442158e-06 7.74352076442158e-06 0.0006665740340482683 0.002352578449215096 0.012357242166440316
435 3480 0.10083483616368663 0.011287930024035643 8.045174306722153e-06 8.045174306722153e-06 0.0006213118097555142 0.0024105830599672052 0.011287930024035643
436 3488 0.0957000650234902 0.01124191511144326 7.928437652044446e-06 7.928437652044446e-06 0.0005886479403942411 0.002339612310358264 0.01124191511144326
437 3496 0.08318213329601801 0.010817483991629101 8.327721966819473e-06 8.327721966819473e-06 0.0005903729315297107 0.002207996448895904 0.010817483991629101
438 3504 0.09820810475516602 0.010568366617206651 8.79158974115587e-06 8.79158974115587e-06 0.0005608443574388379 0.0019527114760004044 0.010568366617206651
439 3512 0.09479185537112526 0.010760663479938733 1.0484755858007133e-05 1.0484755858007133e-05 0.00046840360996841914 0.002113646588755425 0.010760663479938733
440 3520 0.09536351253762619 0.011612281289429887 1.0145178964383523e-05 1.0145178964383523e-05 0.00046771368476701406 0.0020590095058493347 0.011612281289429887
441 3528 0.1044147991808388 0.01140622089628364 9.76722820042509e-06 9.76722820042509e-06 0.0004763185531384257 0.0019413402417902813 0.01140622089628364
442 3536 0.09998068723414014 0.011793851831914727 1.1208661967168137e-05 1.1208661967168137e-05 0.000420259913179349 0.0019830752250082273 0.011793851831914727
443 3544 0.08975530580427332 0.011012552168068906 9.934923180187198e-06 9.934923180187198e-06 0.0004227860355422097 0.0020003728285799206 0.011012552168068906
444 3552 0.08561875644393455 0.010596603273789062 9.263228633355564e-06 9.263228633355564e-06 0.00041669174840754607 0.0019397921194614276 0.010596603273789062
445 3560 0.07791694596189994 0.00941182993694441 8.072395338680534e-06 8.072395338680534e-06 0.00044604814953167615 0.0019639344921128224 0.00941182993694441
446 3568 0.08563317772544796 0.009236298760082747 7.991540195002765e-06 7.991540195002765e-06 0.0004420265031352672 0.001901366505379827 0.009236298760082747
447 3576 0.07124809486831309 0.009374238123657981 7.46490377401787e-06 7.46490377401787e-06 0.0004989200144109647 0.001922295510982684 0.009374238123657981
448 3584 0.06354594538108922 0.008459042486900631 7.193427213028177e-06 7.193427213028177e-06 0.0004920050371521045 0.0018172157482626715 0.008459042486900631
449 3592 0.060440965790739445 0.007992897692719833 6.284611613782826e-06 6.284611613782826e-06 0.0005091943827911416 0.0018391975076156811 0.007992897692719833
450 3600 0.06416930412948273 0.007460207668694007 7.18797037536363e-06 7.18797037536363e-06 0.00047034647295711934 0.0017335147960952284 0.007460207668694007
451 3608 0.06702814031097311 0.007187274159040841 7.429696659555916e-06 7.429696659555916e-06 0.0004424480317852723 0.0016707810189403234 0.007187274159040841
452 3616 0.061660509764512365 0.0058637715979548135 7.618285980514298e-06 7.618285980514298e-06 0.00043911780199499856 0.0018836539141098695 0.0058637715979548135
453 3624 0.05117156523985921 0.005908103104490141 6.825309841665287e-06 6.825309841665287e-06 0.00047747342756152017 0.001821672961093968 0.005908103104490141
454 3632 0.04120486480958222 0.005490442453048434 7.013884735091217e-06 7.013884735091217e-06 0.00048077900322360923 0.0016227841751419493 0.005490442453048434
455 3640 0.035454639352758444 0.0056586214818566 6.452615850862351e-06 6.452615850862351e-06 0.0004879046471464684 0.0015011138963660754 0.0056586214818566
456 3648 0.03060885792047977 0.005261703727913981 5.808986176928898e-06 5.808986176928898e-06 0.0004849123574996996 0.0015532785381042612 0.005261703727913981
457 3656 0.03323572648445513 0.004876496079357167 5.679482225491534e-06 5.679482225491534e-06 0.0004757022174658072 0.0014590595558877412 0.004876496079357167
458 3664 0.031642087392823696 0.004931665767234515 6.425959944646874e-06 6.425959944646874e-06 0.0003910822482661783 0.0014964411057119295 0.004931665767234515
459 3672 0.03171540828447393 0.004573175234832118 6.50570707452556e-06 6.50570707452556e-06 0.00039696445966894037 0.0014261890854627005 0.004573175234832118
460 3680 0.02936750876392035 0.00433299893370579 6.441985263437458e-06 6.441985263437458e-06 0.0003953495020858736 0.0014066809199465356 0.00433299893370579
461 3688 0.03000543637480991 0.004313348419225114 6.17166625571668e-06 6.17166625571668e-06 0.0004145744726950302 0.0013764923671236778 0.004313348419225114
462 3696 0.02792454912134517 0.0039208929685574665 6.585387482371395e-06 6.585387482371395e-06 0.0004031036180776212 0.0013956154317403499 0.0039208929685574665
463 3704 0.02968113930564498 0.0038827009777794037 6.033286766050451e-06 6.033286766050451e-06 0.0004089993736179563 0.0012318821148633204 0.0038827009777794037
464 3712 0.03183134101844423 0.004038722821518545 5.39098050135097e-06 5.39098050135097e-06 0.00041453462265364575 0.001328943509744089 0.004038722821518545
465 3720 0.031424857926410775 0.003985228839953075 5.095900086238445e-06 5.095900086238445e-06 0.0004082923450423578 0.0016361761186324435 0.003985228839953075
466 3728 0.0316256751014754 0.00404897183111449 5.20420090660586e-06 5.20420090660586e-06 0.0004382693132987449 0.0014454114074264161 0.00404897183111449
467 3736 0.03676359582089148 0.003926594855293489 5.2763550791692094e-06 5.2763550791692094e-06 0.00044202967595765306 0.001456978727572049 0.003926594855293489
468 3744 0.03150868880249645 0.0037024489301184897 5.2239618046544425e-06 5.2239618046544425e-06 0.00048098700836641194 0.0015871585639689655 0.0037024489301184897
469 3752 0.030660690685139887 0.0034727536946563297 4.9218596317836055e-06 4.9218596317836055e-06 0.0004533064381437748 0.0015757801128931063 0.0034727536946563297
470 3760 0.025733111540145764 0.003541691421070765 4.654258543532858e-06 4.654258543532858e-06 0.0004423179987671135 0.001509074666807616 0.003541691421070765
471 3768 0.023388378738126107 0.0034243439936679325 4.322060589457504e-06 4.322060589457504e-06 0.0004253026801830412 0.0014269528304963104 0.0034243439936679325
472 3776 0.023867643670841578 0.00348050836783365 3.98716103353077e-06 3.98716103353077e-06 0.00041565123330881986 0.001361716863070661 0.00348050836783365
473 3784 0.024222948002721848 0.0035814482819386687 3.693688216731198e-06 3.693688216731198e-06 0.00044836792179041464 0.001315118313540865 0.0035814482819386687
474 3792 0.027773065349079164 0.0033584211618336514 3.738139154275221e-06 3.738139154275221e-06 0.000415304712930034 0.0013331937312542233 0.0033584211618336514
475 3800 0.028202630906090896 0.003661971771871696 3.833463964035934e-06 3.833463964035934e-06 0.00038826867082450574 0.001348614900169379 0.003661971771871696
476 3808 0.037160530260511554 0.0036292407517247347 3.5924416537547025e-06 3.5924416537547025e-06 0.00038782662373529705 0.0013733937755219625 0.0036292407517247347
477 3816 0.04417555697779905 0.0037439664242526387 3.876974742696242e-06 3.876974742696242e-06 0.00038172370676860343 0.0013405572462209655 0.0037439664242526387
478 3824 0.051884870928869016 0.0034815826347474317 3.626984614041495e-06 3.626984614041495e-06 0.0003883205054469096 0.0014871145389905643 0.0034815826347474317
479 3832 0.05296037535589765 0.0034182419990487186 3.4823891519994536e-06 3.4823891519994536e-06 0.0003689694815158748 0.0015996966036716795 0.0034182419990487186
480 3840 0.052081617386422724 0.0032281942703033363 3.3887035279077013e-06 3.3887035279077013e-06 0.0003315007524846801 0.0017440970719450452 0.0032281942703033363
481 3848 0.05358769701283374 0.0032036402112944587 3.2663148826170554e-06 3.2663148826170554e-06 0.0003300008221172578 0.001725809835439537 0.0032036402112944587
482 3856 0.05852287168557139 0.003390565967151614 3.1602919618438324e-06 3.1602919618438324e-06 0.0003314944430934165 0.0015766638660889027 0.003390565967151614
483 3864 0.07052574141291397 0.0030798857603943812 3.6805530863503907e-06 3.6805530863503907e-06 0.0003204148418442225 0.001551778050987173 0.0030798857603943812
484 3872 0.06135786819492735 0.0032309391714400865 4.123918269564485e-06 4.123918269564485e-06 0.0003174430213288048 0.00142609053736229 0.0032309391714400865
485 3880 0.05633340664794251 0.0029565159063104723 4.095205170208173e-06 4.095205170208173e-06 0.0003001144240847407 0.0013680542891786568 0.0029565159063104723
486 3888 0.0468667101199386 0.002424962077740226 4.347712609797797e-06 4.347712609797797e-06 0.00030690957354239116 0.001365614193997365 0.002424962077740226
487 3896 0.045683006413052396 0.002339429938845368 3.739110294711067e-06 3.739110294711067e-06 0.000307121922825889 0.0013466564067432267 0.002339429938845368
488 3904 0.04158732097670164 0.0023185730523981275 3.196101794980842e-06 3.196101794980842e-06 0.0003146462742573073 0.0014205218450190902 0.0023185730523981275
489 3912 0.038231779018855355 0.002486601872101168 2.850914645155152e-06 2.850914645155152e-06 0.0003049023973515886 0.001419418520433521 0.002486601872101168
490 3920 0.03759125268394391 0.002368359254414336 2.722110940589865e-06 2.722110940589865e-06 0.00029984130751640965 0.0013642150723927507 0.002368359254414336
491 3928 0.046017560425276535 0.002384029220397922 2.73156271639355e-06 2.73156271639355e-06 0.00028074185916272863 0.001343421797899376 0.002384029220397922
492 3936 0.05233090621998009 0.0023806655053237365 2.7004587565152935e-06 2.7004587565152935e-06 0.0002742933826378585 0.0014841426766641528 0.0023806655053237365
493 3944 0.04802660186916191 0.0022147310872667057 2.6634988496110745e-06 2.6634988496110745e-06 0.0002697213518924886 0.0015280081600445691 0.0022147310872667057
494 3952 0.05170560228259209 0.0022546505741000236 2.1340704107644685e-06 2.1340704107644685e-06 0.0002731804366404591 0.0015159856290461447 0.0022546505741000236
495 3960 0.049747675093594436 0.0021629760455176717 2.1548405443962075e-06 2.1548405443962075e-06 0.00028256646192223976 0.001550431884288713 0.0021629760455176717
496 3968 0.06660405921833515 0.002344703962553623 2.095747101742348e-06 2.095747101742348e-06 0.00023564445604516324 0.0015248051711632567 0.002344703962553623
497 3976 0.0794812742555323 0.002237769285208276 2.0786375011604173e-06 2.0786375011604173e-06 0.00026451616222105984 0.0015373729252439931 0.002237769285208276
498 3984 0.0872877646312719 0.0023981235649796874 1.895299365759224e-06 1.895299365759224e-06 0.0002482888199462776 0.001631244871463914 0.0023981235649796874
499 3992 0.07326369548966868 0.002309253359559279 1.6594438263104248e-06 1.6594438263104248e-06 0.00024377050805304064 0.0016638645969697602 0.002309253359559279
500 4000 0.06727477031303532 0.0022102520619379927 1.7371678248957353e-06 1.7371678248957353e-06 0.00023812324363477349 0.001457975041967417 0.0022102520619379927
501 4008 0.060648095374765586 0.0020191171663960722 1.7187627080645437e-06 1.7187627080645437e-06 0.00023554658167169987 0.0014854101041259383 0.0020191171663960722
502 4016 0.05490703131801792 0.002115390605708251 1.4497284160989574e-06 1.4497284160989574e-06 0.00022103981164831683 0.0015013981506244547 0.002115390605708251
503 4024 0.05501168438530926 0.0021623409826158914 1.4773574012377545e-06 1.4773574012377545e-06 0.00020908032025484784 0.001394567169901336 0.0021623409826158914
504 4032 0.05461336931968422 0.002055586811504758 1.5541189636658868e-06 1.5541189636658868e-06 0.00020899896620821753 0.0012742739559706443 0.002055586811504758
505 4040 0.050952327591717174 0.0022630553384401265 1.4130814077255463e-06 1.4130814077255463e-06 0.0001944714983039801 0.001283344856924852 0.0022630553384401265
506 4048 0.05952428495371453 0.002250242481487944 1.3597597760910417e-06 1.3597597760910417e-06 0.0001787506182659657 0.0012485580181808536 0.002250242481487944
507 4056 0.06544948935718467 0.002266666191649456 1.5309833387604037e-06 1.5309833387604037e-06 0.00019376837389510978 0.0012368260530240933 0.002266666191649456
508 4064 0.06325852867332667 0.0021606156520646938 1.5572441068945549e-06 1.5572441068945549e-06 0.0001736562694506875 0.0013838827946764038 0.0021606156520646938
509 4072 0.059231020774242284 0.0021285217105001942 1.4857432424179123e-06 1.4857432424179123e-06 0.00015876029917001144 0.0014630982078918903 0.0021285217105001942
510 4080 0.05697555452644653 0.0021630741242245973 1.4365831555486153e-06 1.4365831555486153e-06 0.00014716795618146996 0.0014396043467490658 0.0021630741242245973
511 4088 0.06693797257609366 0.002192406177551355 1.2865725761158935e-06 1.2865725761158935e-06 0.0001425511943494858 0.001438545429514188 0.002192406177551355
512 4096 0.0723433585437661 0.0022398589642431514 1.4055453804607461e-06 1.4055453804607461e-06 0.00012915148868808976 0.0015185843617842888 0.0022398589642431514
513 4104 0.07311053912270264 0.0022351537699299407 1.4885571542459771e-06 1.4885571542459771e-06 0.00014122928828116176 0.0013960590962592916 0.0022351537699299407
514 4112 0.0808653782430484 0.0019824908277289114 1.6939468169428946e-06 1.6939468169428946e-06 0.0001433273444994428 0.001370465054543237 0.0019824908277289114
515 4120 0.08635502675849563 0.002099585096632792 1.7075998086978324e-06 1.7075998086978324e-06 0.00012674635762039636 0.0014162460072615968 0.002099585096632792
516 4128 0.07473599075042606 0.0021066388829511272 1.6597623381430714e-06 1.6597623381430714e-06 0.00012810833936503723 0.0014170525819519626 0.0021066388829511272
517 4136 0.08299950396429016 0.0018617272084616972 1.6723111366102934e-06 1.6723111366102934e-06 0.0001186219466555752 0.0013966759414553332 0.0018617272084616972
518 4144 0.06890718032837548 0.0018269794627065116 1.4620169896717328e-06 1.4620169896717328e-06 0.00013555026521373323 0.001390030828526342 0.0018269794627065116
519 4152 0.06765659020375538 0.0016913064925394006 1.4502210785746993e-06 1.4502210785746993e-06 0.00012959065315868676 0.0012925169719841523 0.0016913064925394006
520 4160 0.07920059622716222 0.0016910883588528024 1.307602293369544e-06 1.307602293369544e-06 0.0001310852646581616 0.0013946138360332446 0.0016910883588528024
521 4168 0.10263977400850179 0.001651994080238358 1.1626578296228031e-06 1.1626578296228031e-06 0.00015775356774868878 0.0013922509512422489 0.001651994080238358
522 4176 0.1186266396454982 0.0016136504322716665 1.1499436123272838e-06 1.1499436123272838e-06 0.0001679445462561116 0.0013737261382916791 0.0016136504322716665
523 4184 0.1278148925651575 0.001590604164059685 1.0812773271685587e-06 1.0812773271685587e-06 0.00016524780755564487 0.001437111669427275 0.001590604164059685
524 4192 0.13466600666106973 0.0016319130379431755 1.0634935288600206e-06 1.0634935288600206e-06 0.00016115209391092295 0.0012996334524880905 0.0016319130379431755
525 4200 0.12221024153940963 0.0017018443576658035 1.0246376101971926e-06 1.0246376101971926e-06 0.0001609606131733908 0.0012436483163420944 0.0017018443576658035
526 4208 0.12385994020601385 0.001724870679526361 1.0448199702279784e-06 1.0448199702279784e-06 0.00015383873254657535 0.0010848457756667531 0.001724870679526361
527 4216 0.09782200739436774 0.0018726381552932087 9.43163938107542e-07 9.43163938107542e-07 0.0001484200635676637 0.0011114573856121522 0.0018726381552932087
528 4224 0.08060919092217086 0.0017590949737595323 8.654699088244999e-07 8.654699088244999e-07 0.00014208622931766082 0.00106985151388245 0.0017590949737595323
529 4232 0.08727321837435414 0.0017273149257971008 8.327141996600834e-07 8.327141996600834e-07 0.0001253257304651146 0.0010556436936163033 0.0017273149257971008
530 4240 0.07559198225407134 0.001585634754434936 9.473683243436385e-07 9.473683243436385e-07 0.00011573671654446858 0.0010825623929394028 0.001585634754434936
531 4248 0.07053778170104874 0.001619166397517645 8.955259974848694e-07 8.955259974848694e-07 0.00010612018048798904 0.0010348907938601574 0.001619166397517645
532 4256 0.058781986218155564 0.0016798491199301615 8.569609525072219e-07 8.569609525072219e-07 0.00010011346163721968 0.0009809031799196527 0.0016798491199301615
533 4264 0.06180343350877396 0.0016182332105281793 8.407800420195806e-07 8.407800420195806e-07 9.491676413121898e-05 0.0009299386523360568 0.0016182332105281793
534 4272 0.06634282977951805 0.0016278107091386728 7.959649173130567e-07 7.959649173130567e-07 9.687090330419566e-05 0.0009153101591033735 0.0016278107091386728
535 4280 0.07752493881106624 0.0016399574552497078 7.410919353733389e-07 7.410919353733389e-07 0.00010376472327667934 0.0009292395450659154 0.0016399574552497078
536 4288 0.08677664361229662 0.0018928286503360338 6.611702569787375e-07 6.611702569787375e-07 0.00010513493175894038 0.0009500562715094021 0.0018928286503360338
537 4296 0.10164691962206736 0.001731806303818826 6.343786840395624e-07 6.343786840395624e-07 0.00012529296574073485 0.000906306834055132 0.001731806303818826
538 4304 0.09740490299045547 0.0015596453355754276 6.153117825176881e-07 6.153117825176881e-07 0.0001372086106400917 0.0009478867849303176 0.0015596453355754276
539 4312 0.11611454742581565 0.0015725274966911257 5.734129217449536e-07 5.734129217449536e-07 0.00013522345027836797 0.0009431361331148137 0.0015725274966911257
540 4320 0.11459317208609314 0.001687173494103165 5.504525774492351e-07 5.504525774492351e-07 0.00011515934295285738 0.001099475548880139 0.001687173494103165
541 4328 0.11739417347861242 0.0017167354614968185 5.368269972170864e-07 5.368269972170864e-07 0.00010202095816084331 0.0011722017225329793 0.0017167354614968185
542 4336 0.12459563094474277 0.0014577586604932415 5.699726314248175e-07 5.699726314248175e-07 0.00010601785432693149 0.001159911662488202 0.0014577586604932415
543 4344 0.10581051073313684 0.0014190285426612659 5.792277590745242e-07 5.792277590745242e-07 0.00010252765139895575 0.001179984559598146 0.0014190285426612659
544 4352 0.10105644545997107 0.001411779391047812 5.183668556489569e-07 5.183668556489569e-07 0.00010100461355474088 0.0011600103575758838 0.001411779391047812
545 4360 0.09118953304165124 0.0014294577560062178 4.4286916309834034e-07 4.4286916309834034e-07 0.0001100190294093335 0.0011561301471088403 0.0014294577560062178
546 4368 0.08922952529212308 0.0013695583377533744 4.3987449778772814e-07 4.3987449778772814e-07 0.00010580326351561535 0.0011075886173797797 0.0013695583377533744
547 4376 0.08127254400770745 0.001348998555348069 4.637306046926304e-07 4.637306046926304e-07 9.291243960630669e-05 0.0011435126529707933 0.001348998555348069
548 4384 0.07020544175125211 0.001376390113106581 4.2902823711912055e-07 4.2902823711912055e-07 9.458449324821332e-05 0.0010913126047275604 0.001376390113106581
549 4392 0.08698315677016576 0.0012842251596120416 4.3097296687082606e-07 4.3097296687082606e-07 9.027950540090664e-05 0.0010739409600127037 0.0012842251596120416
550 4400 0.09502115039981615 0.0014021044599344772 5.693430718984464e-07 5.693430718984464e-07 8.530559138456756e-05 0.0010508834333619022 0.0014021044599344772
551 4408 0.10149570205354319 0.0014394760990519213 5.616873016110633e-07 5.616873016110633e-07 8.761185192782586e-05 0.0010532463127579895 0.0014394760990519213
552 4416 0.1346522658158596 0.0014091119288715229 5.375936282719986e-07 5.375936282719986e-07 9.125971970486076e-05 0.0009868522814542216 0.0014091119288715229
553 4424 0.14945618620165507 0.0014695903869750711 5.387845984992052e-07 5.387845984992052e-07 8.849679494092952e-05 0.0011056356123469852 0.0014695903869750711
554 4432 0.17244632548145825 0.0013929590234759768 5.141637418108902e-07 5.141637418108902e-07 8.544634840177963e-05 0.0012097695165491167 0.0013929590234759768
555 4440 0.17729573841674437 0.0017275212603293565 4.868411687721362e-07 4.868411687721362e-07 8.600689254904718e-05 0.0012218800108361868 0.0017275212603293565
556 4448 0.16638305960890465 0.0018036515127167936 4.958639795221839e-07 4.958639795221839e-07 8.141871165538069e-05 0.0011902487459699085 0.0018036515127167936
557 4456 0.16990753042780796 0.001942556627216525 4.683219182241274e-07 4.683219182241274e-07 7.95788497314316e-05 0.0011311757098530124 0.001942556627216525
558 4464 0.21849603145624205 0.0020178972407235854 4.957953737075137e-07 4.957953737075137e-07 7.43467034162929e-05 0.0010304877370813919 0.0020178972407235854
559 4472 0.2277184441946166 0.0026924588388967446 4.737629405917388e-07 4.737629405917388e-07 7.093099478167883e-05 0.0010376148975900473 0.0026924588388967446
560 4480 0.23608209057086152 0.002870493806158326 4.5041430445852685e-07 4.5041430445852685e-07 6.885631539333853e-05 0.000984057507246889 0.002870493806158326
561 4488 0.23501281448121014 0.00287450429865462 4.2629633075152e-07 4.2629633075152e-07 6.906589447768333e-05 0.00099137697101057 0.00287450429865462
562 4496 0.30693559967169537 0.0025980038811415735 4.0628932947969966e-07 4.0628932947969966e-07 7.428313836329632e-05 0.0009538366207306401 0.0025980038811415735
563 4504 0.3867032362115368 0.0030856529563785605 4.1728508314799837e-07 4.1728508314799837e-07 7.122509337148246e-05 0.0009125181462908483 0.0030856529563785605
564 4512 0.35828864183195064 0.003198573650030684 4.173120429757417e-07 4.173120429757417e-07 6.554408550339517e-05 0.0008566327483498034 0.003198573650030684
565 4520 0.44245419383629836 0.003189200853657442 3.753575891745643e-07 3.753575891745643e-07 6.596745407525073e-05 0.0008612987407098546 0.003189200853657442
566 4528 0.49850933834585603 0.0031182867579608777 3.9545480486752767e-07 3.9545480486752767e-07 7.357098500922867e-05 0.0008604153647144862 0.0031182867579608777
567 4536 0.490364054125873 0.0031712775828278516 3.870167579332384e-07 3.870167579332384e-07 7.460735859623125e-05 0.0008095639379438088 0.0031712775828278516
568 4544 0.4812435366144 0.0029712660729691357 3.819885606160977e-07 3.819885606160977e-07 7.429709016249776e-05 0.0007574357298549916 0.0029712660729691357
569 4552 0.44203011224435956 0.003011757164315169 3.8448268964356015e-07 3.8448268964356015e-07 6.657216344312703e-05 0.0007480811628697315 0.003011757164315169
570 4560 0.380792291849333 0.002917875544289247 3.899566355413004e-07 3.899566355413004e-07 6.111165948348347e-05 0.0007203282006737778 0.002917875544289247
571 4568 0.4044810433587414 0.0028162287192793007 3.907871671186029e-07 3.907871671186029e-07 5.576216197099801e-05 0.0007041812738223718 0.0028162287192793007
572 4576 0.3368101009777649 0.0027363632938475786 4.311259117182782e-07 4.311259117182782e-07 5.945494144040161e-05 0.0006112104683235476 0.0027363632938475786
573 4584 0.33635422968522505 0.0027391965699027922 4.0674131893108357e-07 4.0674131893108357e-07 5.6777098994716066e-05 0.0005639990997091666 0.0027391965699027922
574 4592 0.3250031960969999 0.0027149917967279023 4.3163277079252214e-07 4.3163277079252214e-07 5.506381186416854e-05 0.0005484507063272563 0.0027149917967279023
575 4600 0.3678975241853429 0.002597987915797752 4.08266327556609e-07 4.08266327556609e-07 5.26397954440004e-05 0.0005564916976845736 0.002597987915797752
576 4608 0.3834727424017922 0.0026273150690890737 3.9467809059626746e-07 3.9467809059626746e-07 4.9440984827434054e-05 0.0006658795416324951 0.0026273150690890737
577 4616 0.4281767155043344 0.002759327957953513 3.931167083600711e-07 3.931167083600711e-07 4.7226276531679904e-05 0.0006323184080064534 0.002759327957953513
578 4624 0.4218433177631496 0.0027496782977576655 4.020956941795036e-07 4.020956941795036e-07 4.777401851748257e-05 0.0006793813518878383 0.0027496782977576655
579 4632 0.42181150432868564 0.0030991254755317567 3.9989885936523147e-07 3.9989885936523147e-07 4.67807093100757e-05 0.0005326990976370844 0.0030991254755317567
580 4640 0.4191125486569163 0.003281919711804848 3.7565814107304494e-07 3.7565814107304494e-07 4.279551508211472e-05 0.000498949008150214 0.003281919711804848
581 4648 0.3903412475827599 0.0034126852703831104 3.859911091006896e-07 3.859911091006896e-07 4.4210105711801046e-05 0.000424381552784778 0.0034126852703831104
582 4656 0.3720176327613899 0.0036077445617483887 3.7484090517971624e-07 3.7484090517971624e-07 4.1832211390606105e-05 0.0003822696575534254 0.0036077445617483887
583 4664 0.352430150142409 0.0031283177223083865 3.519602384787087e-07 3.519602384787087e-07 4.4925111078608484e-05 0.0003911055419348516 0.0031283177223083865
584 4672 0.3552053910100832 0.00325065327293964 3.496096518987102e-07 3.496096518987102e-07 4.091873595888002e-05 0.0003897751341706972 0.00325065327293964
585 4680 0.3528425324006621 0.0035362489945966417 3.267650005593318e-07 3.267650005593318e-07 4.1293603150029134e-05 0.0003613615411735173 0.0035362489945966417
