% # columns="iteration, evaluation, min max(neg(.)) min(pos(.)) max correlation, correlation matrix principal axes lengths  (sorted square roots of eigenvalues of correlation matrix)", seed=716838, Mon Apr 11 03:56:09 2022
1 8 -0.01979669573140433 -0.002309922509462344 0.10529793162223242 0.14453233884851902 0.9109543757418908 0.9657813177654904 1.009859392783644 1.1034548374892852
2 16 -0.01979669573140433 -0.002309922509462344 0.10529793162223242 0.14453233884851902 0.9109543757418908 0.9657813177654904 1.009859392783644 1.1034548374892852
3 24 -0.01979669573140433 -0.002309922509462344 0.10529793162223242 0.14453233884851902 0.9109543757418908 0.9657813177654904 1.009859392783644 1.1034548374892852
4 32 -0.01979669573140433 -0.002309922509462344 0.10529793162223242 0.14453233884851902 0.9109543757418908 0.9657813177654904 1.009859392783644 1.1034548374892852
5 40 -0.30054027492224417 -0.09437558196637655 0.2318895604214094 0.42994830792762384 0.5814949255871842 0.9109341307163218 1.1786633996045792 1.2011724486704771
6 48 -0.30054027492224417 -0.09437558196637655 0.2318895604214094 0.42994830792762384 0.5814949255871842 0.9109341307163218 1.1786633996045792 1.2011724486704771
7 56 -0.30054027492224417 -0.09437558196637655 0.2318895604214094 0.42994830792762384 0.5814949255871842 0.9109341307163218 1.1786633996045792 1.2011724486704771
8 64 -0.30054027492224417 -0.09437558196637655 0.2318895604214094 0.42994830792762384 0.5814949255871842 0.9109341307163218 1.1786633996045792 1.2011724486704771
9 72 -0.3777694428814884 -0.30166874053557113 0.35365787332772924 0.5553471318002815 0.6116687128572038 0.7503099092112254 1.0648861814427648 1.38885342870416
10 80 -0.3777694428814884 -0.30166874053557113 0.35365787332772924 0.5553471318002815 0.6116687128572038 0.7503099092112254 1.0648861814427648 1.38885342870416
11 88 -0.3777694428814884 -0.30166874053557113 0.35365787332772924 0.5553471318002815 0.6116687128572038 0.7503099092112254 1.0648861814427648 1.38885342870416
12 96 -0.3777694428814884 -0.30166874053557113 0.35365787332772924 0.5553471318002815 0.6116687128572038 0.7503099092112254 1.0648861814427648 1.38885342870416
13 104 -0.2338477019915153 -0.20608945613882823 0.5244861581519699 0.619407856996703 0.5168015948704846 0.6165270806974809 1.226827966094976 1.3593026196963023
14 112 -0.2338477019915153 -0.20608945613882823 0.5244861581519699 0.619407856996703 0.5168015948704846 0.6165270806974809 1.226827966094976 1.3593026196963023
15 120 -0.2338477019915153 -0.20608945613882823 0.5244861581519699 0.619407856996703 0.5168015948704846 0.6165270806974809 1.226827966094976 1.3593026196963023
16 128 -0.2338477019915153 -0.20608945613882823 0.5244861581519699 0.619407856996703 0.5168015948704846 0.6165270806974809 1.226827966094976 1.3593026196963023
17 136 -0.3977714798200513 -0.2915473657418746 0.4185603117944845 0.6083017058879445 0.5419479426081585 0.6164889631908101 1.1940975476647782 1.3785372074875841
18 144 -0.3977714798200513 -0.2915473657418746 0.4185603117944845 0.6083017058879445 0.5419479426081585 0.6164889631908101 1.1940975476647782 1.3785372074875841
19 152 -0.3977714798200513 -0.2915473657418746 0.4185603117944845 0.6083017058879445 0.5419479426081585 0.6164889631908101 1.1940975476647782 1.3785372074875841
20 160 -0.3977714798200513 -0.2915473657418746 0.4185603117944845 0.6083017058879445 0.5419479426081585 0.6164889631908101 1.1940975476647782 1.3785372074875841
21 168 -0.4322211760531631 -0.3199847136673322 0.5994018949411675 0.7127438863532325 0.4627161494141868 0.5859197708184956 1.0934439167433523 1.4989903896197159
22 176 -0.4322211760531631 -0.3199847136673322 0.5994018949411675 0.7127438863532325 0.4627161494141868 0.5859197708184956 1.0934439167433523 1.4989903896197159
23 184 -0.4322211760531631 -0.3199847136673322 0.5994018949411675 0.7127438863532325 0.4627161494141868 0.5859197708184956 1.0934439167433523 1.4989903896197159
24 192 -0.4322211760531631 -0.3199847136673322 0.5994018949411675 0.7127438863532325 0.4627161494141868 0.5859197708184956 1.0934439167433523 1.4989903896197159
25 200 -0.6529121100637929 -0.5294792375589157 0.378905838005548 0.8327052189649747 0.386824696397916 0.5358306159636906 1.0691517638135655 1.5556885006925303
26 208 -0.6529121100637929 -0.5294792375589157 0.378905838005548 0.8327052189649747 0.386824696397916 0.5358306159636906 1.0691517638135655 1.5556885006925303
27 216 -0.6529121100637929 -0.5294792375589157 0.378905838005548 0.8327052189649747 0.386824696397916 0.5358306159636906 1.0691517638135655 1.5556885006925303
28 224 -0.6529121100637929 -0.5294792375589157 0.378905838005548 0.8327052189649747 0.386824696397916 0.5358306159636906 1.0691517638135655 1.5556885006925303
29 232 -0.713038078981407 -0.6438112256999786 0.5528925135097353 0.8642449636276339 0.34642646058880006 0.43845026660629066 1.0364006369230252 1.6166705882468255
30 240 -0.713038078981407 -0.6438112256999786 0.5528925135097353 0.8642449636276339 0.34642646058880006 0.43845026660629066 1.0364006369230252 1.6166705882468255
31 248 -0.713038078981407 -0.6438112256999786 0.5528925135097353 0.8642449636276339 0.34642646058880006 0.43845026660629066 1.0364006369230252 1.6166705882468255
32 256 -0.713038078981407 -0.6438112256999786 0.5528925135097353 0.8642449636276339 0.34642646058880006 0.43845026660629066 1.0364006369230252 1.6166705882468255
33 264 -0.7944137995363466 -0.7519516515053479 0.5050013886332252 0.8696060920338955 0.3280356577492848 0.39518545111776054 0.996091531371566 1.6565091993706813
34 272 -0.7944137995363466 -0.7519516515053479 0.5050013886332252 0.8696060920338955 0.3280356577492848 0.39518545111776054 0.996091531371566 1.6565091993706813
35 280 -0.7944137995363466 -0.7519516515053479 0.5050013886332252 0.8696060920338955 0.3280356577492848 0.39518545111776054 0.996091531371566 1.6565091993706813
36 288 -0.7944137995363466 -0.7519516515053479 0.5050013886332252 0.8696060920338955 0.3280356577492848 0.39518545111776054 0.996091531371566 1.6565091993706813
37 296 -0.7753687244861147 -0.6742429680878659 0.23696179295665815 0.8189312487623129 0.381299303392035 0.48148750213076646 1.0530065021232289 1.5855465723247701
38 304 -0.7753687244861147 -0.6742429680878659 0.23696179295665815 0.8189312487623129 0.381299303392035 0.48148750213076646 1.0530065021232289 1.5855465723247701
39 312 -0.7753687244861147 -0.6742429680878659 0.23696179295665815 0.8189312487623129 0.381299303392035 0.48148750213076646 1.0530065021232289 1.5855465723247701
40 320 -0.7753687244861147 -0.6742429680878659 0.23696179295665815 0.8189312487623129 0.381299303392035 0.48148750213076646 1.0530065021232289 1.5855465723247701
41 328 -0.6918429396683505 -0.6230497797095805 0.24091354801565817 0.782213045768243 0.44330748758665217 0.49972382642916574 1.0719941340524255 1.5506718367552152
42 336 -0.6918429396683505 -0.6230497797095805 0.24091354801565817 0.782213045768243 0.44330748758665217 0.49972382642916574 1.0719941340524255 1.5506718367552152
43 344 -0.6918429396683505 -0.6230497797095805 0.24091354801565817 0.782213045768243 0.44330748758665217 0.49972382642916574 1.0719941340524255 1.5506718367552152
44 352 -0.6918429396683505 -0.6230497797095805 0.24091354801565817 0.782213045768243 0.44330748758665217 0.49972382642916574 1.0719941340524255 1.5506718367552152
45 360 -0.7923020989560547 -0.5834358238989172 0.4519842987658225 0.7610709059125901 0.3814892026225687 0.43923200403664947 1.086244203439792 1.5753141799037411
46 368 -0.7923020989560547 -0.5834358238989172 0.4519842987658225 0.7610709059125901 0.3814892026225687 0.43923200403664947 1.086244203439792 1.5753141799037411
47 376 -0.7923020989560547 -0.5834358238989172 0.4519842987658225 0.7610709059125901 0.3814892026225687 0.43923200403664947 1.086244203439792 1.5753141799037411
48 384 -0.7923020989560547 -0.5834358238989172 0.4519842987658225 0.7610709059125901 0.3814892026225687 0.43923200403664947 1.086244203439792 1.5753141799037411
49 392 -0.7293153305635349 -0.46226811294131903 0.635404626111297 0.7734562638175333 0.3760521521077018 0.47017194835555287 1.0373730596945847 1.6004312709062531
50 400 -0.7293153305635349 -0.46226811294131903 0.635404626111297 0.7734562638175333 0.3760521521077018 0.47017194835555287 1.0373730596945847 1.6004312709062531
51 408 -0.7293153305635349 -0.46226811294131903 0.635404626111297 0.7734562638175333 0.3760521521077018 0.47017194835555287 1.0373730596945847 1.6004312709062531
52 416 -0.7293153305635349 -0.46226811294131903 0.635404626111297 0.7734562638175333 0.3760521521077018 0.47017194835555287 1.0373730596945847 1.6004312709062531
53 424 -0.769975998755654 -0.274738468997364 0.5859035103227175 0.7291902188557425 0.24910167562900354 0.3681046998162715 1.2592128090733312 1.4889024100449455
54 432 -0.769975998755654 -0.274738468997364 0.5859035103227175 0.7291902188557425 0.24910167562900354 0.3681046998162715 1.2592128090733312 1.4889024100449455
55 440 -0.769975998755654 -0.274738468997364 0.5859035103227175 0.7291902188557425 0.24910167562900354 0.3681046998162715 1.2592128090733312 1.4889024100449455
56 448 -0.769975998755654 -0.274738468997364 0.5859035103227175 0.7291902188557425 0.24910167562900354 0.3681046998162715 1.2592128090733312 1.4889024100449455
57 456 -0.7761042470602171 -0.36964076514398325 0.6346147822942254 0.8082249130922063 0.22083631024980863 0.4106010897936957 1.1516127864672396 1.5672989693037636
58 464 -0.7761042470602171 -0.36964076514398325 0.6346147822942254 0.8082249130922063 0.22083631024980863 0.4106010897936957 1.1516127864672396 1.5672989693037636
59 472 -0.7761042470602171 -0.36964076514398325 0.6346147822942254 0.8082249130922063 0.22083631024980863 0.4106010897936957 1.1516127864672396 1.5672989693037636
60 480 -0.7761042470602171 -0.36964076514398325 0.6346147822942254 0.8082249130922063 0.22083631024980863 0.4106010897936957 1.1516127864672396 1.5672989693037636
61 488 -0.5852056010805018 -0.10849769558631642 0.6489299243328237 0.7903034905729984 0.25780643173596557 0.42568539056011057 1.2377423862301893 1.4900743529597613
62 496 -0.5852056010805018 -0.10849769558631642 0.6489299243328237 0.7903034905729984 0.25780643173596557 0.42568539056011057 1.2377423862301893 1.4900743529597613
63 504 -0.5852056010805018 -0.10849769558631642 0.6489299243328237 0.7903034905729984 0.25780643173596557 0.42568539056011057 1.2377423862301893 1.4900743529597613
64 512 -0.5852056010805018 -0.10849769558631642 0.6489299243328237 0.7903034905729984 0.25780643173596557 0.42568539056011057 1.2377423862301893 1.4900743529597613
65 520 -0.6576133036015719 0.0195095666414234 0.7035490827643273 0.7293946380845973 0.1561895746260826 0.41994436689225256 1.2890903704364005 1.4620183180595694
66 528 -0.6576133036015719 0.0195095666414234 0.7035490827643273 0.7293946380845973 0.1561895746260826 0.41994436689225256 1.2890903704364005 1.4620183180595694
67 536 -0.6576133036015719 0.0195095666414234 0.7035490827643273 0.7293946380845973 0.1561895746260826 0.41994436689225256 1.2890903704364005 1.4620183180595694
68 544 -0.6576133036015719 0.0195095666414234 0.7035490827643273 0.7293946380845973 0.1561895746260826 0.41994436689225256 1.2890903704364005 1.4620183180595694
69 552 -0.6463784668774848 -0.011270565414730174 0.7208827468905643 0.7354540286051402 0.15118850944808737 0.5361303669435041 1.1825670321602662 1.5136847355706373
70 560 -0.6463784668774848 -0.011270565414730174 0.7208827468905643 0.7354540286051402 0.15118850944808737 0.5361303669435041 1.1825670321602662 1.5136847355706373
71 568 -0.6463784668774848 -0.011270565414730174 0.7208827468905643 0.7354540286051402 0.15118850944808737 0.5361303669435041 1.1825670321602662 1.5136847355706373
72 576 -0.6463784668774848 -0.011270565414730174 0.7208827468905643 0.7354540286051402 0.15118850944808737 0.5361303669435041 1.1825670321602662 1.5136847355706373
73 584 -0.6195205562692094 -0.12802709700668113 0.7782984527391512 0.8025446383202488 0.20383898176668835 0.48289982923635805 1.1033620505744592 1.5836191492236824
74 592 -0.6195205562692094 -0.12802709700668113 0.7782984527391512 0.8025446383202488 0.20383898176668835 0.48289982923635805 1.1033620505744592 1.5836191492236824
75 600 -0.6195205562692094 -0.12802709700668113 0.7782984527391512 0.8025446383202488 0.20383898176668835 0.48289982923635805 1.1033620505744592 1.5836191492236824
76 608 -0.6195205562692094 -0.12802709700668113 0.7782984527391512 0.8025446383202488 0.20383898176668835 0.48289982923635805 1.1033620505744592 1.5836191492236824
77 616 -0.5861776850038491 -0.026141607150321558 0.7672957798200075 0.8294444843135909 0.21649005585199438 0.3605903489660929 1.1794233874556814 1.5595086178255881
78 624 -0.5861776850038491 -0.026141607150321558 0.7672957798200075 0.8294444843135909 0.21649005585199438 0.3605903489660929 1.1794233874556814 1.5595086178255881
79 632 -0.5861776850038491 -0.026141607150321558 0.7672957798200075 0.8294444843135909 0.21649005585199438 0.3605903489660929 1.1794233874556814 1.5595086178255881
80 640 -0.5861776850038491 -0.026141607150321558 0.7672957798200075 0.8294444843135909 0.21649005585199438 0.3605903489660929 1.1794233874556814 1.5595086178255881
81 648 -0.7583876087581026 -0.37059558039186535 0.7507249754870335 0.8450312815814982 0.17946799123523857 0.4142356957296804 1.0447278298733778 1.6446105283602555
82 656 -0.7583876087581026 -0.37059558039186535 0.7507249754870335 0.8450312815814982 0.17946799123523857 0.4142356957296804 1.0447278298733778 1.6446105283602555
83 664 -0.7583876087581026 -0.37059558039186535 0.7507249754870335 0.8450312815814982 0.17946799123523857 0.4142356957296804 1.0447278298733778 1.6446105283602555
84 672 -0.7583876087581026 -0.37059558039186535 0.7507249754870335 0.8450312815814982 0.17946799123523857 0.4142356957296804 1.0447278298733778 1.6446105283602555
85 680 -0.8576429031732199 -0.5731961276819995 0.8529076687177028 0.886791514552951 0.13783486549309096 0.37571339324445346 0.7904205831089224 1.7930633836507268
86 688 -0.8576429031732199 -0.5731961276819995 0.8529076687177028 0.886791514552951 0.13783486549309096 0.37571339324445346 0.7904205831089224 1.7930633836507268
87 696 -0.8576429031732199 -0.5731961276819995 0.8529076687177028 0.886791514552951 0.13783486549309096 0.37571339324445346 0.7904205831089224 1.7930633836507268
88 704 -0.8576429031732199 -0.5731961276819995 0.8529076687177028 0.886791514552951 0.13783486549309096 0.37571339324445346 0.7904205831089224 1.7930633836507268
89 712 -0.8447566504337961 -0.4551011456471151 0.7751764939386143 0.8047808219438537 0.18066502500757314 0.44729746100096246 0.9147595980404378 1.7118703245029985
90 720 -0.8447566504337961 -0.4551011456471151 0.7751764939386143 0.8047808219438537 0.18066502500757314 0.44729746100096246 0.9147595980404378 1.7118703245029985
91 728 -0.8447566504337961 -0.4551011456471151 0.7751764939386143 0.8047808219438537 0.18066502500757314 0.44729746100096246 0.9147595980404378 1.7118703245029985
92 736 -0.8447566504337961 -0.4551011456471151 0.7751764939386143 0.8047808219438537 0.18066502500757314 0.44729746100096246 0.9147595980404378 1.7118703245029985
93 744 -0.8583356842430431 -0.61687003601971 0.8169310244230663 0.9006642936964897 0.15511415907449505 0.3372080514806837 0.8597288768643762 1.7672285041716396
94 752 -0.8583356842430431 -0.61687003601971 0.8169310244230663 0.9006642936964897 0.15511415907449505 0.3372080514806837 0.8597288768643762 1.7672285041716396
95 760 -0.8583356842430431 -0.61687003601971 0.8169310244230663 0.9006642936964897 0.15511415907449505 0.3372080514806837 0.8597288768643762 1.7672285041716396
96 768 -0.8583356842430431 -0.61687003601971 0.8169310244230663 0.9006642936964897 0.15511415907449505 0.3372080514806837 0.8597288768643762 1.7672285041716396
97 776 -0.7835455983720286 -0.4918114593386971 0.8422230657145213 0.8999452257547189 0.14361791593715403 0.31892175120487226 0.9375516805697208 1.7316638406720801
98 784 -0.7835455983720286 -0.4918114593386971 0.8422230657145213 0.8999452257547189 0.14361791593715403 0.31892175120487226 0.9375516805697208 1.7316638406720801
99 792 -0.7835455983720286 -0.4918114593386971 0.8422230657145213 0.8999452257547189 0.14361791593715403 0.31892175120487226 0.9375516805697208 1.7316638406720801
100 800 -0.7835455983720286 -0.4918114593386971 0.8422230657145213 0.8999452257547189 0.14361791593715403 0.31892175120487226 0.9375516805697208 1.7316638406720801
101 808 -0.6773322138760125 -0.32011489015833683 0.7700620642284701 0.879688771167159 0.1714021351530352 0.373198377758891 1.083981385762911 1.6298247250004005
102 816 -0.6773322138760125 -0.32011489015833683 0.7700620642284701 0.879688771167159 0.1714021351530352 0.373198377758891 1.083981385762911 1.6298247250004005
103 824 -0.6773322138760125 -0.32011489015833683 0.7700620642284701 0.879688771167159 0.1714021351530352 0.373198377758891 1.083981385762911 1.6298247250004005
104 832 -0.6773322138760125 -0.32011489015833683 0.7700620642284701 0.879688771167159 0.1714021351530352 0.373198377758891 1.083981385762911 1.6298247250004005
105 840 -0.5999624246508282 -0.3020954815934203 0.8393370355204139 0.9200055418891863 0.14605209025139138 0.32330512337221234 1.0522446318116254 1.663407291963726
106 848 -0.5999624246508282 -0.3020954815934203 0.8393370355204139 0.9200055418891863 0.14605209025139138 0.32330512337221234 1.0522446318116254 1.663407291963726
107 856 -0.5999624246508282 -0.3020954815934203 0.8393370355204139 0.9200055418891863 0.14605209025139138 0.32330512337221234 1.0522446318116254 1.663407291963726
108 864 -0.5999624246508282 -0.3020954815934203 0.8393370355204139 0.9200055418891863 0.14605209025139138 0.32330512337221234 1.0522446318116254 1.663407291963726
109 872 -0.5242438935371254 -0.2809071939654407 0.6707340318478564 0.9230718479665574 0.19802175450523488 0.38975119438792827 1.1469385852324891 1.579054550330909
110 880 -0.5242438935371254 -0.2809071939654407 0.6707340318478564 0.9230718479665574 0.19802175450523488 0.38975119438792827 1.1469385852324891 1.579054550330909
111 888 -0.5242438935371254 -0.2809071939654407 0.6707340318478564 0.9230718479665574 0.19802175450523488 0.38975119438792827 1.1469385852324891 1.579054550330909
112 896 -0.5242438935371254 -0.2809071939654407 0.6707340318478564 0.9230718479665574 0.19802175450523488 0.38975119438792827 1.1469385852324891 1.579054550330909
113 904 -0.5783133256736379 -0.17909084028781355 0.5748675732630699 0.8464914510013941 0.21873646646868025 0.5081949406914248 1.2564219230432863 1.4544057933701464
114 912 -0.5783133256736379 -0.17909084028781355 0.5748675732630699 0.8464914510013941 0.21873646646868025 0.5081949406914248 1.2564219230432863 1.4544057933701464
115 920 -0.5783133256736379 -0.17909084028781355 0.5748675732630699 0.8464914510013941 0.21873646646868025 0.5081949406914248 1.2564219230432863 1.4544057933701464
116 928 -0.5783133256736379 -0.17909084028781355 0.5748675732630699 0.8464914510013941 0.21873646646868025 0.5081949406914248 1.2564219230432863 1.4544057933701464
117 936 -0.44724154626024765 -0.11099691527292713 0.7070102076943315 0.7665748328870361 0.2642974914442025 0.5499755258889827 1.297992904202116 1.3938752374514716
118 944 -0.44724154626024765 -0.11099691527292713 0.7070102076943315 0.7665748328870361 0.2642974914442025 0.5499755258889827 1.297992904202116 1.3938752374514716
119 952 -0.44724154626024765 -0.11099691527292713 0.7070102076943315 0.7665748328870361 0.2642974914442025 0.5499755258889827 1.297992904202116 1.3938752374514716
120 960 -0.44724154626024765 -0.11099691527292713 0.7070102076943315 0.7665748328870361 0.2642974914442025 0.5499755258889827 1.297992904202116 1.3938752374514716
121 968 -0.3226124699367696 -0.14399858029281354 0.774354019680755 0.8310256813590007 0.24472307190937231 0.4934013077039578 1.3255424722974665 1.3926962776451959
122 976 -0.3226124699367696 -0.14399858029281354 0.774354019680755 0.8310256813590007 0.24472307190937231 0.4934013077039578 1.3255424722974665 1.3926962776451959
123 984 -0.3226124699367696 -0.14399858029281354 0.774354019680755 0.8310256813590007 0.24472307190937231 0.4934013077039578 1.3255424722974665 1.3926962776451959
124 992 -0.3226124699367696 -0.14399858029281354 0.774354019680755 0.8310256813590007 0.24472307190937231 0.4934013077039578 1.3255424722974665 1.3926962776451959
125 1000 -0.178211684719294 -0.02703102905810199 0.8032643142584531 0.8106036159872211 0.30725320942050816 0.45395338715733713 1.3003731350549308 1.4172337482633517
126 1008 -0.178211684719294 -0.02703102905810199 0.8032643142584531 0.8106036159872211 0.30725320942050816 0.45395338715733713 1.3003731350549308 1.4172337482633517
127 1016 -0.178211684719294 -0.02703102905810199 0.8032643142584531 0.8106036159872211 0.30725320942050816 0.45395338715733713 1.3003731350549308 1.4172337482633517
128 1024 -0.178211684719294 -0.02703102905810199 0.8032643142584531 0.8106036159872211 0.30725320942050816 0.45395338715733713 1.3003731350549308 1.4172337482633517
129 1032 -0.07982987728213867 -0.0582461807665626 0.6621327682743212 0.8022114614777796 0.2630237546581404 0.5879491162431801 1.2291474228683357 1.4402537811269673
130 1040 -0.07982987728213867 -0.0582461807665626 0.6621327682743212 0.8022114614777796 0.2630237546581404 0.5879491162431801 1.2291474228683357 1.4402537811269673
131 1048 -0.07982987728213867 -0.0582461807665626 0.6621327682743212 0.8022114614777796 0.2630237546581404 0.5879491162431801 1.2291474228683357 1.4402537811269673
132 1056 -0.07982987728213867 -0.0582461807665626 0.6621327682743212 0.8022114614777796 0.2630237546581404 0.5879491162431801 1.2291474228683357 1.4402537811269673
133 1064 -0.10116417585966081 0.07617986978811156 0.6655106722868711 0.7489876804375053 0.28398595386081776 0.5828675603547201 1.1683654334851368 1.4881329238119114
134 1072 -0.10116417585966081 0.07617986978811156 0.6655106722868711 0.7489876804375053 0.28398595386081776 0.5828675603547201 1.1683654334851368 1.4881329238119114
135 1080 -0.10116417585966081 0.07617986978811156 0.6655106722868711 0.7489876804375053 0.28398595386081776 0.5828675603547201 1.1683654334851368 1.4881329238119114
136 1088 -0.10116417585966081 0.07617986978811156 0.6655106722868711 0.7489876804375053 0.28398595386081776 0.5828675603547201 1.1683654334851368 1.4881329238119114
137 1096 -0.07885713906986874 -0.051389297836083606 0.6545505164778211 0.673788756762055 0.33479694294192663 0.6040872136398321 1.1748398371922402 1.4638104393191471
138 1104 -0.07885713906986874 -0.051389297836083606 0.6545505164778211 0.673788756762055 0.33479694294192663 0.6040872136398321 1.1748398371922402 1.4638104393191471
139 1112 -0.07885713906986874 -0.051389297836083606 0.6545505164778211 0.673788756762055 0.33479694294192663 0.6040872136398321 1.1748398371922402 1.4638104393191471
140 1120 -0.07885713906986874 -0.051389297836083606 0.6545505164778211 0.673788756762055 0.33479694294192663 0.6040872136398321 1.1748398371922402 1.4638104393191471
141 1128 -0.16759055433068054 -0.11439641274067602 0.6655741305862839 0.8222184813875333 0.3202392875310905 0.5112297320546748 1.1262594447061602 1.5387107015274368
142 1136 -0.16759055433068054 -0.11439641274067602 0.6655741305862839 0.8222184813875333 0.3202392875310905 0.5112297320546748 1.1262594447061602 1.5387107015274368
143 1144 -0.16759055433068054 -0.11439641274067602 0.6655741305862839 0.8222184813875333 0.3202392875310905 0.5112297320546748 1.1262594447061602 1.5387107015274368
144 1152 -0.16759055433068054 -0.11439641274067602 0.6655741305862839 0.8222184813875333 0.3202392875310905 0.5112297320546748 1.1262594447061602 1.5387107015274368
145 1160 -0.29660372866939455 -0.20886246855306065 0.750970538514868 0.7694238513651901 0.25764217705558395 0.529688670400818 1.1288892668628947 1.5422903242297896
146 1168 -0.29660372866939455 -0.20886246855306065 0.750970538514868 0.7694238513651901 0.25764217705558395 0.529688670400818 1.1288892668628947 1.5422903242297896
147 1176 -0.29660372866939455 -0.20886246855306065 0.750970538514868 0.7694238513651901 0.25764217705558395 0.529688670400818 1.1288892668628947 1.5422903242297896
148 1184 -0.29660372866939455 -0.20886246855306065 0.750970538514868 0.7694238513651901 0.25764217705558395 0.529688670400818 1.1288892668628947 1.5422903242297896
149 1192 -0.5529672990483856 -0.5109723865933067 0.6027536019709532 0.7216353553251257 0.2713160865832369 0.5500559056251562 1.1321455646173528 1.530383122739303
150 1200 -0.5529672990483856 -0.5109723865933067 0.6027536019709532 0.7216353553251257 0.2713160865832369 0.5500559056251562 1.1321455646173528 1.530383122739303
151 1208 -0.5529672990483856 -0.5109723865933067 0.6027536019709532 0.7216353553251257 0.2713160865832369 0.5500559056251562 1.1321455646173528 1.530383122739303
152 1216 -0.5529672990483856 -0.5109723865933067 0.6027536019709532 0.7216353553251257 0.2713160865832369 0.5500559056251562 1.1321455646173528 1.530383122739303
153 1224 -0.7124239558845371 -0.46842090302786193 0.6851360075211208 0.7010737129337834 0.24860540199746756 0.4572660505718868 1.1565420184152393 1.5464519626331978
154 1232 -0.7124239558845371 -0.46842090302786193 0.6851360075211208 0.7010737129337834 0.24860540199746756 0.4572660505718868 1.1565420184152393 1.5464519626331978
155 1240 -0.7124239558845371 -0.46842090302786193 0.6851360075211208 0.7010737129337834 0.24860540199746756 0.4572660505718868 1.1565420184152393 1.5464519626331978
156 1248 -0.7124239558845371 -0.46842090302786193 0.6851360075211208 0.7010737129337834 0.24860540199746756 0.4572660505718868 1.1565420184152393 1.5464519626331978
157 1256 -0.653031928299224 -0.44772515223111153 0.6544489514542071 0.7243972860566991 0.23767167315136087 0.48276187767732276 1.1745272237064879 1.5267412832615839
158 1264 -0.653031928299224 -0.44772515223111153 0.6544489514542071 0.7243972860566991 0.23767167315136087 0.48276187767732276 1.1745272237064879 1.5267412832615839
159 1272 -0.653031928299224 -0.44772515223111153 0.6544489514542071 0.7243972860566991 0.23767167315136087 0.48276187767732276 1.1745272237064879 1.5267412832615839
160 1280 -0.653031928299224 -0.44772515223111153 0.6544489514542071 0.7243972860566991 0.23767167315136087 0.48276187767732276 1.1745272237064879 1.5267412832615839
161 1288 -0.6242065993889738 -0.5705901095506564 0.8041042759241397 0.8345180041742575 0.1802551392385203 0.5060895183820522 0.9393708432681078 1.6819524080602544
162 1296 -0.6242065993889738 -0.5705901095506564 0.8041042759241397 0.8345180041742575 0.1802551392385203 0.5060895183820522 0.9393708432681078 1.6819524080602544
163 1304 -0.6242065993889738 -0.5705901095506564 0.8041042759241397 0.8345180041742575 0.1802551392385203 0.5060895183820522 0.9393708432681078 1.6819524080602544
164 1312 -0.6242065993889738 -0.5705901095506564 0.8041042759241397 0.8345180041742575 0.1802551392385203 0.5060895183820522 0.9393708432681078 1.6819524080602544
165 1320 -0.5969020410879629 -0.5893828151366984 0.7955201882727561 0.8880029340877985 0.16119749977825118 0.3938234654317261 0.9783604120486163 1.6916646677981566
166 1328 -0.5969020410879629 -0.5893828151366984 0.7955201882727561 0.8880029340877985 0.16119749977825118 0.3938234654317261 0.9783604120486163 1.6916646677981566
167 1336 -0.5969020410879629 -0.5893828151366984 0.7955201882727561 0.8880029340877985 0.16119749977825118 0.3938234654317261 0.9783604120486163 1.6916646677981566
168 1344 -0.5969020410879629 -0.5893828151366984 0.7955201882727561 0.8880029340877985 0.16119749977825118 0.3938234654317261 0.9783604120486163 1.6916646677981566
169 1352 -0.7384726829341546 -0.53739914471492 0.7691808128736677 0.8661518523320877 0.13599065755792306 0.44413962220792774 0.9093437940482617 1.7196919495269716
170 1360 -0.7384726829341546 -0.53739914471492 0.7691808128736677 0.8661518523320877 0.13599065755792306 0.44413962220792774 0.9093437940482617 1.7196919495269716
171 1368 -0.7384726829341546 -0.53739914471492 0.7691808128736677 0.8661518523320877 0.13599065755792306 0.44413962220792774 0.9093437940482617 1.7196919495269716
172 1376 -0.7384726829341546 -0.53739914471492 0.7691808128736677 0.8661518523320877 0.13599065755792306 0.44413962220792774 0.9093437940482617 1.7196919495269716
173 1384 -0.6869458583292017 -0.5095206370365275 0.8299787936154912 0.885781840892949 0.16027885648600795 0.42399191359423033 0.8840147099248459 1.7358166775344477
174 1392 -0.6869458583292017 -0.5095206370365275 0.8299787936154912 0.885781840892949 0.16027885648600795 0.42399191359423033 0.8840147099248459 1.7358166775344477
175 1400 -0.6869458583292017 -0.5095206370365275 0.8299787936154912 0.885781840892949 0.16027885648600795 0.42399191359423033 0.8840147099248459 1.7358166775344477
176 1408 -0.6869458583292017 -0.5095206370365275 0.8299787936154912 0.885781840892949 0.16027885648600795 0.42399191359423033 0.8840147099248459 1.7358166775344477
177 1416 -0.6192496616447378 -0.6071584254109386 0.8755112171827135 0.9205088251390439 0.1481701049327965 0.39933248338140104 0.8709618714405158 1.7492868850527303
178 1424 -0.6192496616447378 -0.6071584254109386 0.8755112171827135 0.9205088251390439 0.1481701049327965 0.39933248338140104 0.8709618714405158 1.7492868850527303
179 1432 -0.6192496616447378 -0.6071584254109386 0.8755112171827135 0.9205088251390439 0.1481701049327965 0.39933248338140104 0.8709618714405158 1.7492868850527303
180 1440 -0.6192496616447378 -0.6071584254109386 0.8755112171827135 0.9205088251390439 0.1481701049327965 0.39933248338140104 0.8709618714405158 1.7492868850527303
181 1448 -0.7190916655419022 -0.6538169974883642 0.8941187903760807 0.9224978817902091 0.138632596598842 0.4003906146122313 0.7729053591361438 1.7952954254688365
182 1456 -0.7190916655419022 -0.6538169974883642 0.8941187903760807 0.9224978817902091 0.138632596598842 0.4003906146122313 0.7729053591361438 1.7952954254688365
183 1464 -0.7190916655419022 -0.6538169974883642 0.8941187903760807 0.9224978817902091 0.138632596598842 0.4003906146122313 0.7729053591361438 1.7952954254688365
184 1472 -0.7190916655419022 -0.6538169974883642 0.8941187903760807 0.9224978817902091 0.138632596598842 0.4003906146122313 0.7729053591361438 1.7952954254688365
185 1480 -0.8124165031327348 -0.8120981034272517 0.9210446312318299 0.934895628080824 0.1329138903722365 0.3562465658321091 0.6359343167863815 1.857689378451732
186 1488 -0.8124165031327348 -0.8120981034272517 0.9210446312318299 0.934895628080824 0.1329138903722365 0.3562465658321091 0.6359343167863815 1.857689378451732
187 1496 -0.8124165031327348 -0.8120981034272517 0.9210446312318299 0.934895628080824 0.1329138903722365 0.3562465658321091 0.6359343167863815 1.857689378451732
188 1504 -0.8124165031327348 -0.8120981034272517 0.9210446312318299 0.934895628080824 0.1329138903722365 0.3562465658321091 0.6359343167863815 1.857689378451732
189 1512 -0.8644081675886883 -0.8430719555952539 0.9477488370019964 0.9518683784894059 0.11977636721100171 0.2998368828521764 0.5547706913136461 1.894196649136146
190 1520 -0.8644081675886883 -0.8430719555952539 0.9477488370019964 0.9518683784894059 0.11977636721100171 0.2998368828521764 0.5547706913136461 1.894196649136146
191 1528 -0.8644081675886883 -0.8430719555952539 0.9477488370019964 0.9518683784894059 0.11977636721100171 0.2998368828521764 0.5547706913136461 1.894196649136146
192 1536 -0.8644081675886883 -0.8430719555952539 0.9477488370019964 0.9518683784894059 0.11977636721100171 0.2998368828521764 0.5547706913136461 1.894196649136146
193 1544 -0.8817413560989884 -0.8813662086824495 0.9380958290612842 0.9647754948082035 0.10827517600509945 0.2774002974286159 0.5283261677740606 1.9058323697777708
194 1552 -0.8817413560989884 -0.8813662086824495 0.9380958290612842 0.9647754948082035 0.10827517600509945 0.2774002974286159 0.5283261677740606 1.9058323697777708
195 1560 -0.8817413560989884 -0.8813662086824495 0.9380958290612842 0.9647754948082035 0.10827517600509945 0.2774002974286159 0.5283261677740606 1.9058323697777708
196 1568 -0.8817413560989884 -0.8813662086824495 0.9380958290612842 0.9647754948082035 0.10827517600509945 0.2774002974286159 0.5283261677740606 1.9058323697777708
197 1576 -0.8867882872588375 -0.8737058405824997 0.9216008892629781 0.9633878161555158 0.13485453220302915 0.2665741120717314 0.5564405608108688 1.897663405402011
198 1584 -0.8867882872588375 -0.8737058405824997 0.9216008892629781 0.9633878161555158 0.13485453220302915 0.2665741120717314 0.5564405608108688 1.897663405402011
199 1592 -0.8867882872588375 -0.8737058405824997 0.9216008892629781 0.9633878161555158 0.13485453220302915 0.2665741120717314 0.5564405608108688 1.897663405402011
200 1600 -0.8867882872588375 -0.8737058405824997 0.9216008892629781 0.9633878161555158 0.13485453220302915 0.2665741120717314 0.5564405608108688 1.897663405402011
201 1608 -0.8603443447635083 -0.8532887465761188 0.9121165607327941 0.9662994975146872 0.13803010384321962 0.2822932461444816 0.5813172847278423 1.8876780520234084
202 1616 -0.8603443447635083 -0.8532887465761188 0.9121165607327941 0.9662994975146872 0.13803010384321962 0.2822932461444816 0.5813172847278423 1.8876780520234084
203 1624 -0.8603443447635083 -0.8532887465761188 0.9121165607327941 0.9662994975146872 0.13803010384321962 0.2822932461444816 0.5813172847278423 1.8876780520234084
204 1632 -0.8603443447635083 -0.8532887465761188 0.9121165607327941 0.9662994975146872 0.13803010384321962 0.2822932461444816 0.5813172847278423 1.8876780520234084
205 1640 -0.9005847750676748 -0.8918533087942818 0.8730834763798259 0.9733001230302571 0.12979144354231728 0.2273356639452541 0.6174552836045513 1.8842031869813287
206 1648 -0.9005847750676748 -0.8918533087942818 0.8730834763798259 0.9733001230302571 0.12979144354231728 0.2273356639452541 0.6174552836045513 1.8842031869813287
207 1656 -0.9005847750676748 -0.8918533087942818 0.8730834763798259 0.9733001230302571 0.12979144354231728 0.2273356639452541 0.6174552836045513 1.8842031869813287
208 1664 -0.9005847750676748 -0.8918533087942818 0.8730834763798259 0.9733001230302571 0.12979144354231728 0.2273356639452541 0.6174552836045513 1.8842031869813287
209 1672 -0.8958607955121616 -0.8829303187744661 0.8861628296472428 0.9683315007164087 0.12258916565030022 0.23820113306544108 0.6196647050755424 1.8826172659239966
210 1680 -0.8958607955121616 -0.8829303187744661 0.8861628296472428 0.9683315007164087 0.12258916565030022 0.23820113306544108 0.6196647050755424 1.8826172659239966
211 1688 -0.8958607955121616 -0.8829303187744661 0.8861628296472428 0.9683315007164087 0.12258916565030022 0.23820113306544108 0.6196647050755424 1.8826172659239966
212 1696 -0.8958607955121616 -0.8829303187744661 0.8861628296472428 0.9683315007164087 0.12258916565030022 0.23820113306544108 0.6196647050755424 1.8826172659239966
213 1704 -0.913511798544212 -0.8401033260665214 0.8946727592518979 0.9401968086210784 0.10630827690322779 0.24467741056280926 0.6915124138196167 1.8575904006415171
214 1712 -0.913511798544212 -0.8401033260665214 0.8946727592518979 0.9401968086210784 0.10630827690322779 0.24467741056280926 0.6915124138196167 1.8575904006415171
215 1720 -0.913511798544212 -0.8401033260665214 0.8946727592518979 0.9401968086210784 0.10630827690322779 0.24467741056280926 0.6915124138196167 1.8575904006415171
216 1728 -0.913511798544212 -0.8401033260665214 0.8946727592518979 0.9401968086210784 0.10630827690322779 0.24467741056280926 0.6915124138196167 1.8575904006415171
217 1736 -0.9486747779066944 -0.891800062063098 0.9373893451464537 0.962622506761315 0.07423260147787217 0.1726266680010397 0.5689119841856798 1.9081479787014943
218 1744 -0.9486747779066944 -0.891800062063098 0.9373893451464537 0.962622506761315 0.07423260147787217 0.1726266680010397 0.5689119841856798 1.9081479787014943
219 1752 -0.9486747779066944 -0.891800062063098 0.9373893451464537 0.962622506761315 0.07423260147787217 0.1726266680010397 0.5689119841856798 1.9081479787014943
220 1760 -0.9486747779066944 -0.891800062063098 0.9373893451464537 0.962622506761315 0.07423260147787217 0.1726266680010397 0.5689119841856798 1.9081479787014943
221 1768 -0.9358855392631584 -0.8136959733360549 0.8735264464061955 0.9230873863458409 0.09957861133563067 0.18010962042996326 0.7802461069107437 1.8299892451715856
222 1776 -0.9358855392631584 -0.8136959733360549 0.8735264464061955 0.9230873863458409 0.09957861133563067 0.18010962042996326 0.7802461069107437 1.8299892451715856
223 1784 -0.9358855392631584 -0.8136959733360549 0.8735264464061955 0.9230873863458409 0.09957861133563067 0.18010962042996326 0.7802461069107437 1.8299892451715856
224 1792 -0.9358855392631584 -0.8136959733360549 0.8735264464061955 0.9230873863458409 0.09957861133563067 0.18010962042996326 0.7802461069107437 1.8299892451715856
225 1800 -0.946129816742725 -0.9148128914795041 0.9316397661633183 0.9679004325888915 0.08524222695671224 0.17176648256919816 0.537075688374935 1.9169715029613386
226 1808 -0.946129816742725 -0.9148128914795041 0.9316397661633183 0.9679004325888915 0.08524222695671224 0.17176648256919816 0.537075688374935 1.9169715029613386
227 1816 -0.946129816742725 -0.9148128914795041 0.9316397661633183 0.9679004325888915 0.08524222695671224 0.17176648256919816 0.537075688374935 1.9169715029613386
228 1824 -0.946129816742725 -0.9148128914795041 0.9316397661633183 0.9679004325888915 0.08524222695671224 0.17176648256919816 0.537075688374935 1.9169715029613386
229 1832 -0.9373020618336465 -0.9066694411124092 0.9348060744801997 0.9722979670945815 0.09711883343814157 0.16677043703748998 0.5332243853511792 1.9179226544333836
230 1840 -0.9373020618336465 -0.9066694411124092 0.9348060744801997 0.9722979670945815 0.09711883343814157 0.16677043703748998 0.5332243853511792 1.9179226544333836
231 1848 -0.9373020618336465 -0.9066694411124092 0.9348060744801997 0.9722979670945815 0.09711883343814157 0.16677043703748998 0.5332243853511792 1.9179226544333836
232 1856 -0.9373020618336465 -0.9066694411124092 0.9348060744801997 0.9722979670945815 0.09711883343814157 0.16677043703748998 0.5332243853511792 1.9179226544333836
233 1864 -0.9522125188764423 -0.9323365132369427 0.9499008321584549 0.9750334585854417 0.08166058780586559 0.1728177712919193 0.46275732529860575 1.9363164060161693
234 1872 -0.9522125188764423 -0.9323365132369427 0.9499008321584549 0.9750334585854417 0.08166058780586559 0.1728177712919193 0.46275732529860575 1.9363164060161693
235 1880 -0.9522125188764423 -0.9323365132369427 0.9499008321584549 0.9750334585854417 0.08166058780586559 0.1728177712919193 0.46275732529860575 1.9363164060161693
236 1888 -0.9522125188764423 -0.9323365132369427 0.9499008321584549 0.9750334585854417 0.08166058780586559 0.1728177712919193 0.46275732529860575 1.9363164060161693
237 1896 -0.9597892896136255 -0.9370533451910085 0.950285272191841 0.9683566895526302 0.07005993153338831 0.175267617680632 0.4690846850309223 1.9350277585749345
238 1904 -0.9597892896136255 -0.9370533451910085 0.950285272191841 0.9683566895526302 0.07005993153338831 0.175267617680632 0.4690846850309223 1.9350277585749345
239 1912 -0.9597892896136255 -0.9370533451910085 0.950285272191841 0.9683566895526302 0.07005993153338831 0.175267617680632 0.4690846850309223 1.9350277585749345
240 1920 -0.9597892896136255 -0.9370533451910085 0.950285272191841 0.9683566895526302 0.07005993153338831 0.175267617680632 0.4690846850309223 1.9350277585749345
241 1928 -0.9304416711799077 -0.9227002960692832 0.9608521155830054 0.9806182126064242 0.06633925291834537 0.17408913924378944 0.4553153502430944 1.9385510070546508
242 1936 -0.9304416711799077 -0.9227002960692832 0.9608521155830054 0.9806182126064242 0.06633925291834537 0.17408913924378944 0.4553153502430944 1.9385510070546508
243 1944 -0.9304416711799077 -0.9227002960692832 0.9608521155830054 0.9806182126064242 0.06633925291834537 0.17408913924378944 0.4553153502430944 1.9385510070546508
244 1952 -0.9304416711799077 -0.9227002960692832 0.9608521155830054 0.9806182126064242 0.06633925291834537 0.17408913924378944 0.4553153502430944 1.9385510070546508
245 1960 -0.9332564374616565 -0.9316062128115361 0.9725151636967877 0.9797907559638929 0.06658678878468718 0.16798372505607936 0.4098354468527743 1.9492004961467189
246 1968 -0.9332564374616565 -0.9316062128115361 0.9725151636967877 0.9797907559638929 0.06658678878468718 0.16798372505607936 0.4098354468527743 1.9492004961467189
247 1976 -0.9332564374616565 -0.9316062128115361 0.9725151636967877 0.9797907559638929 0.06658678878468718 0.16798372505607936 0.4098354468527743 1.9492004961467189
248 1984 -0.9332564374616565 -0.9316062128115361 0.9725151636967877 0.9797907559638929 0.06658678878468718 0.16798372505607936 0.4098354468527743 1.9492004961467189
249 1992 -0.9743011294392827 -0.9668273654373285 0.9834241323510382 0.9882507685743218 0.0600796017338196 0.1398589752530669 0.27473149527435037 1.9751841721725567
250 2000 -0.9743011294392827 -0.9668273654373285 0.9834241323510382 0.9882507685743218 0.0600796017338196 0.1398589752530669 0.27473149527435037 1.9751841721725567
251 2008 -0.9743011294392827 -0.9668273654373285 0.9834241323510382 0.9882507685743218 0.0600796017338196 0.1398589752530669 0.27473149527435037 1.9751841721725567
252 2016 -0.9743011294392827 -0.9668273654373285 0.9834241323510382 0.9882507685743218 0.0600796017338196 0.1398589752530669 0.27473149527435037 1.9751841721725567
253 2024 -0.9867866253512398 -0.968354374165656 0.9864733802443679 0.9869781150303745 0.06354748234138385 0.11586187442697095 0.2554100754907076 1.979217885145587
254 2032 -0.9867866253512398 -0.968354374165656 0.9864733802443679 0.9869781150303745 0.06354748234138385 0.11586187442697095 0.2554100754907076 1.979217885145587
255 2040 -0.9867866253512398 -0.968354374165656 0.9864733802443679 0.9869781150303745 0.06354748234138385 0.11586187442697095 0.2554100754907076 1.979217885145587
256 2048 -0.9867866253512398 -0.968354374165656 0.9864733802443679 0.9869781150303745 0.06354748234138385 0.11586187442697095 0.2554100754907076 1.979217885145587
257 2056 -0.9883728199515021 -0.9733786705339827 0.9908031710099547 0.9947480372809743 0.052028611723887806 0.08860339921977203 0.20876298158769613 1.9864190088517082
258 2064 -0.9883728199515021 -0.9733786705339827 0.9908031710099547 0.9947480372809743 0.052028611723887806 0.08860339921977203 0.20876298158769613 1.9864190088517082
259 2072 -0.9883728199515021 -0.9733786705339827 0.9908031710099547 0.9947480372809743 0.052028611723887806 0.08860339921977203 0.20876298158769613 1.9864190088517082
260 2080 -0.9883728199515021 -0.9733786705339827 0.9908031710099547 0.9947480372809743 0.052028611723887806 0.08860339921977203 0.20876298158769613 1.9864190088517082
261 2088 -0.9820626280537464 -0.9606241851078949 0.9880117938248942 0.9941029259981535 0.05567744221601972 0.10426743446492766 0.24461955758099047 1.9814614799655494
262 2096 -0.9820626280537464 -0.9606241851078949 0.9880117938248942 0.9941029259981535 0.05567744221601972 0.10426743446492766 0.24461955758099047 1.9814614799655494
263 2104 -0.9820626280537464 -0.9606241851078949 0.9880117938248942 0.9941029259981535 0.05567744221601972 0.10426743446492766 0.24461955758099047 1.9814614799655494
264 2112 -0.9820626280537464 -0.9606241851078949 0.9880117938248942 0.9941029259981535 0.05567744221601972 0.10426743446492766 0.24461955758099047 1.9814614799655494
265 2120 -0.9917686816875684 -0.9804151076680797 0.9945580828484771 0.9961027513072862 0.04077236886994175 0.06697053662421784 0.181612189148746 1.9901933508866918
266 2128 -0.9917686816875684 -0.9804151076680797 0.9945580828484771 0.9961027513072862 0.04077236886994175 0.06697053662421784 0.181612189148746 1.9901933508866918
267 2136 -0.9917686816875684 -0.9804151076680797 0.9945580828484771 0.9961027513072862 0.04077236886994175 0.06697053662421784 0.181612189148746 1.9901933508866918
268 2144 -0.9917686816875684 -0.9804151076680797 0.9945580828484771 0.9961027513072862 0.04077236886994175 0.06697053662421784 0.181612189148746 1.9901933508866918
269 2152 -0.9893849066360296 -0.9708419904726858 0.9933595929901873 0.9965623689228491 0.03418879273952397 0.05813848675168607 0.21878964368449266 1.986852318272712
270 2160 -0.9893849066360296 -0.9708419904726858 0.9933595929901873 0.9965623689228491 0.03418879273952397 0.05813848675168607 0.21878964368449266 1.986852318272712
271 2168 -0.9893849066360296 -0.9708419904726858 0.9933595929901873 0.9965623689228491 0.03418879273952397 0.05813848675168607 0.21878964368449266 1.986852318272712
272 2176 -0.9893849066360296 -0.9708419904726858 0.9933595929901873 0.9965623689228491 0.03418879273952397 0.05813848675168607 0.21878964368449266 1.986852318272712
273 2184 -0.9951889894762272 -0.9901694974347839 0.9971718670396661 0.9972411932696479 0.028351762562909815 0.056743378963934867 0.13720508213027544 1.9942796022476275
274 2192 -0.9951889894762272 -0.9901694974347839 0.9971718670396661 0.9972411932696479 0.028351762562909815 0.056743378963934867 0.13720508213027544 1.9942796022476275
275 2200 -0.9951889894762272 -0.9901694974347839 0.9971718670396661 0.9972411932696479 0.028351762562909815 0.056743378963934867 0.13720508213027544 1.9942796022476275
276 2208 -0.9951889894762272 -0.9901694974347839 0.9971718670396661 0.9972411932696479 0.028351762562909815 0.056743378963934867 0.13720508213027544 1.9942796022476275
277 2216 -0.9953666918782706 -0.9907375132255634 0.9970137406851486 0.9974030964965142 0.02559436721383251 0.05087117501166588 0.14313454015500762 1.9940585636671937
278 2224 -0.9953666918782706 -0.9907375132255634 0.9970137406851486 0.9974030964965142 0.02559436721383251 0.05087117501166588 0.14313454015500762 1.9940585636671937
279 2232 -0.9953666918782706 -0.9907375132255634 0.9970137406851486 0.9974030964965142 0.02559436721383251 0.05087117501166588 0.14313454015500762 1.9940585636671937
280 2240 -0.9953666918782706 -0.9907375132255634 0.9970137406851486 0.9974030964965142 0.02559436721383251 0.05087117501166588 0.14313454015500762 1.9940585636671937
281 2248 -0.9927795755010429 -0.9843311944805349 0.9954051882526456 0.995877962011664 0.0257659515899523 0.06309790250557433 0.18526904662291313 1.9902336925098771
282 2256 -0.9927795755010429 -0.9843311944805349 0.9954051882526456 0.995877962011664 0.0257659515899523 0.06309790250557433 0.18526904662291313 1.9902336925098771
283 2264 -0.9927795755010429 -0.9843311944805349 0.9954051882526456 0.995877962011664 0.0257659515899523 0.06309790250557433 0.18526904662291313 1.9902336925098771
284 2272 -0.9927795755010429 -0.9843311944805349 0.9954051882526456 0.995877962011664 0.0257659515899523 0.06309790250557433 0.18526904662291313 1.9902336925098771
285 2280 -0.9933726059390278 -0.9888551010352277 0.9961804996954983 0.9973590641427619 0.022990654614360204 0.06718454480850142 0.15152342222150925 1.9929872852724273
286 2288 -0.9933726059390278 -0.9888551010352277 0.9961804996954983 0.9973590641427619 0.022990654614360204 0.06718454480850142 0.15152342222150925 1.9929872852724273
287 2296 -0.9933726059390278 -0.9888551010352277 0.9961804996954983 0.9973590641427619 0.022990654614360204 0.06718454480850142 0.15152342222150925 1.9929872852724273
288 2304 -0.9933726059390278 -0.9888551010352277 0.9961804996954983 0.9973590641427619 0.022990654614360204 0.06718454480850142 0.15152342222150925 1.9929872852724273
289 2312 -0.9944343570080352 -0.9905060340586043 0.9971312283854975 0.9982238345621589 0.019039145149946916 0.05726266394031291 0.13620522965824117 1.9944439409730632
290 2320 -0.9944343570080352 -0.9905060340586043 0.9971312283854975 0.9982238345621589 0.019039145149946916 0.05726266394031291 0.13620522965824117 1.9944439409730632
291 2328 -0.9944343570080352 -0.9905060340586043 0.9971312283854975 0.9982238345621589 0.019039145149946916 0.05726266394031291 0.13620522965824117 1.9944439409730632
292 2336 -0.9944343570080352 -0.9905060340586043 0.9971312283854975 0.9982238345621589 0.019039145149946916 0.05726266394031291 0.13620522965824117 1.9944439409730632
293 2344 -0.9970474216196026 -0.9948410335046198 0.9978597926045659 0.9983714272995852 0.01800965347349089 0.047998552265361705 0.10854338456566011 1.9963942809548483
294 2352 -0.9970474216196026 -0.9948410335046198 0.9978597926045659 0.9983714272995852 0.01800965347349089 0.047998552265361705 0.10854338456566011 1.9963942809548483
295 2360 -0.9970474216196026 -0.9948410335046198 0.9978597926045659 0.9983714272995852 0.01800965347349089 0.047998552265361705 0.10854338456566011 1.9963942809548483
296 2368 -0.9970474216196026 -0.9948410335046198 0.9978597926045659 0.9983714272995852 0.01800965347349089 0.047998552265361705 0.10854338456566011 1.9963942809548483
297 2376 -0.9957723105679567 -0.9947884732160726 0.9980553878579073 0.998386674924928 0.02182023793907218 0.05091422692512846 0.10789714730920312 1.9963190687651693
298 2384 -0.9957723105679567 -0.9947884732160726 0.9980553878579073 0.998386674924928 0.02182023793907218 0.05091422692512846 0.10789714730920312 1.9963190687651693
299 2392 -0.9957723105679567 -0.9947884732160726 0.9980553878579073 0.998386674924928 0.02182023793907218 0.05091422692512846 0.10789714730920312 1.9963190687651693
300 2400 -0.9957723105679567 -0.9947884732160726 0.9980553878579073 0.998386674924928 0.02182023793907218 0.05091422692512846 0.10789714730920312 1.9963190687651693
301 2408 -0.9934855155978881 -0.9922758921321257 0.997685509541095 0.9983057078839707 0.02259307154618131 0.05213111298683407 0.12948962180939913 1.9949948215523075
302 2416 -0.9934855155978881 -0.9922758921321257 0.997685509541095 0.9983057078839707 0.02259307154618131 0.05213111298683407 0.12948962180939913 1.9949948215523075
303 2424 -0.9934855155978881 -0.9922758921321257 0.997685509541095 0.9983057078839707 0.02259307154618131 0.05213111298683407 0.12948962180939913 1.9949948215523075
304 2432 -0.9934855155978881 -0.9922758921321257 0.997685509541095 0.9983057078839707 0.02259307154618131 0.05213111298683407 0.12948962180939913 1.9949948215523075
305 2440 -0.9852263485924794 -0.9834455019256879 0.9971644654951454 0.9980159981191732 0.02611599970223369 0.058668570412381243 0.1782642241070896 1.9910042239555439
306 2448 -0.9852263485924794 -0.9834455019256879 0.9971644654951454 0.9980159981191732 0.02611599970223369 0.058668570412381243 0.1782642241070896 1.9910042239555439
307 2456 -0.9852263485924794 -0.9834455019256879 0.9971644654951454 0.9980159981191732 0.02611599970223369 0.058668570412381243 0.1782642241070896 1.9910042239555439
308 2464 -0.9852263485924794 -0.9834455019256879 0.9971644654951454 0.9980159981191732 0.02611599970223369 0.058668570412381243 0.1782642241070896 1.9910042239555439
309 2472 -0.9801167388474237 -0.9783299029908434 0.997315043008532 0.9976496532596884 0.025410780985581263 0.06621413958010001 0.19816323047632048 1.9888944954462915
310 2480 -0.9801167388474237 -0.9783299029908434 0.997315043008532 0.9976496532596884 0.025410780985581263 0.06621413958010001 0.19816323047632048 1.9888944954462915
311 2488 -0.9801167388474237 -0.9783299029908434 0.997315043008532 0.9976496532596884 0.025410780985581263 0.06621413958010001 0.19816323047632048 1.9888944954462915
312 2496 -0.9801167388474237 -0.9783299029908434 0.997315043008532 0.9976496532596884 0.025410780985581263 0.06621413958010001 0.19816323047632048 1.9888944954462915
313 2504 -0.9726119155323574 -0.9707578302595479 0.9978117834172023 0.9984662173761123 0.021144569657022695 0.0551178767953467 0.22542218369035755 1.986378555545711
314 2512 -0.9726119155323574 -0.9707578302595479 0.9978117834172023 0.9984662173761123 0.021144569657022695 0.0551178767953467 0.22542218369035755 1.986378555545711
315 2520 -0.9726119155323574 -0.9707578302595479 0.9978117834172023 0.9984662173761123 0.021144569657022695 0.0551178767953467 0.22542218369035755 1.986378555545711
316 2528 -0.9726119155323574 -0.9707578302595479 0.9978117834172023 0.9984662173761123 0.021144569657022695 0.0551178767953467 0.22542218369035755 1.986378555545711
317 2536 -0.9763649329437778 -0.9762503563323843 0.99811663466323 0.9988947591173654 0.021432579678213087 0.04764533173230554 0.20440126865108454 1.988841544283074
318 2544 -0.9763649329437778 -0.9762503563323843 0.99811663466323 0.9988947591173654 0.021432579678213087 0.04764533173230554 0.20440126865108454 1.988841544283074
319 2552 -0.9763649329437778 -0.9762503563323843 0.99811663466323 0.9988947591173654 0.021432579678213087 0.04764533173230554 0.20440126865108454 1.988841544283074
320 2560 -0.9763649329437778 -0.9762503563323843 0.99811663466323 0.9988947591173654 0.021432579678213087 0.04764533173230554 0.20440126865108454 1.988841544283074
321 2568 -0.9695985752827704 -0.9693138495890911 0.9974355792100499 0.998972139423169 0.022246473099194256 0.05384370423229204 0.23112218308140214 1.9857463298308973
322 2576 -0.9695985752827704 -0.9693138495890911 0.9974355792100499 0.998972139423169 0.022246473099194256 0.05384370423229204 0.23112218308140214 1.9857463298308973
323 2584 -0.9695985752827704 -0.9693138495890911 0.9974355792100499 0.998972139423169 0.022246473099194256 0.05384370423229204 0.23112218308140214 1.9857463298308973
324 2592 -0.9695985752827704 -0.9693138495890911 0.9974355792100499 0.998972139423169 0.022246473099194256 0.05384370423229204 0.23112218308140214 1.9857463298308973
325 2600 -0.9651378293386125 -0.9648343895474454 0.9972674044781022 0.9993237331023437 0.0193817804844322 0.048752057830798834 0.24796387336875414 1.9838753743485205
326 2608 -0.9651378293386125 -0.9648343895474454 0.9972674044781022 0.9993237331023437 0.0193817804844322 0.048752057830798834 0.24796387336875414 1.9838753743485205
327 2616 -0.9651378293386125 -0.9648343895474454 0.9972674044781022 0.9993237331023437 0.0193817804844322 0.048752057830798834 0.24796387336875414 1.9838753743485205
328 2624 -0.9651378293386125 -0.9648343895474454 0.9972674044781022 0.9993237331023437 0.0193817804844322 0.048752057830798834 0.24796387336875414 1.9838753743485205
329 2632 -0.9633301548257227 -0.9626420952836057 0.9970713678717383 0.9994953712862316 0.013826009748895546 0.04341151199108646 0.25826973057689595 1.982730699905766
330 2640 -0.9633301548257227 -0.9626420952836057 0.9970713678717383 0.9994953712862316 0.013826009748895546 0.04341151199108646 0.25826973057689595 1.982730699905766
331 2648 -0.9633301548257227 -0.9626420952836057 0.9970713678717383 0.9994953712862316 0.013826009748895546 0.04341151199108646 0.25826973057689595 1.982730699905766
332 2656 -0.9633301548257227 -0.9626420952836057 0.9970713678717383 0.9994953712862316 0.013826009748895546 0.04341151199108646 0.25826973057689595 1.982730699905766
333 2664 -0.9768441733451079 -0.974239686124097 0.9983609477953272 0.9994086689238911 0.017523803247575413 0.03892042991208249 0.20357406020967095 1.9891545235262509
334 2672 -0.9768441733451079 -0.974239686124097 0.9983609477953272 0.9994086689238911 0.017523803247575413 0.03892042991208249 0.20357406020967095 1.9891545235262509
335 2680 -0.9768441733451079 -0.974239686124097 0.9983609477953272 0.9994086689238911 0.017523803247575413 0.03892042991208249 0.20357406020967095 1.9891545235262509
336 2688 -0.9768441733451079 -0.974239686124097 0.9983609477953272 0.9994086689238911 0.017523803247575413 0.03892042991208249 0.20357406020967095 1.9891545235262509
337 2696 -0.9701461577932748 -0.966362975148421 0.9983244227028922 0.9992466596899672 0.017998384500974855 0.042143100462174114 0.2293078621906806 1.986282437513943
338 2704 -0.9701461577932748 -0.966362975148421 0.9983244227028922 0.9992466596899672 0.017998384500974855 0.042143100462174114 0.2293078621906806 1.986282437513943
339 2712 -0.9701461577932748 -0.966362975148421 0.9983244227028922 0.9992466596899672 0.017998384500974855 0.042143100462174114 0.2293078621906806 1.986282437513943
340 2720 -0.9701461577932748 -0.966362975148421 0.9983244227028922 0.9992466596899672 0.017998384500974855 0.042143100462174114 0.2293078621906806 1.986282437513943
341 2728 -0.9509295454625539 -0.9434788889075878 0.9979874986005506 0.9989128014048956 0.01767263726354809 0.05156593206459424 0.29100544239728504 1.9779647279558907
342 2736 -0.9509295454625539 -0.9434788889075878 0.9979874986005506 0.9989128014048956 0.01767263726354809 0.05156593206459424 0.29100544239728504 1.9779647279558907
343 2744 -0.9509295454625539 -0.9434788889075878 0.9979874986005506 0.9989128014048956 0.01767263726354809 0.05156593206459424 0.29100544239728504 1.9779647279558907
344 2752 -0.9509295454625539 -0.9434788889075878 0.9979874986005506 0.9989128014048956 0.01767263726354809 0.05156593206459424 0.29100544239728504 1.9779647279558907
345 2760 -0.8680776884632837 -0.858135588366858 0.9956502355604329 0.9983038564356079 0.02544757407287871 0.06619110079437028 0.4681170752893136 1.943151451372747
346 2768 -0.8680776884632837 -0.858135588366858 0.9956502355604329 0.9983038564356079 0.02544757407287871 0.06619110079437028 0.4681170752893136 1.943151451372747
347 2776 -0.8680776884632837 -0.858135588366858 0.9956502355604329 0.9983038564356079 0.02544757407287871 0.06619110079437028 0.4681170752893136 1.943151451372747
348 2784 -0.8680776884632837 -0.858135588366858 0.9956502355604329 0.9983038564356079 0.02544757407287871 0.06619110079437028 0.4681170752893136 1.943151451372747
349 2792 -0.8767880141840656 -0.8611749233626116 0.9955680987922534 0.9973424253395384 0.021965683118362455 0.0820755435488009 0.45582168567600706 1.9455096259807594
350 2800 -0.8767880141840656 -0.8611749233626116 0.9955680987922534 0.9973424253395384 0.021965683118362455 0.0820755435488009 0.45582168567600706 1.9455096259807594
351 2808 -0.8767880141840656 -0.8611749233626116 0.9955680987922534 0.9973424253395384 0.021965683118362455 0.0820755435488009 0.45582168567600706 1.9455096259807594
352 2816 -0.8767880141840656 -0.8611749233626116 0.9955680987922534 0.9973424253395384 0.021965683118362455 0.0820755435488009 0.45582168567600706 1.9455096259807594
353 2824 -0.9326145415728929 -0.9227632027063204 0.9959416869228215 0.9970944956512484 0.021579253935658207 0.09216994690040489 0.33938106447978666 1.9687202771751304
354 2832 -0.9326145415728929 -0.9227632027063204 0.9959416869228215 0.9970944956512484 0.021579253935658207 0.09216994690040489 0.33938106447978666 1.9687202771751304
355 2840 -0.9326145415728929 -0.9227632027063204 0.9959416869228215 0.9970944956512484 0.021579253935658207 0.09216994690040489 0.33938106447978666 1.9687202771751304
356 2848 -0.9326145415728929 -0.9227632027063204 0.9959416869228215 0.9970944956512484 0.021579253935658207 0.09216994690040489 0.33938106447978666 1.9687202771751304
357 2856 -0.9107322267800142 -0.9029228522655219 0.9967861992122033 0.997122590393573 0.022965077977573703 0.0718483663930328 0.38950665189537365 1.960253806416249
358 2864 -0.9107322267800142 -0.9029228522655219 0.9967861992122033 0.997122590393573 0.022965077977573703 0.0718483663930328 0.38950665189537365 1.960253806416249
359 2872 -0.9107322267800142 -0.9029228522655219 0.9967861992122033 0.997122590393573 0.022965077977573703 0.0718483663930328 0.38950665189537365 1.960253806416249
360 2880 -0.9107322267800142 -0.9029228522655219 0.9967861992122033 0.997122590393573 0.022965077977573703 0.0718483663930328 0.38950665189537365 1.960253806416249
361 2888 -0.8581827882037747 -0.8534388469370829 0.9945325130840652 0.9955099870552263 0.02703412501029732 0.08877299457116114 0.49124079949932065 1.9365100021500183
362 2896 -0.8581827882037747 -0.8534388469370829 0.9945325130840652 0.9955099870552263 0.02703412501029732 0.08877299457116114 0.49124079949932065 1.9365100021500183
363 2904 -0.8581827882037747 -0.8534388469370829 0.9945325130840652 0.9955099870552263 0.02703412501029732 0.08877299457116114 0.49124079949932065 1.9365100021500183
364 2912 -0.8581827882037747 -0.8534388469370829 0.9945325130840652 0.9955099870552263 0.02703412501029732 0.08877299457116114 0.49124079949932065 1.9365100021500183
365 2920 -0.8451637855970329 -0.8133357724745508 0.9913014289023009 0.9950420949806075 0.028901667486982415 0.0711359077507343 0.5535942165140798 1.9203223218218113
366 2928 -0.8451637855970329 -0.8133357724745508 0.9913014289023009 0.9950420949806075 0.028901667486982415 0.0711359077507343 0.5535942165140798 1.9203223218218113
367 2936 -0.8451637855970329 -0.8133357724745508 0.9913014289023009 0.9950420949806075 0.028901667486982415 0.0711359077507343 0.5535942165140798 1.9203223218218113
368 2944 -0.8451637855970329 -0.8133357724745508 0.9913014289023009 0.9950420949806075 0.028901667486982415 0.0711359077507343 0.5535942165140798 1.9203223218218113
369 2952 -0.90646267169854 -0.8838619857576016 0.9937032098469987 0.9963545626292081 0.03376380283420046 0.05774971830938317 0.43973542750037564 1.949912236346657
370 2960 -0.90646267169854 -0.8838619857576016 0.9937032098469987 0.9963545626292081 0.03376380283420046 0.05774971830938317 0.43973542750037564 1.949912236346657
371 2968 -0.90646267169854 -0.8838619857576016 0.9937032098469987 0.9963545626292081 0.03376380283420046 0.05774971830938317 0.43973542750037564 1.949912236346657
372 2976 -0.90646267169854 -0.8838619857576016 0.9937032098469987 0.9963545626292081 0.03376380283420046 0.05774971830938317 0.43973542750037564 1.949912236346657
373 2984 -0.9103379909009115 -0.8914195771309803 0.9948815689500838 0.9972137969320832 0.02823557959840858 0.048462169087239146 0.42448235713778487 1.9536296728630158
374 2992 -0.9103379909009115 -0.8914195771309803 0.9948815689500838 0.9972137969320832 0.02823557959840858 0.048462169087239146 0.42448235713778487 1.9536296728630158
375 3000 -0.9103379909009115 -0.8914195771309803 0.9948815689500838 0.9972137969320832 0.02823557959840858 0.048462169087239146 0.42448235713778487 1.9536296728630158
376 3008 -0.9103379909009115 -0.8914195771309803 0.9948815689500838 0.9972137969320832 0.02823557959840858 0.048462169087239146 0.42448235713778487 1.9536296728630158
377 3016 -0.9369761096290599 -0.9221677258037206 0.9959290798954741 0.9964084952969818 0.028025671485541335 0.05982085514339046 0.3605353781659982 1.9661256999791237
378 3024 -0.9369761096290599 -0.9221677258037206 0.9959290798954741 0.9964084952969818 0.028025671485541335 0.05982085514339046 0.3605353781659982 1.9661256999791237
379 3032 -0.9369761096290599 -0.9221677258037206 0.9959290798954741 0.9964084952969818 0.028025671485541335 0.05982085514339046 0.3605353781659982 1.9661256999791237
380 3040 -0.9369761096290599 -0.9221677258037206 0.9959290798954741 0.9964084952969818 0.028025671485541335 0.05982085514339046 0.3605353781659982 1.9661256999791237
381 3048 -0.943052086508046 -0.9200098100511108 0.995771829690979 0.9960108645353445 0.024281011760322636 0.045975993243423496 0.36509422803682917 1.9657067037499172
382 3056 -0.943052086508046 -0.9200098100511108 0.995771829690979 0.9960108645353445 0.024281011760322636 0.045975993243423496 0.36509422803682917 1.9657067037499172
383 3064 -0.943052086508046 -0.9200098100511108 0.995771829690979 0.9960108645353445 0.024281011760322636 0.045975993243423496 0.36509422803682917 1.9657067037499172
384 3072 -0.943052086508046 -0.9200098100511108 0.995771829690979 0.9960108645353445 0.024281011760322636 0.045975993243423496 0.36509422803682917 1.9657067037499172
385 3080 -0.9217288058816249 -0.8938516525444751 0.995957284045812 0.9965302908796501 0.024006685933688935 0.04792236774533177 0.410314055588271 1.9567241761390046
386 3088 -0.9217288058816249 -0.8938516525444751 0.995957284045812 0.9965302908796501 0.024006685933688935 0.04792236774533177 0.410314055588271 1.9567241761390046
387 3096 -0.9217288058816249 -0.8938516525444751 0.995957284045812 0.9965302908796501 0.024006685933688935 0.04792236774533177 0.410314055588271 1.9567241761390046
388 3104 -0.9217288058816249 -0.8938516525444751 0.995957284045812 0.9965302908796501 0.024006685933688935 0.04792236774533177 0.410314055588271 1.9567241761390046
389 3112 -0.9340413877884091 -0.9039708146228969 0.9949574265416729 0.9959352428998007 0.019682941866017017 0.053312716465763105 0.3954229971992084 1.959696657482615
390 3120 -0.9340413877884091 -0.9039708146228969 0.9949574265416729 0.9959352428998007 0.019682941866017017 0.053312716465763105 0.3954229971992084 1.959696657482615
391 3128 -0.9340413877884091 -0.9039708146228969 0.9949574265416729 0.9959352428998007 0.019682941866017017 0.053312716465763105 0.3954229971992084 1.959696657482615
392 3136 -0.9340413877884091 -0.9039708146228969 0.9949574265416729 0.9959352428998007 0.019682941866017017 0.053312716465763105 0.3954229971992084 1.959696657482615
393 3144 -0.9650222734690482 -0.9423255940827842 0.995019523763147 0.9976769939457751 0.016696535727830385 0.05601072333710668 0.3039842557958505 1.975899186900533
394 3152 -0.9650222734690482 -0.9423255940827842 0.995019523763147 0.9976769939457751 0.016696535727830385 0.05601072333710668 0.3039842557958505 1.975899186900533
395 3160 -0.9650222734690482 -0.9423255940827842 0.995019523763147 0.9976769939457751 0.016696535727830385 0.05601072333710668 0.3039842557958505 1.975899186900533
396 3168 -0.9650222734690482 -0.9423255940827842 0.995019523763147 0.9976769939457751 0.016696535727830385 0.05601072333710668 0.3039842557958505 1.975899186900533
397 3176 -0.9756772415882371 -0.9613481123089908 0.9966555009121159 0.9989017614444431 0.011950381671191715 0.049370999535285835 0.24520140361160822 1.9842620705062368
398 3184 -0.9756772415882371 -0.9613481123089908 0.9966555009121159 0.9989017614444431 0.011950381671191715 0.049370999535285835 0.24520140361160822 1.9842620705062368
399 3192 -0.9756772415882371 -0.9613481123089908 0.9966555009121159 0.9989017614444431 0.011950381671191715 0.049370999535285835 0.24520140361160822 1.9842620705062368
400 3200 -0.9756772415882371 -0.9613481123089908 0.9966555009121159 0.9989017614444431 0.011950381671191715 0.049370999535285835 0.24520140361160822 1.9842620705062368
401 3208 -0.9853793398335178 -0.9756696595338724 0.9980906728541061 0.9993448053829461 0.008055816883844165 0.03330484907510646 0.19397971791049767 1.9902757999538108
402 3216 -0.9853793398335178 -0.9756696595338724 0.9980906728541061 0.9993448053829461 0.008055816883844165 0.03330484907510646 0.19397971791049767 1.9902757999538108
403 3224 -0.9853793398335178 -0.9756696595338724 0.9980906728541061 0.9993448053829461 0.008055816883844165 0.03330484907510646 0.19397971791049767 1.9902757999538108
404 3232 -0.9853793398335178 -0.9756696595338724 0.9980906728541061 0.9993448053829461 0.008055816883844165 0.03330484907510646 0.19397971791049767 1.9902757999538108
405 3240 -0.9846147793148389 -0.9753662536101972 0.997849155117221 0.9994292430227454 0.008337990092303675 0.039943910130973134 0.19405590615566776 1.9901450367374665
406 3248 -0.9846147793148389 -0.9753662536101972 0.997849155117221 0.9994292430227454 0.008337990092303675 0.039943910130973134 0.19405590615566776 1.9901450367374665
407 3256 -0.9846147793148389 -0.9753662536101972 0.997849155117221 0.9994292430227454 0.008337990092303675 0.039943910130973134 0.19405590615566776 1.9901450367374665
408 3264 -0.9846147793148389 -0.9753662536101972 0.997849155117221 0.9994292430227454 0.008337990092303675 0.039943910130973134 0.19405590615566776 1.9901450367374665
409 3272 -0.9933030234802225 -0.9879531039787239 0.9985722226186611 0.999717045919033 0.007233712607072679 0.031011133817391557 0.1344674392098765 1.995220411577031
410 3280 -0.9933030234802225 -0.9879531039787239 0.9985722226186611 0.999717045919033 0.007233712607072679 0.031011133817391557 0.1344674392098765 1.995220411577031
411 3288 -0.9933030234802225 -0.9879531039787239 0.9985722226186611 0.999717045919033 0.007233712607072679 0.031011133817391557 0.1344674392098765 1.995220411577031
412 3296 -0.9933030234802225 -0.9879531039787239 0.9985722226186611 0.999717045919033 0.007233712607072679 0.031011133817391557 0.1344674392098765 1.995220411577031
413 3304 -0.996546674662212 -0.9930378004604614 0.9987906182970867 0.9996504524836639 0.007086129409090134 0.030359229465459204 0.10515676443351175 1.9969902751015431
414 3312 -0.996546674662212 -0.9930378004604614 0.9987906182970867 0.9996504524836639 0.007086129409090134 0.030359229465459204 0.10515676443351175 1.9969902751015431
415 3320 -0.996546674662212 -0.9930378004604614 0.9987906182970867 0.9996504524836639 0.007086129409090134 0.030359229465459204 0.10515676443351175 1.9969902751015431
416 3328 -0.996546674662212 -0.9930378004604614 0.9987906182970867 0.9996504524836639 0.007086129409090134 0.030359229465459204 0.10515676443351175 1.9969902751015431
417 3336 -0.9955628748078491 -0.9905508637317199 0.9982509309237935 0.9995852484675973 0.006555515833600234 0.03316117366428691 0.12327881093075949 1.9959107436328063
418 3344 -0.9955628748078491 -0.9905508637317199 0.9982509309237935 0.9995852484675973 0.006555515833600234 0.03316117366428691 0.12327881093075949 1.9959107436328063
419 3352 -0.9955628748078491 -0.9905508637317199 0.9982509309237935 0.9995852484675973 0.006555515833600234 0.03316117366428691 0.12327881093075949 1.9959107436328063
420 3360 -0.9955628748078491 -0.9905508637317199 0.9982509309237935 0.9995852484675973 0.006555515833600234 0.03316117366428691 0.12327881093075949 1.9959107436328063
421 3368 -0.9966273465122553 -0.9904564402913054 0.9977405393241872 0.9995416822004071 0.004160168189324738 0.028370972524519415 0.12686285333963945 1.9957664185372934
422 3376 -0.9966273465122553 -0.9904564402913054 0.9977405393241872 0.9995416822004071 0.004160168189324738 0.028370972524519415 0.12686285333963945 1.9957664185372934
423 3384 -0.9966273465122553 -0.9904564402913054 0.9977405393241872 0.9995416822004071 0.004160168189324738 0.028370972524519415 0.12686285333963945 1.9957664185372934
424 3392 -0.9966273465122553 -0.9904564402913054 0.9977405393241872 0.9995416822004071 0.004160168189324738 0.028370972524519415 0.12686285333963945 1.9957664185372934
425 3400 -0.9971537601680014 -0.9922443805054362 0.9984503696453444 0.999716701377571 0.003960106078608882 0.02110349463345929 0.11198859062015322 1.9967467329746689
426 3408 -0.9971537601680014 -0.9922443805054362 0.9984503696453444 0.999716701377571 0.003960106078608882 0.02110349463345929 0.11198859062015322 1.9967467329746689
427 3416 -0.9971537601680014 -0.9922443805054362 0.9984503696453444 0.999716701377571 0.003960106078608882 0.02110349463345929 0.11198859062015322 1.9967467329746689
428 3424 -0.9971537601680014 -0.9922443805054362 0.9984503696453444 0.999716701377571 0.003960106078608882 0.02110349463345929 0.11198859062015322 1.9967467329746689
429 3432 -0.9987506339037714 -0.9965968512926213 0.9992703281140642 0.9998690543672875 0.002710112919835595 0.01725325808054339 0.07324889805501088 1.998581892069298
430 3440 -0.9987506339037714 -0.9965968512926213 0.9992703281140642 0.9998690543672875 0.002710112919835595 0.01725325808054339 0.07324889805501088 1.998581892069298
431 3448 -0.9987506339037714 -0.9965968512926213 0.9992703281140642 0.9998690543672875 0.002710112919835595 0.01725325808054339 0.07324889805501088 1.998581892069298
432 3456 -0.9987506339037714 -0.9965968512926213 0.9992703281140642 0.9998690543672875 0.002710112919835595 0.01725325808054339 0.07324889805501088 1.998581892069298
433 3464 -0.9974800913275312 -0.9936204917664277 0.9987862107377528 0.9997874405875915 0.0028325316866567155 0.02298911662095593 0.09924383149878484 1.9974018471981732
434 3472 -0.9974800913275312 -0.9936204917664277 0.9987862107377528 0.9997874405875915 0.0028325316866567155 0.02298911662095593 0.09924383149878484 1.9974018471981732
435 3480 -0.9974800913275312 -0.9936204917664277 0.9987862107377528 0.9997874405875915 0.0028325316866567155 0.02298911662095593 0.09924383149878484 1.9974018471981732
436 3488 -0.9974800913275312 -0.9936204917664277 0.9987862107377528 0.9997874405875915 0.0028325316866567155 0.02298911662095593 0.09924383149878484 1.9974018471981732
437 3496 -0.995700953321367 -0.989349428598196 0.9979414630037371 0.9995988056425326 0.003756852531724042 0.03227361424679742 0.12842063313017574 1.9956082884346187
438 3504 -0.995700953321367 -0.989349428598196 0.9979414630037371 0.9995988056425326 0.003756852531724042 0.03227361424679742 0.12842063313017574 1.9956082884346187
439 3512 -0.995700953321367 -0.989349428598196 0.9979414630037371 0.9995988056425326 0.003756852531724042 0.03227361424679742 0.12842063313017574 1.9956082884346187
440 3520 -0.995700953321367 -0.989349428598196 0.9979414630037371 0.9995988056425326 0.003756852531724042 0.03227361424679742 0.12842063313017574 1.9956082884346187
441 3528 -0.9923608085839634 -0.9776780754625989 0.994453298018066 0.9988118044859897 0.004293378479914689 0.04831902615666098 0.1927442165018762 1.9900996220334242
442 3536 -0.9923608085839634 -0.9776780754625989 0.994453298018066 0.9988118044859897 0.004293378479914689 0.04831902615666098 0.1927442165018762 1.9900996220334242
443 3544 -0.9923608085839634 -0.9776780754625989 0.994453298018066 0.9988118044859897 0.004293378479914689 0.04831902615666098 0.1927442165018762 1.9900996220334242
444 3552 -0.9923608085839634 -0.9776780754625989 0.994453298018066 0.9988118044859897 0.004293378479914689 0.04831902615666098 0.1927442165018762 1.9900996220334242
445 3560 -0.9955773689903602 -0.9881445559806532 0.9973096698551036 0.9994626892638064 0.0037484286691199377 0.03575957410981719 0.1382254605087597 1.9948937125092998
446 3568 -0.9955773689903602 -0.9881445559806532 0.9973096698551036 0.9994626892638064 0.0037484286691199377 0.03575957410981719 0.1382254605087597 1.9948937125092998
447 3576 -0.9955773689903602 -0.9881445559806532 0.9973096698551036 0.9994626892638064 0.0037484286691199377 0.03575957410981719 0.1382254605087597 1.9948937125092998
448 3584 -0.9955773689903602 -0.9881445559806532 0.9973096698551036 0.9994626892638064 0.0037484286691199377 0.03575957410981719 0.1382254605087597 1.9948937125092998
449 3592 -0.9959846288907963 -0.9912538965402107 0.9981602214207839 0.9996014517491275 0.0037993789169222018 0.03838239447646029 0.11621179068412019 1.9962482751952701
450 3600 -0.9959846288907963 -0.9912538965402107 0.9981602214207839 0.9996014517491275 0.0037993789169222018 0.03838239447646029 0.11621179068412019 1.9962482751952701
451 3608 -0.9959846288907963 -0.9912538965402107 0.9981602214207839 0.9996014517491275 0.0037993789169222018 0.03838239447646029 0.11621179068412019 1.9962482751952701
452 3616 -0.9959846288907963 -0.9912538965402107 0.9981602214207839 0.9996014517491275 0.0037993789169222018 0.03838239447646029 0.11621179068412019 1.9962482751952701
453 3624 -0.992967057720925 -0.9874603016990149 0.9981816034159822 0.9996490432771756 0.004305309916657567 0.042034906911553 0.13587807513301628 1.9949314974719319
454 3632 -0.992967057720925 -0.9874603016990149 0.9981816034159822 0.9996490432771756 0.004305309916657567 0.042034906911553 0.13587807513301628 1.9949314974719319
455 3640 -0.992967057720925 -0.9874603016990149 0.9981816034159822 0.9996490432771756 0.004305309916657567 0.042034906911553 0.13587807513301628 1.9949314974719319
456 3648 -0.992967057720925 -0.9874603016990149 0.9981816034159822 0.9996490432771756 0.004305309916657567 0.042034906911553 0.13587807513301628 1.9949314974719319
457 3656 -0.99283254306778 -0.9858486436493463 0.9978389737911006 0.9995526801148478 0.004706854205976673 0.04048284467590853 0.1462109687581297 1.9942320169491912
458 3664 -0.99283254306778 -0.9858486436493463 0.9978389737911006 0.9995526801148478 0.004706854205976673 0.04048284467590853 0.1462109687581297 1.9942320169491912
459 3672 -0.99283254306778 -0.9858486436493463 0.9978389737911006 0.9995526801148478 0.004706854205976673 0.04048284467590853 0.1462109687581297 1.9942320169491912
460 3680 -0.99283254306778 -0.9858486436493463 0.9978389737911006 0.9995526801148478 0.004706854205976673 0.04048284467590853 0.1462109687581297 1.9942320169491912
461 3688 -0.9902714120619145 -0.982547697572449 0.9976971184324244 0.9995610469343426 0.00582025138813732 0.04480513426687423 0.1604028877810398 1.9930452925632702
462 3696 -0.9902714120619145 -0.982547697572449 0.9976971184324244 0.9995610469343426 0.00582025138813732 0.04480513426687423 0.1604028877810398 1.9930452925632702
463 3704 -0.9902714120619145 -0.982547697572449 0.9976971184324244 0.9995610469343426 0.00582025138813732 0.04480513426687423 0.1604028877810398 1.9930452925632702
464 3712 -0.9902714120619145 -0.982547697572449 0.9976971184324244 0.9995610469343426 0.00582025138813732 0.04480513426687423 0.1604028877810398 1.9930452925632702
465 3720 -0.9944269508333766 -0.9900047112085997 0.9986410976506271 0.9997732494566809 0.00441055870034529 0.034454064178789684 0.1208369569396818 1.9960440612048302
466 3728 -0.9944269508333766 -0.9900047112085997 0.9986410976506271 0.9997732494566809 0.00441055870034529 0.034454064178789684 0.1208369569396818 1.9960440612048302
467 3736 -0.9944269508333766 -0.9900047112085997 0.9986410976506271 0.9997732494566809 0.00441055870034529 0.034454064178789684 0.1208369569396818 1.9960440612048302
468 3744 -0.9944269508333766 -0.9900047112085997 0.9986410976506271 0.9997732494566809 0.00441055870034529 0.034454064178789684 0.1208369569396818 1.9960440612048302
469 3752 -0.996794075821199 -0.9948633379642309 0.9990027159643222 0.9998071724229843 0.0045395400021809975 0.0361368275682604 0.08637794531014226 1.9978018852813884
470 3760 -0.996794075821199 -0.9948633379642309 0.9990027159643222 0.9998071724229843 0.0045395400021809975 0.0361368275682604 0.08637794531014226 1.9978018852813884
471 3768 -0.996794075821199 -0.9948633379642309 0.9990027159643222 0.9998071724229843 0.0045395400021809975 0.0361368275682604 0.08637794531014226 1.9978018852813884
472 3776 -0.996794075821199 -0.9948633379642309 0.9990027159643222 0.9998071724229843 0.0045395400021809975 0.0361368275682604 0.08637794531014226 1.9978018852813884
473 3784 -0.9968562652012096 -0.9944178020194621 0.9993169355302817 0.9998639627224053 0.004113391069837617 0.024098740635860486 0.0905201879267081 1.9978008975599608
474 3792 -0.9968562652012096 -0.9944178020194621 0.9993169355302817 0.9998639627224053 0.004113391069837617 0.024098740635860486 0.0905201879267081 1.9978008975599608
475 3800 -0.9968562652012096 -0.9944178020194621 0.9993169355302817 0.9998639627224053 0.004113391069837617 0.024098740635860486 0.0905201879267081 1.9978008975599608
476 3808 -0.9968562652012096 -0.9944178020194621 0.9993169355302817 0.9998639627224053 0.004113391069837617 0.024098740635860486 0.0905201879267081 1.9978008975599608
477 3816 -0.9977897128735509 -0.9954256931781862 0.9992131063507865 0.9998570139964975 0.003914343761343666 0.023272802254746584 0.08329433376961755 1.9981253986049035
478 3824 -0.9977897128735509 -0.9954256931781862 0.9992131063507865 0.9998570139964975 0.003914343761343666 0.023272802254746584 0.08329433376961755 1.9981253986049035
479 3832 -0.9977897128735509 -0.9954256931781862 0.9992131063507865 0.9998570139964975 0.003914343761343666 0.023272802254746584 0.08329433376961755 1.9981253986049035
480 3840 -0.9977897128735509 -0.9954256931781862 0.9992131063507865 0.9998570139964975 0.003914343761343666 0.023272802254746584 0.08329433376961755 1.9981253986049035
481 3848 -0.9985301715040066 -0.9962536511402209 0.9991578607432454 0.9998539452332644 0.0036864760374499543 0.019930093320642762 0.07747896678161909 1.998395909468669
482 3856 -0.9985301715040066 -0.9962536511402209 0.9991578607432454 0.9998539452332644 0.0036864760374499543 0.019930093320642762 0.07747896678161909 1.998395909468669
483 3864 -0.9985301715040066 -0.9962536511402209 0.9991578607432454 0.9998539452332644 0.0036864760374499543 0.019930093320642762 0.07747896678161909 1.998395909468669
484 3872 -0.9985301715040066 -0.9962536511402209 0.9991578607432454 0.9998539452332644 0.0036864760374499543 0.019930093320642762 0.07747896678161909 1.998395909468669
485 3880 -0.9953764388993862 -0.9904598863338212 0.9980462174694463 0.9996790300402287 0.005804099823486705 0.03816934840301594 0.12119440160322947 1.9959512344463137
486 3888 -0.9953764388993862 -0.9904598863338212 0.9980462174694463 0.9996790300402287 0.005804099823486705 0.03816934840301594 0.12119440160322947 1.9959512344463137
487 3896 -0.9953764388993862 -0.9904598863338212 0.9980462174694463 0.9996790300402287 0.005804099823486705 0.03816934840301594 0.12119440160322947 1.9959512344463137
488 3904 -0.9953764388993862 -0.9904598863338212 0.9980462174694463 0.9996790300402287 0.005804099823486705 0.03816934840301594 0.12119440160322947 1.9959512344463137
489 3912 -0.998126236864436 -0.995707815518978 0.9991180793750976 0.9998742798152664 0.003899775708174972 0.021925897113066285 0.08153642362164336 1.9982131664084801
490 3920 -0.998126236864436 -0.995707815518978 0.9991180793750976 0.9998742798152664 0.003899775708174972 0.021925897113066285 0.08153642362164336 1.9982131664084801
491 3928 -0.998126236864436 -0.995707815518978 0.9991180793750976 0.9998742798152664 0.003899775708174972 0.021925897113066285 0.08153642362164336 1.9982131664084801
492 3936 -0.998126236864436 -0.995707815518978 0.9991180793750976 0.9998742798152664 0.003899775708174972 0.021925897113066285 0.08153642362164336 1.9982131664084801
493 3944 -0.9981358194643881 -0.9956815594525674 0.9991639221590601 0.9999234605133114 0.0022766876362320214 0.019509007888400962 0.08080060097945392 1.998270621859306
494 3952 -0.9981358194643881 -0.9956815594525674 0.9991639221590601 0.9999234605133114 0.0022766876362320214 0.019509007888400962 0.08080060097945392 1.998270621859306
495 3960 -0.9981358194643881 -0.9956815594525674 0.9991639221590601 0.9999234605133114 0.0022766876362320214 0.019509007888400962 0.08080060097945392 1.998270621859306
496 3968 -0.9981358194643881 -0.9956815594525674 0.9991639221590601 0.9999234605133114 0.0022766876362320214 0.019509007888400962 0.08080060097945392 1.998270621859306
497 3976 -0.9979395655394246 -0.9950253345835893 0.9991538402095794 0.9999359131631563 0.0017647793225796862 0.015514609721986249 0.08619442072432541 1.9980807551936222
498 3984 -0.9979395655394246 -0.9950253345835893 0.9991538402095794 0.9999359131631563 0.0017647793225796862 0.015514609721986249 0.08619442072432541 1.9980807551936222
499 3992 -0.9979395655394246 -0.9950253345835893 0.9991538402095794 0.9999359131631563 0.0017647793225796862 0.015514609721986249 0.08619442072432541 1.9980807551936222
500 4000 -0.9979395655394246 -0.9950253345835893 0.9991538402095794 0.9999359131631563 0.0017647793225796862 0.015514609721986249 0.08619442072432541 1.9980807551936222
501 4008 -0.9982985488897225 -0.9959117446945553 0.9993254823156379 0.9999562005978542 0.0014424937892450137 0.013296965856881542 0.07776493122545361 1.9984428251471618
502 4016 -0.9982985488897225 -0.9959117446945553 0.9993254823156379 0.9999562005978542 0.0014424937892450137 0.013296965856881542 0.07776493122545361 1.9984428251471618
503 4024 -0.9982985488897225 -0.9959117446945553 0.9993254823156379 0.9999562005978542 0.0014424937892450137 0.013296965856881542 0.07776493122545361 1.9984428251471618
504 4032 -0.9982985488897225 -0.9959117446945553 0.9993254823156379 0.9999562005978542 0.0014424937892450137 0.013296965856881542 0.07776493122545361 1.9984428251471618
505 4040 -0.9979408157330197 -0.9948811563204469 0.9990974887417676 0.9999411455717332 0.0012565824989605792 0.015420919425634769 0.0873038161095775 1.9980336983988023
506 4048 -0.9979408157330197 -0.9948811563204469 0.9990974887417676 0.9999411455717332 0.0012565824989605792 0.015420919425634769 0.0873038161095775 1.9980336983988023
507 4056 -0.9979408157330197 -0.9948811563204469 0.9990974887417676 0.9999411455717332 0.0012565824989605792 0.015420919425634769 0.0873038161095775 1.9980336983988023
508 4064 -0.9979408157330197 -0.9948811563204469 0.9990974887417676 0.9999411455717332 0.0012565824989605792 0.015420919425634769 0.0873038161095775 1.9980336983988023
509 4072 -0.9973091022750238 -0.9921779526750216 0.9984407692008865 0.9999086948408497 0.0013433419641991453 0.014688836482907485 0.10869406948423584 1.9969897427813952
510 4080 -0.9973091022750238 -0.9921779526750216 0.9984407692008865 0.9999086948408497 0.0013433419641991453 0.014688836482907485 0.10869406948423584 1.9969897427813952
511 4088 -0.9973091022750238 -0.9921779526750216 0.9984407692008865 0.9999086948408497 0.0013433419641991453 0.014688836482907485 0.10869406948423584 1.9969897427813952
512 4096 -0.9973091022750238 -0.9921779526750216 0.9984407692008865 0.9999086948408497 0.0013433419641991453 0.014688836482907485 0.10869406948423584 1.9969897427813952
513 4104 -0.9970868096339889 -0.9907055928344088 0.9978446440994186 0.9998621215299832 0.0017568592772345003 0.0180167074911101 0.11991833014431154 1.9963195900937452
514 4112 -0.9970868096339889 -0.9907055928344088 0.9978446440994186 0.9998621215299832 0.0017568592772345003 0.0180167074911101 0.11991833014431154 1.9963195900937452
515 4120 -0.9970868096339889 -0.9907055928344088 0.9978446440994186 0.9998621215299832 0.0017568592772345003 0.0180167074911101 0.11991833014431154 1.9963195900937452
516 4128 -0.9970868096339889 -0.9907055928344088 0.9978446440994186 0.9998621215299832 0.0017568592772345003 0.0180167074911101 0.11991833014431154 1.9963195900937452
517 4136 -0.9970210729728906 -0.9911674084851277 0.9982092659490793 0.999890515360309 0.001576723581758047 0.015043193943481607 0.11582160163100517 1.9965862297567705
518 4144 -0.9970210729728906 -0.9911674084851277 0.9982092659490793 0.999890515360309 0.001576723581758047 0.015043193943481607 0.11582160163100517 1.9965862297567705
519 4152 -0.9970210729728906 -0.9911674084851277 0.9982092659490793 0.999890515360309 0.001576723581758047 0.015043193943481607 0.11582160163100517 1.9965862297567705
520 4160 -0.9970210729728906 -0.9911674084851277 0.9982092659490793 0.999890515360309 0.001576723581758047 0.015043193943481607 0.11582160163100517 1.9965862297567705
521 4168 -0.9984940056616853 -0.9959919784053319 0.9992896620078098 0.9999555379227992 0.0015259740863036858 0.010560403393575429 0.0773933147910559 1.9984735234945958
522 4176 -0.9984940056616853 -0.9959919784053319 0.9992896620078098 0.9999555379227992 0.0015259740863036858 0.010560403393575429 0.0773933147910559 1.9984735234945958
523 4184 -0.9984940056616853 -0.9959919784053319 0.9992896620078098 0.9999555379227992 0.0015259740863036858 0.010560403393575429 0.0773933147910559 1.9984735234945958
524 4192 -0.9984940056616853 -0.9959919784053319 0.9992896620078098 0.9999555379227992 0.0015259740863036858 0.010560403393575429 0.0773933147910559 1.9984735234945958
525 4200 -0.9987659716152679 -0.9964909805577106 0.9993277085255594 0.9999515795754466 0.0018271466523776087 0.00924016918868007 0.07308740926142054 1.9986419167564582
526 4208 -0.9987659716152679 -0.9964909805577106 0.9993277085255594 0.9999515795754466 0.0018271466523776087 0.00924016918868007 0.07308740926142054 1.9986419167564582
527 4216 -0.9987659716152679 -0.9964909805577106 0.9993277085255594 0.9999515795754466 0.0018271466523776087 0.00924016918868007 0.07308740926142054 1.9986419167564582
528 4224 -0.9987659716152679 -0.9964909805577106 0.9993277085255594 0.9999515795754466 0.0018271466523776087 0.00924016918868007 0.07308740926142054 1.9986419167564582
529 4232 -0.9982986833820088 -0.995118141708907 0.9990914087754972 0.9999287427796401 0.0016373918320861968 0.009102644778768411 0.08647377392136153 1.9981082921678237
530 4240 -0.9982986833820088 -0.995118141708907 0.9990914087754972 0.9999287427796401 0.0016373918320861968 0.009102644778768411 0.08647377392136153 1.9981082921678237
531 4248 -0.9982986833820088 -0.995118141708907 0.9990914087754972 0.9999287427796401 0.0016373918320861968 0.009102644778768411 0.08647377392136153 1.9981082921678237
532 4256 -0.9982986833820088 -0.995118141708907 0.9990914087754972 0.9999287427796401 0.0016373918320861968 0.009102644778768411 0.08647377392136153 1.9981082921678237
533 4264 -0.9981210449545467 -0.9949104343215622 0.9991431682046081 0.9999265154143397 0.0014383052018747007 0.008214203333413123 0.08812473543080258 1.9980401620455468
534 4272 -0.9981210449545467 -0.9949104343215622 0.9991431682046081 0.9999265154143397 0.0014383052018747007 0.008214203333413123 0.08812473543080258 1.9980401620455468
535 4280 -0.9981210449545467 -0.9949104343215622 0.9991431682046081 0.9999265154143397 0.0014383052018747007 0.008214203333413123 0.08812473543080258 1.9980401620455468
536 4288 -0.9981210449545467 -0.9949104343215622 0.9991431682046081 0.9999265154143397 0.0014383052018747007 0.008214203333413123 0.08812473543080258 1.9980401620455468
537 4296 -0.9994477869887779 -0.9984958113143592 0.9997264396379624 0.9999783786371452 0.0011722157554460834 0.006138103704112693 0.047872431462011096 1.9994172100637362
538 4304 -0.9994477869887779 -0.9984958113143592 0.9997264396379624 0.9999783786371452 0.0011722157554460834 0.006138103704112693 0.047872431462011096 1.9994172100637362
539 4312 -0.9994477869887779 -0.9984958113143592 0.9997264396379624 0.9999783786371452 0.0011722157554460834 0.006138103704112693 0.047872431462011096 1.9994172100637362
540 4320 -0.9994477869887779 -0.9984958113143592 0.9997264396379624 0.9999783786371452 0.0011722157554460834 0.006138103704112693 0.047872431462011096 1.9994172100637362
541 4328 -0.9992530137353745 -0.9979668011798779 0.9996476526113525 0.9999665273263989 0.0009349182204573346 0.006034463163535101 0.055960270382599965 1.9992076328688213
542 4336 -0.9992530137353745 -0.9979668011798779 0.9996476526113525 0.9999665273263989 0.0009349182204573346 0.006034463163535101 0.055960270382599965 1.9992076328688213
543 4344 -0.9992530137353745 -0.9979668011798779 0.9996476526113525 0.9999665273263989 0.0009349182204573346 0.006034463163535101 0.055960270382599965 1.9992076328688213
544 4352 -0.9992530137353745 -0.9979668011798779 0.9996476526113525 0.9999665273263989 0.0009349182204573346 0.006034463163535101 0.055960270382599965 1.9992076328688213
545 4360 -0.9995271889503343 -0.998724964641508 0.9997742103193243 0.9999811223199081 0.0006637537591612045 0.005532527572070259 0.04414461437386482 1.9995049896390342
546 4368 -0.9995271889503343 -0.998724964641508 0.9997742103193243 0.9999811223199081 0.0006637537591612045 0.005532527572070259 0.04414461437386482 1.9995049896390342
547 4376 -0.9995271889503343 -0.998724964641508 0.9997742103193243 0.9999811223199081 0.0006637537591612045 0.005532527572070259 0.04414461437386482 1.9995049896390342
548 4384 -0.9995271889503343 -0.998724964641508 0.9997742103193243 0.9999811223199081 0.0006637537591612045 0.005532527572070259 0.04414461437386482 1.9995049896390342
549 4392 -0.9989039699969324 -0.996888210961602 0.9994256545313664 0.9999510020427773 0.0008457251949004874 0.007587277872540683 0.0692534276383753 1.9987860517633491
550 4400 -0.9989039699969324 -0.996888210961602 0.9994256545313664 0.9999510020427773 0.0008457251949004874 0.007587277872540683 0.0692534276383753 1.9987860517633491
551 4408 -0.9989039699969324 -0.996888210961602 0.9994256545313664 0.9999510020427773 0.0008457251949004874 0.007587277872540683 0.0692534276383753 1.9987860517633491
552 4416 -0.9989039699969324 -0.996888210961602 0.9994256545313664 0.9999510020427773 0.0008457251949004874 0.007587277872540683 0.0692534276383753 1.9987860517633491
553 4424 -0.9992548521205802 -0.9976339244696733 0.9994997593857814 0.9999611273574279 0.0007514826825926399 0.006343160313839819 0.060750160125704535 1.9990669367571738
554 4432 -0.9992548521205802 -0.9976339244696733 0.9994997593857814 0.9999611273574279 0.0007514826825926399 0.006343160313839819 0.060750160125704535 1.9990669367571738
555 4440 -0.9992548521205802 -0.9976339244696733 0.9994997593857814 0.9999611273574279 0.0007514826825926399 0.006343160313839819 0.060750160125704535 1.9990669367571738
556 4448 -0.9992548521205802 -0.9976339244696733 0.9994997593857814 0.9999611273574279 0.0007514826825926399 0.006343160313839819 0.060750160125704535 1.9990669367571738
557 4456 -0.9990444407065238 -0.9970528097712595 0.9993948517883005 0.9999518983399591 0.0004891368930968399 0.0073506415178763666 0.06772679428100882 1.9988393657697445
558 4464 -0.9990444407065238 -0.9970528097712595 0.9993948517883005 0.9999518983399591 0.0004891368930968399 0.0073506415178763666 0.06772679428100882 1.9988393657697445
559 4472 -0.9990444407065238 -0.9970528097712595 0.9993948517883005 0.9999518983399591 0.0004891368930968399 0.0073506415178763666 0.06772679428100882 1.9988393657697445
560 4480 -0.9990444407065238 -0.9970528097712595 0.9993948517883005 0.9999518983399591 0.0004891368930968399 0.0073506415178763666 0.06772679428100882 1.9988393657697445
561 4488 -0.9993591840058587 -0.9979921390747715 0.9995707747547095 0.9999680475574168 0.00031352158603895053 0.0066644580706596915 0.05591157690650533 1.9992071884301206
562 4496 -0.9993591840058587 -0.9979921390747715 0.9995707747547095 0.9999680475574168 0.00031352158603895053 0.0066644580706596915 0.05591157690650533 1.9992071884301206
563 4504 -0.9993591840058587 -0.9979921390747715 0.9995707747547095 0.9999680475574168 0.00031352158603895053 0.0066644580706596915 0.05591157690650533 1.9992071884301206
564 4512 -0.9993591840058587 -0.9979921390747715 0.9995707747547095 0.9999680475574168 0.00031352158603895053 0.0066644580706596915 0.05591157690650533 1.9992071884301206
565 4520 -0.9994188540068907 -0.9981550009183957 0.9995896107204887 0.999968949404977 0.0002623283288095411 0.006978703168701704 0.05377021038604828 1.9992648632337262
566 4528 -0.9994188540068907 -0.9981550009183957 0.9995896107204887 0.999968949404977 0.0002623283288095411 0.006978703168701704 0.05377021038604828 1.9992648632337262
567 4536 -0.9994188540068907 -0.9981550009183957 0.9995896107204887 0.999968949404977 0.0002623283288095411 0.006978703168701704 0.05377021038604828 1.9992648632337262
568 4544 -0.9994188540068907 -0.9981550009183957 0.9995896107204887 0.999968949404977 0.0002623283288095411 0.006978703168701704 0.05377021038604828 1.9992648632337262
569 4552 -0.9993985633325961 -0.9977798207325657 0.9993950129769411 0.9999565590298879 0.000278047882071403 0.008650186723974787 0.059849824118549715 1.9990855648300783
570 4560 -0.9993985633325961 -0.9977798207325657 0.9993950129769411 0.9999565590298879 0.000278047882071403 0.008650186723974787 0.059849824118549715 1.9990855648300783
571 4568 -0.9993985633325961 -0.9977798207325657 0.9993950129769411 0.9999565590298879 0.000278047882071403 0.008650186723974787 0.059849824118549715 1.9990855648300783
572 4576 -0.9993985633325961 -0.9977798207325657 0.9993950129769411 0.9999565590298879 0.000278047882071403 0.008650186723974787 0.059849824118549715 1.9990855648300783
573 4584 -0.998828998703531 -0.9962423458019205 0.999090933859852 0.999933631713108 0.00033258137969018726 0.012317460734621607 0.07701109222835428 1.998478786783706
574 4592 -0.998828998703531 -0.9962423458019205 0.999090933859852 0.999933631713108 0.00033258137969018726 0.012317460734621607 0.07701109222835428 1.998478786783706
575 4600 -0.998828998703531 -0.9962423458019205 0.999090933859852 0.999933631713108 0.00033258137969018726 0.012317460734621607 0.07701109222835428 1.998478786783706
576 4608 -0.998828998703531 -0.9962423458019205 0.999090933859852 0.999933631713108 0.00033258137969018726 0.012317460734621607 0.07701109222835428 1.998478786783706
577 4616 -0.9987245771756811 -0.9955864771576549 0.9989467112516345 0.9999229260164022 0.0003013434525015559 0.009566917622688555 0.08358179766704596 1.9982298332219115
578 4624 -0.9987245771756811 -0.9955864771576549 0.9989467112516345 0.9999229260164022 0.0003013434525015559 0.009566917622688555 0.08358179766704596 1.9982298332219115
579 4632 -0.9987245771756811 -0.9955864771576549 0.9989467112516345 0.9999229260164022 0.0003013434525015559 0.009566917622688555 0.08358179766704596 1.9982298332219115
580 4640 -0.9987245771756811 -0.9955864771576549 0.9989467112516345 0.9999229260164022 0.0003013434525015559 0.009566917622688555 0.08358179766704596 1.9982298332219115
581 4648 -0.9981924206918182 -0.9946561775266423 0.9988072541086868 0.9999119860568276 0.0002178127060233116 0.01528816013038337 0.09124652867945854 1.9978589278828978
582 4656 -0.9981924206918182 -0.9946561775266423 0.9988072541086868 0.9999119860568276 0.0002178127060233116 0.01528816013038337 0.09124652867945854 1.9978589278828978
583 4664 -0.9981924206918182 -0.9946561775266423 0.9988072541086868 0.9999119860568276 0.0002178127060233116 0.01528816013038337 0.09124652867945854 1.9978589278828978
584 4672 -0.9981924206918182 -0.9946561775266423 0.9988072541086868 0.9999119860568276 0.0002178127060233116 0.01528816013038337 0.09124652867945854 1.9978589278828978
585 4680 -0.9986167335680292 -0.9958268529390444 0.9989914126442019 0.9999297336847597 0.00020023180128003125 0.015118541687288354 0.08085917664691217 1.9983075797175114
