% # columns="iteration, evaluation, sigma, void, void,  stds==sigma*sqrt(diag(C))", seed=716838, Mon Apr 11 03:56:09 2022, <python>{}</python>
1 8 0.8812008707071748 0 0 0.8546012056148603 0.7943064975964929 0.9356324924899736 0.8614575396206486
2 16 0.7093510768959869 0 0 0.6684188873453838 0.6450736178619134 0.7456297784085691 0.6435270305326012
3 24 0.8161240755211181 0 0 0.9583628150718245 0.8006065344070806 0.8625449216030229 0.7434648171387618
4 32 0.7318827758412519 0 0 0.8455037876128862 0.7030023203671945 0.7463060760816068 0.6287723785601931
5 40 0.6183572043445376 0 0 0.6621730617543465 0.5717367437359928 0.6372405082256523 0.4781880350745589
6 48 0.5762101842909284 0 0 0.6265502868269328 0.5233812388301373 0.5878682583058703 0.4578484933859613
7 56 0.49169468899235147 0 0 0.528243760017935 0.4364620609042153 0.5072221107808977 0.3350946619535507
8 64 0.42635002250024073 0 0 0.40635019721783816 0.3479609469669949 0.43931666298717176 0.2843584628801874
9 72 0.33677163418041195 0 0 0.30024745904136774 0.23654866981951483 0.33955708551929165 0.20415024976805818
10 80 0.27928156628510115 0 0 0.2311714696246444 0.19712307474922275 0.2670784844985875 0.16861878435225736
11 88 0.28564172268828303 0 0 0.23214156633535485 0.20124023893604912 0.26612026442822795 0.17589708543049828
12 96 0.3486813491721588 0 0 0.35181329155191005 0.22741405461985964 0.3558414247179035 0.2153404438349028
13 104 0.38449890780586066 0 0 0.4015425763906173 0.2695291689667717 0.4023537466507983 0.22591764827305097
14 112 0.370760786375049 0 0 0.37932492288662 0.2554902887832985 0.35924582325574367 0.20657057706499887
15 120 0.3699304427122369 0 0 0.387277945977314 0.24379992073254808 0.36023382631092893 0.20707926837363863
16 128 0.406247158610592 0 0 0.4085627010763193 0.24298472234204804 0.40200645227603127 0.23583374223293016
17 136 0.36950705311907056 0 0 0.37159735330117105 0.22705797954472376 0.3734280021652898 0.21991222742372984
18 144 0.3697242196345246 0 0 0.32193940224226875 0.22250723537241565 0.37762181105937176 0.21048409816976646
19 152 0.4676514104673804 0 0 0.5337235926870537 0.2820098490729344 0.44089610195843815 0.2656182800028987
20 160 0.6262754833037808 0 0 0.681247875209225 0.32787457223522953 0.6468859000788999 0.381358981691627
21 168 0.7684275977104871 0 0 0.9627617103255456 0.43598905259138476 0.7519432312000857 0.4804498951923964
22 176 1.0365433159277482 0 0 1.3419330917411227 0.6180924004894561 1.0939760172385118 0.6597042852912895
23 184 1.1186881792567798 0 0 1.5244823300616623 0.5967698072945464 1.200686953262649 0.6923238652402693
24 192 1.0805285921658552 0 0 1.553482180432224 0.5402736146311025 1.2418935927006451 0.6840910538477042
25 200 0.900315446142809 0 0 1.1682601052368373 0.4294502580224135 1.0834372996142332 0.5105751756375986
26 208 0.8368927580519968 0 0 1.058590515004405 0.3899382536790201 0.9735628564832437 0.44904610044625476
27 216 0.815578372532902 0 0 1.0965347286730132 0.34378080438291514 0.9071288537288226 0.45278911361479546
28 224 0.8167458556878349 0 0 1.1873086657205463 0.3469620635609592 0.8453367895548342 0.4421595896159632
29 232 0.8336199397698171 0 0 1.2694889180436857 0.3418915910993076 0.8654566547188526 0.46072142473374056
30 240 0.7401262371707591 0 0 1.0804732588956714 0.2930578770316487 0.7208463742795563 0.39745989138029864
31 248 0.7368675604871764 0 0 1.1444739703338656 0.29132261389537406 0.647187997623911 0.378557230876896
32 256 0.7584954610632224 0 0 1.2017580695951804 0.3067629742606554 0.6651313552254694 0.3759565744618685
33 264 0.7090468666084412 0 0 1.047176113142558 0.29012315006780043 0.6243572754285824 0.3654417726096981
34 272 0.7554231887303052 0 0 1.1230754223377328 0.3125350309605645 0.622992486806881 0.3656118128081787
35 280 0.7115568468467359 0 0 0.912474743356662 0.28506832831108403 0.5649047629948067 0.3336973690466197
36 288 0.6218066886182084 0 0 0.7420090861664973 0.22793542939669853 0.5311904551980393 0.28115583979608516
37 296 0.5226902274794204 0 0 0.5744263716793122 0.17202827124720582 0.45449414347148226 0.2122546587771201
38 304 0.5285071399626459 0 0 0.5888390957741729 0.17121337957408472 0.4200601183648547 0.2113095226630741
39 312 0.5250987936368378 0 0 0.6062491362857046 0.15129477889278822 0.4008077906498671 0.20070545727308017
40 320 0.49091302977038415 0 0 0.607090443870896 0.13625202236472725 0.36276753378337123 0.167686873519579
41 328 0.4597793364374741 0 0 0.5482826442278343 0.12759266190077778 0.3367705239669429 0.15559995948729824
42 336 0.47826243701957827 0 0 0.5550101747897827 0.14433775312638789 0.3674173764920323 0.16431700204261973
43 344 0.4121665782486087 0 0 0.4597534754613249 0.12414082257503331 0.3320842789713921 0.12560941136968015
44 352 0.44508112290082896 0 0 0.5314781988331233 0.13060386060063073 0.3570923088564025 0.12478218652195587
45 360 0.42841320586442955 0 0 0.48574781580082915 0.1240013255867587 0.353713488344268 0.1212668670227506
46 368 0.3865466423341206 0 0 0.46192915879825036 0.10228546208402595 0.3118175571392031 0.10603004072274297
47 376 0.4006648940738815 0 0 0.5471373931070451 0.10943403936515607 0.3070386748137991 0.1132046696012633
48 384 0.35527116206014886 0 0 0.4547541977392016 0.08710747416999527 0.28679876312298586 0.08413471933425244
49 392 0.3167032508988924 0 0 0.3871272168842986 0.06802534449164858 0.24657118353417382 0.07456386497405189
50 400 0.2819705770075839 0 0 0.3344842897573714 0.05519027390574561 0.211151839780322 0.06495244667960538
51 408 0.24384704439650373 0 0 0.28669537518399735 0.046399249893055355 0.17994713661679076 0.0584480903963106
52 416 0.2671892884506261 0 0 0.3360612101728359 0.04946505282288786 0.2009403201500813 0.0741432148999291
53 424 0.2664611010581176 0 0 0.3411566728884972 0.05653709248391529 0.22234925148692805 0.07629245510034242
54 432 0.2172473344305063 0 0 0.26972963172848474 0.0481293154326545 0.17648788772805454 0.0590919063298406
55 440 0.177821450955926 0 0 0.20160664695654038 0.03642918687757074 0.1480965317933807 0.04789872144916334
56 448 0.1600882733199275 0 0 0.16712892942832736 0.03258035651840106 0.12799732752776202 0.03968672640515813
57 456 0.1487934242259522 0 0 0.1350506113747039 0.030058085885221547 0.11547716151374986 0.03543849190321243
58 464 0.13523407401905968 0 0 0.1181026178316358 0.02596836894473735 0.10288555879513663 0.03158873751680495
59 472 0.1642237179453312 0 0 0.1545312440697913 0.03019035516052034 0.12856362449394246 0.03754138138449777
60 480 0.15252565686789926 0 0 0.14297844365133117 0.02576654785616103 0.11614397766116787 0.03571367090377262
61 488 0.14402356431561122 0 0 0.13024309208958895 0.02483218870687852 0.1028933239800183 0.03211916820244256
62 496 0.12618413467230172 0 0 0.1123869202227229 0.021082678048219988 0.08684034727654964 0.027558626080031838
63 504 0.15262261789091036 0 0 0.1324472029482934 0.02954100366899082 0.1294309287170161 0.04251013168163081
64 512 0.19956841602664063 0 0 0.1808563591828812 0.04251002614472382 0.18194567014692342 0.05879410543547305
65 520 0.2243645262489652 0 0 0.18189425661607053 0.04856346109338317 0.21400673791788746 0.07016049764806084
66 528 0.2680266468487595 0 0 0.2107075544439765 0.06389313091873956 0.28989176436091857 0.09063976045499156
67 536 0.2637414343035578 0 0 0.21497815945940138 0.060069046485913796 0.2580710477001792 0.08176504877708661
68 544 0.2389374855736967 0 0 0.18710607463909912 0.04938511676874569 0.21635723590816747 0.06937737263174047
69 552 0.25887697931345305 0 0 0.1928507792128927 0.056266748308522664 0.24463557250062923 0.07631416566564497
70 560 0.26810426668791343 0 0 0.19384617027072326 0.05365800869492004 0.23974044053022586 0.07607183732100174
71 568 0.26040271366562456 0 0 0.18263215120677384 0.04923020753731183 0.21633995740400358 0.07169660013677807
72 576 0.2806430958057705 0 0 0.1930731062554525 0.04775490862935111 0.20361691763474385 0.06563746904992758
73 584 0.2998600456945657 0 0 0.19197338052648658 0.053310173684277436 0.21875847671523177 0.07315537730734843
74 592 0.33845512673119127 0 0 0.23910284253310563 0.051172049756155656 0.20734897575434963 0.08017213193085268
75 600 0.35522339246129936 0 0 0.26458807937211604 0.05477530090726447 0.22965633273996441 0.08430269858820588
76 608 0.3986904197981011 0 0 0.3085515040513936 0.06283326703850739 0.25278428920643387 0.09297644408215237
77 616 0.411963942698194 0 0 0.3131174030537583 0.07307821633980423 0.27614069273795794 0.09175854578884703
78 624 0.41117677799795826 0 0 0.2609948890371799 0.07050188076251131 0.278974591962539 0.08873402233500922
79 632 0.42426562268559165 0 0 0.26896544528943 0.0700129751513183 0.26535468524929795 0.08551985242730255
80 640 0.42677930795580515 0 0 0.2744117891773982 0.06729609663710764 0.26188077527119996 0.0836980704742579
81 648 0.4108640983634041 0 0 0.2708730983611332 0.06976295972078082 0.27238302467542175 0.08635878847231429
82 656 0.35172879812128577 0 0 0.21909594631550522 0.05988524042108262 0.23058848627111642 0.0697440901658473
83 664 0.3897213600548917 0 0 0.22522400583043017 0.06996855656554926 0.25784229256600644 0.07782883490839196
84 672 0.3608716222135957 0 0 0.20952076549768983 0.06349472969595173 0.23367431564109375 0.06908553975608896
85 680 0.3844319423805282 0 0 0.22346574800480276 0.07128786690825177 0.26574234230413324 0.07234636579698207
86 688 0.35950464380361213 0 0 0.20075271687598797 0.06140083636850023 0.23293702627137133 0.061802029557237306
87 696 0.3367273525850139 0 0 0.1929746445580998 0.05303968112419354 0.19108972142576933 0.05274135104123456
88 704 0.29859484002822795 0 0 0.17191461074153933 0.04485049009942623 0.15470452441823127 0.044073400968261504
89 712 0.28014781171060243 0 0 0.15631620655943945 0.04255529349887723 0.14540725429610304 0.036236069874232044
90 720 0.27043784964231077 0 0 0.14851323034890038 0.04163592682390503 0.1514677846282712 0.03808221773194064
91 728 0.2845093338263094 0 0 0.15465918757445113 0.04156879520720063 0.14893072796969214 0.04410232769351171
92 736 0.3136756863470132 0 0 0.17317336089853091 0.046938180553231526 0.1620130963272139 0.04775090455244167
93 744 0.3383518849677999 0 0 0.16570789582552356 0.04988700807608072 0.17582839112449936 0.05225848185737508
94 752 0.259114153577262 0 0 0.1288039376807013 0.0355241750075983 0.12758074147823523 0.037702585280420656
95 760 0.23368490363041247 0 0 0.11011875395193836 0.02990358621070303 0.11522687931311866 0.03454653552853217
96 768 0.20109044305300106 0 0 0.09875172093897232 0.02554766569574732 0.10088868491157282 0.028835153176608654
97 776 0.1873679671667327 0 0 0.09058111060030462 0.023636057240375947 0.09371896545841214 0.028240537551261272
98 784 0.176271962673696 0 0 0.08482534184567869 0.020436246230413048 0.08110777501815501 0.025696102330134907
99 792 0.19835675838362365 0 0 0.09381808856206829 0.024090472859992145 0.09105578897658546 0.028598685545143034
100 800 0.21307607728538522 0 0 0.08724656569332144 0.02474854377681543 0.09608800005013614 0.0313577269077974
101 808 0.21454685923183564 0 0 0.08645500072730507 0.02313851332343441 0.09626270926874785 0.031158221239103057
102 816 0.21911166810205254 0 0 0.0923278419343603 0.022643206228147746 0.0977750357550874 0.03304869221454204
103 824 0.28246972896741174 0 0 0.12142126288491778 0.028329163418973204 0.11883619725893799 0.041237670270201435
104 832 0.33083316629836285 0 0 0.14108939368983797 0.032192909074948456 0.14073846188027903 0.050072125545461206
105 840 0.35107166048506655 0 0 0.14526360148284712 0.03364597587473334 0.14978367195666895 0.052725342083236114
106 848 0.293815817761712 0 0 0.10219082419126858 0.02824892868948264 0.12219936845369132 0.03844155721802358
107 856 0.2720045631119249 0 0 0.09475721772536982 0.02241280208356941 0.09936907218168466 0.03355995566998651
108 864 0.2902321829424273 0 0 0.10535083823479796 0.022374544579661558 0.11012863008936233 0.039327522018495764
109 872 0.27775813553777645 0 0 0.10752109351767944 0.01969541021156522 0.09227453549387507 0.03235894570931896
110 880 0.32447700977683896 0 0 0.10849502711431122 0.022974059102466783 0.11218809257889914 0.03630034699763368
111 888 0.3711264642233475 0 0 0.11221255933277133 0.0293924504635046 0.14565850841346095 0.04286156175976403
112 896 0.3802843753701566 0 0 0.11850066596066956 0.03294654476539193 0.14765735153402676 0.0429238520105868
113 904 0.4205738227060665 0 0 0.13121724636348028 0.03700316064958962 0.15239246896693096 0.04539269076062423
114 912 0.42556861024254705 0 0 0.13124234541804905 0.036684440490499536 0.15105301342070823 0.04567095344235201
115 920 0.5371859860303717 0 0 0.16832741859304515 0.04720686874260872 0.18480866339402657 0.058585617202247996
116 928 0.5430544092587837 0 0 0.15944263400435163 0.04220577750559906 0.1694959373691272 0.05510983719848887
117 936 0.4981311079432146 0 0 0.14610073949526306 0.038198296075634276 0.15052022973066947 0.04931975994606895
118 944 0.45812745177332226 0 0 0.13175547845947383 0.03633642542033094 0.12973545740185238 0.04428001133627207
119 952 0.434713712352353 0 0 0.12498271361399066 0.03403473776831245 0.11378735597537849 0.04017786182705358
120 960 0.39857895619485517 0 0 0.10955319089269906 0.028430938552135233 0.10333283784222877 0.03614744566708177
121 968 0.36300117931211356 0 0 0.09814658833561266 0.026564073916226234 0.09731163753541731 0.034775408361035064
122 976 0.36286757564570615 0 0 0.10473156842665332 0.024215335177489954 0.08755726698521286 0.03220041152484545
123 984 0.31424087083096885 0 0 0.08357685918299178 0.02050012172543783 0.07497926545152388 0.028189351755239508
124 992 0.2866656387948832 0 0 0.06862812704041958 0.018225786598806134 0.06641478125947645 0.024974992924942173
125 1000 0.25118240971363137 0 0 0.05946101606164495 0.015484049587933021 0.05077821362561471 0.018506470020779948
126 1008 0.24947866498644455 0 0 0.059598004004903025 0.014922279122832222 0.05239360522385571 0.01773145623424183
127 1016 0.24847043906792293 0 0 0.05389969299453889 0.014278793241989487 0.05061929680162605 0.01728898555893685
128 1024 0.2912488468217985 0 0 0.059292175527585624 0.017779962363917372 0.06279885893235979 0.022028701017573562
129 1032 0.27135075859576196 0 0 0.05114933061902338 0.015194999371025584 0.05817766425847767 0.019932615618964887
130 1040 0.23131695616095405 0 0 0.044202941926085745 0.011566172084294122 0.04428190331317674 0.01530888178791024
131 1048 0.26179577458389486 0 0 0.06108190635915086 0.012209296617400325 0.048079784359008955 0.015950609512367157
132 1056 0.2635377210431645 0 0 0.060146489572615786 0.012198438114247262 0.048227464605201845 0.01611614978299279
133 1064 0.32032000205022554 0 0 0.07523051645161838 0.01603790626208268 0.06589887570724781 0.020282786086660783
134 1072 0.3242644316271337 0 0 0.07374984182315535 0.015288540283214498 0.06842622374325268 0.02138448639990254
135 1080 0.3207162393370653 0 0 0.06975541975950204 0.014815980073180003 0.059812573892968374 0.019128254928709176
136 1088 0.3026544395362141 0 0 0.059543872002606066 0.013957492564067232 0.05750049517083849 0.018293571152122025
137 1096 0.28146135237474484 0 0 0.0549394293021094 0.012977316872208513 0.05157303708161087 0.0173116132789248
138 1104 0.2495320665739875 0 0 0.04624890826241141 0.011708411019879478 0.04301322063172177 0.014027594399779792
139 1112 0.19012709783853435 0 0 0.03591392209206857 0.008668777185883983 0.03193162660832195 0.01018330588957007
140 1120 0.164926777274719 0 0 0.032001751096056866 0.007071349108171486 0.02537023865155012 0.008048384759620202
141 1128 0.14202261833958235 0 0 0.02445807315967554 0.00613137425219989 0.020901793823968902 0.00714299575786023
142 1136 0.14990883973161712 0 0 0.02427312541829801 0.006998327125454404 0.025994161576567254 0.008668290499512062
143 1144 0.13495645960293956 0 0 0.021311254230794906 0.006070754336557337 0.021510309519787066 0.0075546264804485525
144 1152 0.1443051224660725 0 0 0.020045980624678477 0.006348116729088742 0.023022864067477767 0.008514181823769227
145 1160 0.17100369744256091 0 0 0.022982325285326087 0.007794396545460413 0.032828854753937715 0.010940721301215768
146 1168 0.20734059828728424 0 0 0.02734168241155533 0.009229069272141531 0.042057448521535784 0.015383788080827507
147 1176 0.1643577427965562 0 0 0.02065536399609734 0.006619772358870791 0.030555879357507306 0.011184610959060055
148 1184 0.14185763456973494 0 0 0.016905744048760912 0.005602190285165245 0.02559622255047623 0.009593672665463918
149 1192 0.13155750990697035 0 0 0.014556580473147666 0.005148873930168235 0.023288414415008896 0.00872892740326244
150 1200 0.11788820352511366 0 0 0.012225226081567729 0.004840054326718737 0.02194261111037838 0.008123774745899637
151 1208 0.13128957341479927 0 0 0.01518524743738009 0.005488358983045624 0.022698396486817467 0.008575728886505127
152 1216 0.12370078123624491 0 0 0.013014328787557037 0.0051172163997231426 0.02302826703600384 0.00814850033962673
153 1224 0.1406480505534978 0 0 0.016968298740368665 0.005556794359295986 0.02598599222884836 0.008464896651520108
154 1232 0.1356378658306901 0 0 0.01736168159110962 0.005537667410502453 0.023353422342555982 0.008085631217177997
155 1240 0.1193045000250838 0 0 0.015008694414476116 0.004628022983948197 0.019178410430653693 0.006826516931476755
156 1248 0.10443454319359385 0 0 0.012579065157970134 0.003973753382122965 0.015517539327307022 0.005745428891646453
157 1256 0.09834595578811386 0 0 0.011612434130700752 0.0036620290513150002 0.014092434577161528 0.005269621747860831
158 1264 0.09864094123172785 0 0 0.011754909450231645 0.0035051026754187933 0.013996561822518004 0.005155916860541777
159 1272 0.08986002902456294 0 0 0.010283573699926142 0.003039260652095306 0.011531942871904786 0.004298352757809007
160 1280 0.07999149641936831 0 0 0.009048366623417122 0.002837093418823254 0.010188677954887896 0.004030259942968911
161 1288 0.09244664263149162 0 0 0.009456031868562904 0.0036802404629561547 0.014049770031367278 0.004930566164366555
162 1296 0.08259376210190005 0 0 0.008470156849769862 0.0032703969702641772 0.012081005877324172 0.004421024417734479
163 1304 0.08600501420049102 0 0 0.009201349211347206 0.003384841007272721 0.012889822028547913 0.004635265424541349
164 1312 0.09166560727351397 0 0 0.010300632841066302 0.003439731714659287 0.01282044289228449 0.004939616446645491
165 1320 0.09475448191195505 0 0 0.010994342178104532 0.0036999220126154846 0.013814533953024956 0.005096672181889879
166 1328 0.10912687379097857 0 0 0.013609548052529959 0.0043909476405120645 0.016859085048423046 0.005849222988012144
167 1336 0.09271175808106136 0 0 0.01103583456326031 0.003691898925354953 0.014328307488992416 0.004965353897018096
168 1344 0.08008644075787824 0 0 0.009267245377977086 0.0030901346861263728 0.012059272743719438 0.004156614530280458
169 1352 0.06745239285712555 0 0 0.007272514596959141 0.0026278761638701053 0.009759809085627479 0.0035086230862523718
170 1360 0.06492827066301436 0 0 0.007464441559466941 0.0021745475595224078 0.008251552204825596 0.003023437481108202
171 1368 0.06814838114145189 0 0 0.007400006354152137 0.002296401383134249 0.009095645334721687 0.0031170965859627507
172 1376 0.057212707639856 0 0 0.006051667231517387 0.0017553716722291026 0.00684366801338536 0.0023631166712656942
173 1384 0.06838536507722412 0 0 0.006871420902077869 0.0022410690715957927 0.008217086405077238 0.0031147656059883184
174 1392 0.08649092190612519 0 0 0.008813301693902457 0.0032510954738599095 0.010546371755614436 0.004295539537854414
175 1400 0.10331608992020018 0 0 0.009360937534092891 0.0035641894916098866 0.011849575693220373 0.005039731533845502
176 1408 0.10132184190583066 0 0 0.009052107252852647 0.003445043191296759 0.01048299459819805 0.004770719581946499
177 1416 0.0937454701913859 0 0 0.008887675281942875 0.003345714713838191 0.008537206894320857 0.004454719621510031
178 1424 0.07865963100174024 0 0 0.007243969902196941 0.002836412171592316 0.006871134094936887 0.0037238951806403135
179 1432 0.07393679306281237 0 0 0.0063441681389256295 0.0026113676114158193 0.006507576514208237 0.003469175523819105
180 1440 0.07182711486745434 0 0 0.005619790059807476 0.0023627112428782544 0.006235394240695194 0.003265752553729978
181 1448 0.06999052057012818 0 0 0.0053370864879607365 0.002302434556789939 0.006127470285839291 0.0031520983362982907
182 1456 0.0835178635756637 0 0 0.007439328395872907 0.0028151880230603797 0.007430433612852245 0.0037288233959874217
183 1464 0.0760630806930291 0 0 0.006070754521547973 0.002386530322844293 0.006714721360397081 0.0032289181156983015
184 1472 0.06301789386891009 0 0 0.004690556406264728 0.0017869856859605124 0.004974077544131183 0.0023564950777464457
185 1480 0.06393457202076402 0 0 0.0048172704702500405 0.0018216481528819896 0.004652550308293551 0.0023970522740567285
186 1488 0.07704927914975732 0 0 0.005515445290153887 0.0021843584363212412 0.005953544830109509 0.0029964071323089294
187 1496 0.06946986443179437 0 0 0.004389645077345115 0.0018824458561259826 0.005399181384313791 0.0026507044160445576
188 1504 0.08201794297433501 0 0 0.005067132263041249 0.0019504719082292777 0.007274597724151105 0.0027972480796655086
189 1512 0.09855902233769459 0 0 0.007386816048756578 0.002746907385724032 0.008071470704719814 0.0034355538652637123
190 1520 0.10917252362573295 0 0 0.008312448518574529 0.0030270240540577966 0.009287042141928315 0.0035671129001029855
191 1528 0.09358543894985989 0 0 0.00761441945223862 0.002742833692460081 0.008418673633692558 0.003013649076969371
192 1536 0.10278517921521393 0 0 0.007421313710189801 0.002699327434233292 0.010537577535303742 0.003142143348063669
193 1544 0.09745466158926029 0 0 0.007161194552439276 0.002562410167835246 0.008953780417809865 0.0029964001345636412
194 1552 0.10296243851892597 0 0 0.00768273284063412 0.0025271162601546698 0.009354673857934677 0.002987771018356333
195 1560 0.12805611994179328 0 0 0.009801435967916034 0.003012713512183559 0.011594932590840792 0.003749623846171594
196 1568 0.12217971120582606 0 0 0.009571006612009623 0.002604205034871209 0.011038782639375647 0.003018172283330303
197 1576 0.09670284240551534 0 0 0.007199172946886955 0.001964637455041607 0.008368904669319674 0.0021632943036203455
198 1584 0.11355446365596167 0 0 0.007542837699004598 0.0021541674095576216 0.00987400197682922 0.0023980725647722405
199 1592 0.14319084403795482 0 0 0.00970235650901931 0.002814234965581792 0.014561920783629943 0.003371759942153466
200 1600 0.14419591116606845 0 0 0.010116235760306326 0.002823469266582367 0.014324564156213231 0.0031829090589265167
201 1608 0.14550584073670209 0 0 0.010159447619062479 0.002897079211239211 0.013459641283150818 0.003250129920171812
202 1616 0.16573203616352458 0 0 0.01192118011836123 0.00315690194618 0.01746365543898428 0.0035446233626603083
203 1624 0.14990633686404484 0 0 0.01037233073334757 0.0026932734963859718 0.015578446517206787 0.003119746835388419
204 1632 0.11653341779971191 0 0 0.007916138840962648 0.0020416297984473114 0.011410639471880509 0.002370791429850373
205 1640 0.12058971471281572 0 0 0.008267616228428138 0.0021563518928204126 0.012410838279740424 0.0023643482489251917
206 1648 0.14141580576013987 0 0 0.010508732868113753 0.0027624649065606612 0.014435235715594309 0.002616553243310154
207 1656 0.14711502795777587 0 0 0.011456509316139183 0.0028935657787013454 0.01574144197023763 0.0025722703048945013
208 1664 0.1439204085981427 0 0 0.010699460518007665 0.002720756981074332 0.015285581821499408 0.002486233737443244
209 1672 0.1341562486719465 0 0 0.00857058788328595 0.0024931965921945885 0.01521161183212575 0.0023606808818908576
210 1680 0.12483340504129488 0 0 0.008480280698834724 0.0023751229984385336 0.013559994014473106 0.002178296155422724
211 1688 0.14145018918792504 0 0 0.009200587104039202 0.003169611804173716 0.015888122576687834 0.003177635436122893
212 1696 0.1512205688325984 0 0 0.009508715667883602 0.003150423322370727 0.016271832665970386 0.003327459295767399
213 1704 0.19517471356837401 0 0 0.012580327994314834 0.004245135907101037 0.020284182603361012 0.004445386712094289
214 1712 0.2623447236348705 0 0 0.016829650647786135 0.005474955208702026 0.02753773945828113 0.005827399710135464
215 1720 0.2422289151526083 0 0 0.016016434663669338 0.005330447460803097 0.02743332996896907 0.005799336791169626
216 1728 0.24454373719341926 0 0 0.017235811902093674 0.005786131072799545 0.028052548912763 0.005907797546178526
217 1736 0.2597117379213795 0 0 0.01879320494455047 0.006437747960957189 0.031176806033348818 0.006605860124773736
218 1744 0.26023392473286466 0 0 0.019961413855591807 0.006073642430205515 0.03262945853862178 0.006150742193217291
219 1752 0.279393112454233 0 0 0.022659456795962953 0.005985515777296833 0.031231646562568077 0.005735865755422374
220 1760 0.2927534347062108 0 0 0.02115009288945786 0.006256470734751735 0.03405614632656535 0.006727388461556482
221 1768 0.33531093214455504 0 0 0.022004350902450367 0.007226888622237732 0.04309707852565613 0.008689466168630944
222 1776 0.427835684338575 0 0 0.027287760340631434 0.010285629212659098 0.06642390412615289 0.011941713371365426
223 1784 0.4517915214346096 0 0 0.02832507027581327 0.010464175063673333 0.07142739289160879 0.01255920461479371
224 1792 0.48075535402834246 0 0 0.03047172727794417 0.009823637897003515 0.07295218525862923 0.012183963767521478
225 1800 0.5905530791193244 0 0 0.038260321575060666 0.01365529778178328 0.09586663281545738 0.01503528019196664
226 1808 0.6172920788658305 0 0 0.042395352923196856 0.013698217544515385 0.0960369212023698 0.014548826824741136
227 1816 0.5854702580403919 0 0 0.04002596553683867 0.012832907591714343 0.08079651798139087 0.013845324361273913
228 1824 0.6152999166004979 0 0 0.044390156420136995 0.013289362470631495 0.09010191480855172 0.014822678721148915
229 1832 0.6951217609458091 0 0 0.0491025903047121 0.014766454916454312 0.09907947684371879 0.01735351738967257
230 1840 0.601900544198751 0 0 0.0419448610012058 0.011012474729560498 0.06952333467028814 0.01301471628050317
231 1848 0.5797141222486004 0 0 0.04248081094412004 0.010848810097769977 0.06827846953858153 0.01225903471303038
232 1856 0.5592409867005945 0 0 0.03963125386728863 0.01027367493771773 0.0638403989879354 0.010791706419222832
233 1864 0.6250960060478326 0 0 0.039784915539957555 0.013590138454892086 0.07642084112481631 0.01396357850740096
234 1872 0.5875031102733317 0 0 0.03675777354801432 0.011974086210777458 0.0669365160806282 0.011801534322716762
235 1880 0.6383769049640992 0 0 0.03707442739233072 0.012711393099185639 0.07196280384624065 0.01259277391467247
236 1888 0.6073495150940308 0 0 0.03323023501743537 0.012795306219950528 0.07381097816265178 0.013031010971928565
237 1896 0.5768932437447216 0 0 0.03195771569856793 0.013004050712021846 0.07213071151981404 0.013018836778716498
238 1904 0.5606865951327289 0 0 0.03124591716263551 0.01315644145270728 0.07036167477050062 0.013468289248071256
239 1912 0.5255020599158159 0 0 0.02510174888217164 0.011322239408987517 0.06806194781368168 0.011911466117130684
240 1920 0.49774432775041594 0 0 0.024484759207146163 0.01061655238415767 0.05883853048952198 0.011075694571787673
241 1928 0.5371157545320472 0 0 0.029867413254905047 0.011145801461848045 0.059435282970709206 0.01078097315880052
242 1936 0.46934728114724317 0 0 0.024331636002122587 0.00848988432190356 0.04803756873715248 0.008776215462910731
243 1944 0.4388392081171145 0 0 0.021147117093407004 0.008026936525340941 0.04786515925097767 0.008434622804266156
244 1952 0.4122038488659775 0 0 0.019762444912135947 0.006978227411756535 0.04121223564842069 0.0073643971133958396
245 1960 0.3721890853801489 0 0 0.015870778628451532 0.006241077051615407 0.03625224261195518 0.006846356020259795
246 1968 0.4323479104303449 0 0 0.018445279083647972 0.007035502467198993 0.04467406092270718 0.008046554046915868
247 1976 0.4443080847843092 0 0 0.019866237386066993 0.007422227941340882 0.0414821667506954 0.008631708429824962
248 1984 0.523068651807833 0 0 0.02323960793295318 0.008674331511907217 0.05026177920870191 0.01001130844704838
249 1992 0.4981793126861903 0 0 0.022433434122735123 0.00757956359072655 0.046936642585473906 0.007993898220665633
250 2000 0.4783308963464274 0 0 0.021305024171962818 0.006082164071338865 0.04389478646240252 0.006719547959466294
251 2008 0.5841252113679744 0 0 0.03686545679709257 0.007552281232367595 0.05448806371999193 0.007862256083944558
252 2016 0.6896210631144277 0 0 0.04682731942683509 0.008241971873053608 0.07123695366930953 0.007863242260122163
253 2024 0.8358751410478559 0 0 0.058094479384914334 0.01020825164622286 0.09290488072508644 0.009791965937694297
254 2032 0.8016856881221965 0 0 0.0526888410372161 0.009911486929376582 0.08348943362592164 0.009730513137903352
255 2040 1.093233859388699 0 0 0.07706747108121795 0.013819490514601025 0.1284976218566333 0.014878979058919087
256 2048 1.0125905298558011 0 0 0.07021587479653438 0.013160051301223616 0.10954024632646796 0.013735767700979644
257 2056 1.1068682696545042 0 0 0.07249017211325813 0.013666598889594286 0.11789930910778952 0.015352105249981225
258 2064 1.1675047828785554 0 0 0.08268939712057376 0.01604053941021438 0.11750414752140424 0.01683962882330821
259 2072 1.2234572689003385 0 0 0.08483088074390623 0.015864217079380537 0.1243700454340831 0.016695850002649736
260 2080 1.1198027898778262 0 0 0.07222488427485725 0.014726917464401003 0.10474703351404138 0.015683907298862845
261 2088 1.0198669642123122 0 0 0.05852149572438861 0.011988285149215685 0.09078568064545965 0.013770196275412394
262 2096 1.1889493336287416 0 0 0.07465911029684222 0.01389546829372652 0.10485233056611445 0.015829094461073393
263 2104 1.3314849251166463 0 0 0.08925971453791273 0.015550088023548774 0.12443753207392397 0.01657509500297863
264 2112 1.2745509734669502 0 0 0.08334532417054773 0.014767498877366461 0.1236561675877739 0.015500784739852797
265 2120 1.2298325912318764 0 0 0.0798757911793476 0.014600864568947458 0.11905764195928041 0.015258827133428774
266 2128 1.233854271953184 0 0 0.08510641967634605 0.015242295126521204 0.12543867859971328 0.015312219216267674
267 2136 1.214156014245898 0 0 0.08833689522930635 0.01622056712029531 0.11924642536280076 0.016140939924362732
268 2144 1.080409012680676 0 0 0.07372091137872845 0.013750333778652457 0.10272810934257616 0.014272579599053783
269 2152 1.0018420684675464 0 0 0.06961122624887504 0.011831864281535862 0.09351405580384226 0.01202061085636436
270 2160 1.0347055105510634 0 0 0.07286108409237342 0.013422129165626174 0.08977526479189152 0.012359114030163659
271 2168 0.9981214248379299 0 0 0.07057246022099925 0.012905010711758012 0.08601542518822688 0.011566284589303701
272 2176 1.1010792594199124 0 0 0.06886402350217645 0.012987098071332819 0.08601713762840285 0.011849956007730927
273 2184 1.304208119997489 0 0 0.0774191084845409 0.016509708909239005 0.10842607456158489 0.015058927464630244
274 2192 1.2266735051667677 0 0 0.07949885502105984 0.018279075453964705 0.09990416315064608 0.014943769363575329
275 2200 1.1601748613700094 0 0 0.07401389872253693 0.0178983367063492 0.09120645562930438 0.015029223361335931
276 2208 1.057288046482366 0 0 0.05797486480969159 0.014657806203875594 0.08245795318670406 0.012993237580851144
277 2216 1.0147029845846685 0 0 0.05248626830896269 0.013149074719636125 0.07690484466314898 0.011910349355714982
278 2224 1.010179215415759 0 0 0.05221532615552648 0.013686893283702768 0.07445428369386205 0.011866454302625205
279 2232 1.116647784590363 0 0 0.05574720079764112 0.015665262124084655 0.07158313335897283 0.013415626147639397
280 2240 1.1711568430181047 0 0 0.05703857039158111 0.016424489390771204 0.07583597621512785 0.014018362482453754
281 2248 1.0788086446431546 0 0 0.05262155942993861 0.014595554350045677 0.07072571490861883 0.012811630720536737
282 2256 0.9581545313977413 0 0 0.04367029843052535 0.013180256056316939 0.06001915279321039 0.011619063374357438
283 2264 1.0379160741554447 0 0 0.044020144264500134 0.014088415189105858 0.05782390321677679 0.013077702157064967
284 2272 0.8930064732517516 0 0 0.03776174534638588 0.01197160067201145 0.0515730602916666 0.010903073725698372
285 2280 1.036244826720896 0 0 0.04308921158778354 0.013801181700746965 0.063320585271212 0.01242063308721694
286 2288 1.0837916577491742 0 0 0.04435616335724328 0.014032770511535916 0.07252366589585786 0.012843130110204524
287 2296 0.9951335615562906 0 0 0.04086468189288301 0.01271061717142654 0.05867698711052495 0.01182618761514884
288 2304 0.906126753181386 0 0 0.03656029419968624 0.011542554767675245 0.0519933976820129 0.010723247837870894
289 2312 0.848988164844877 0 0 0.03199057212106009 0.010659708740983287 0.046192953193774144 0.00996576337725868
290 2320 0.8404137037577496 0 0 0.034822410609776616 0.009669884853871952 0.0458514212594296 0.008509629611100068
291 2328 1.1608068173233292 0 0 0.04586596463506171 0.013224471393376042 0.07126659617685727 0.0117951757283317
292 2336 1.4905130302757539 0 0 0.056756604463639226 0.01715444011097416 0.09945765206191974 0.01526164644607532
293 2344 1.601522582598839 0 0 0.06070872758531939 0.01893511107118116 0.10084523036051397 0.016895254858242916
294 2352 1.4542986165047609 0 0 0.05376283894734597 0.015986404664097915 0.08813851697081254 0.014117610301686428
295 2360 1.571462414246835 0 0 0.05984520979769907 0.017867842180735092 0.08984746268112322 0.015721066618443743
296 2368 1.4986509549295568 0 0 0.05198345595223699 0.01528738406919246 0.08933259562485435 0.012993580704488293
297 2376 1.2956548164094706 0 0 0.04127798140520704 0.012440103517908184 0.07401817612713901 0.01063832554636105
298 2384 1.2519528328977816 0 0 0.04008121281519706 0.012262784243881157 0.07063453455137433 0.01070380596527363
299 2392 1.2072117312026855 0 0 0.036146956993413006 0.012604693206682359 0.06931429876275123 0.010992900625212576
300 2400 1.2540969161874715 0 0 0.03753639406293736 0.01220965232010794 0.06593779556176789 0.011024762779722792
301 2408 1.0446600943721787 0 0 0.030008017351897745 0.00942402492422547 0.05213130173056399 0.008470268432223111
302 2416 1.1315742798332844 0 0 0.03125083527727765 0.010194018284938773 0.05477230350470872 0.009199609639935801
303 2424 1.2672258673051247 0 0 0.03678937998633432 0.010269749338458978 0.055408338170619915 0.010055825328245708
304 2432 1.1987687305243488 0 0 0.033394726930098505 0.00967283073669386 0.049864412790965686 0.009582258651690299
305 2440 1.2450822201755476 0 0 0.03564600701285116 0.01092216217758697 0.04974307839986063 0.010293514464935495
306 2448 1.3335131548811672 0 0 0.03998097455323239 0.011255266470212993 0.0524110628742564 0.010304814252421047
307 2456 1.3825105605641905 0 0 0.042133607661068946 0.012412187219336587 0.057000315778894535 0.010835117366990409
308 2464 1.4604950493435944 0 0 0.03840340667010223 0.013865745574273272 0.060136742130129726 0.012770559651325154
309 2472 1.3001811193973323 0 0 0.03369832790562175 0.011307093458028127 0.04746969654984859 0.010603746163359073
310 2480 1.3311351876164124 0 0 0.03543388577525092 0.012446770402495482 0.04567792546258608 0.011726653843439907
311 2488 1.2692369248012068 0 0 0.0329936002318395 0.011654153972178907 0.04209000055980328 0.010737606791960383
312 2496 1.46339837349455 0 0 0.04305907872933934 0.013277931134265234 0.043536453832036845 0.012249086483041415
313 2504 1.3812042192217215 0 0 0.03974939507638823 0.012940729679656168 0.04190073719101069 0.012111232427390687
314 2512 1.2144602281289036 0 0 0.035675313360387664 0.011560611650038353 0.03689518559858315 0.010097091822039024
315 2520 1.0643953193556772 0 0 0.0312866275685992 0.010439194857134423 0.03127487009538924 0.009403273694884764
316 2528 0.9320123517087611 0 0 0.02488262377542642 0.007937219700943889 0.02610520905949728 0.0075016214452357744
317 2536 1.0005906144845973 0 0 0.027345520668346834 0.008020601011231268 0.027148466380717124 0.007558070439257599
318 2544 1.0235735387928468 0 0 0.02703344940157123 0.009338662979056238 0.028548526133735205 0.008795580421078343
319 2552 0.999905531923396 0 0 0.02641990119331537 0.009073122730530276 0.02531251695110321 0.008406072719045938
320 2560 0.924611169685822 0 0 0.02380175271047269 0.008113323170920424 0.02302506210092255 0.007482466759343558
321 2568 0.9652295143798069 0 0 0.027891426220225925 0.007513353709516701 0.021969684328242447 0.006159087888508564
322 2576 0.9412932335874069 0 0 0.026957527652292135 0.006913018970989788 0.020664180063396716 0.005763936217161706
323 2584 0.8774932565228011 0 0 0.027190263552114947 0.0065606627162723965 0.01906803888379558 0.0050337279845035846
324 2592 0.7185495720493272 0 0 0.021558240639549028 0.005538467999025556 0.01590589490625434 0.0041063247632325064
325 2600 0.6120245771811677 0 0 0.018277149898375665 0.0045267646233485065 0.011504902454211513 0.0033634302330295394
326 2608 0.5601210189722755 0 0 0.01661220161005398 0.004200224657446673 0.01033818030700071 0.0030675323238418656
327 2616 0.48236385854719804 0 0 0.01452361928330672 0.003720281968488344 0.008980631784221177 0.002589947645565789
328 2624 0.3761161182395973 0 0 0.01096194747953911 0.00282983868634486 0.006937676810427355 0.0019322082414936833
329 2632 0.3755751057526362 0 0 0.011176870333908382 0.003081242299362544 0.008179419496407098 0.002117810918797139
330 2640 0.33630678435459466 0 0 0.008074302368858605 0.0021375288541961674 0.006697847625781655 0.0016326698383624721
331 2648 0.2919512251342998 0 0 0.007097066203794994 0.0017643021712775442 0.005320878386148754 0.0013340433141824045
332 2656 0.28834995395282165 0 0 0.006498819416596846 0.001642920711309263 0.005009847692002404 0.0012573955750880721
333 2664 0.23526135590476846 0 0 0.004817357648905338 0.0012398006632065904 0.003916944933963354 0.0010010891887171109
334 2672 0.191290867084432 0 0 0.003805133497153535 0.000960688843181902 0.0028134613979395543 0.0007442309124261139
335 2680 0.19347213757731133 0 0 0.003622081085763503 0.0010914724471985232 0.0031443746603321866 0.000922076973504494
336 2688 0.1544458945980422 0 0 0.0026359274903004445 0.0007792259098605148 0.002225186752288178 0.0006499379936727844
337 2696 0.14323792688663223 0 0 0.0024756796863347054 0.0006843167341273676 0.002068211155210071 0.0005698405899869182
338 2704 0.1326334803476616 0 0 0.002373487970292218 0.0006317746451796849 0.0018528952944400533 0.0005139151460515057
339 2712 0.12122503147124222 0 0 0.0021800752007073545 0.0005906067266727104 0.0015828890251657268 0.00047013530866830467
340 2720 0.10684415714888873 0 0 0.0018514315295168672 0.0005167985582264225 0.0013738141931923195 0.0004176347272703268
341 2728 0.09472058393000606 0 0 0.0015798888330056948 0.00046870113044065044 0.0011838966180355934 0.0003668122111801086
342 2736 0.08431312204653363 0 0 0.0014108368477217127 0.0004123089900994199 0.0009509596548492534 0.0003226340516331839
343 2744 0.09106903632199848 0 0 0.0013780442163385425 0.0004046914934084937 0.000930436576542048 0.00033471445328491883
344 2752 0.09518214542604041 0 0 0.0013025356898805878 0.00040591634083842653 0.0009350072010083809 0.0003424893668366201
345 2760 0.08797167909902534 0 0 0.0012584139951332533 0.0003584809660430274 0.0008082936801853573 0.00029386948454492387
346 2768 0.08018796985968012 0 0 0.0011293867994525567 0.0003537588821107108 0.0007740295168876116 0.00028377047033100675
347 2776 0.08347175141165403 0 0 0.0011758662571294744 0.00036263417649186574 0.0007335884719755036 0.0002900425052383442
348 2784 0.0704382981800146 0 0 0.0009835646266658804 0.0003087460994061771 0.0006084773624178342 0.0002466490077106349
349 2792 0.07107960517319988 0 0 0.0009354775737258603 0.0003131701521888077 0.0006211490927897371 0.0002588073514275696
350 2800 0.0617835922015473 0 0 0.0007370638967081712 0.0002662539230172213 0.0005585030096804364 0.00022907367083906875
351 2808 0.05294051295476704 0 0 0.0005358430234605827 0.00020823114501013188 0.00045465891893746034 0.00019068616381399261
352 2816 0.045706631538406844 0 0 0.00043967407799936476 0.0001755018474491529 0.00039357892253316385 0.00016115024612619268
353 2824 0.049874584166909285 0 0 0.00044446543780107996 0.0001929639395015408 0.00043639354897248377 0.0001879872669660938
354 2832 0.048938793877887174 0 0 0.00039920947942047964 0.0001720465083788759 0.00038672126325317157 0.00017305304946488848
355 2840 0.05110363632257439 0 0 0.0004073589494377406 0.000184397003630837 0.0004132736636965333 0.000195287581061591
356 2848 0.06286771390089473 0 0 0.0005177803077908542 0.0002134367902128223 0.00047003486278654266 0.0002327298311985525
357 2856 0.08625956255917601 0 0 0.000815310313145856 0.0003205456578521881 0.0006916404094867533 0.0003406407514813671
358 2864 0.10093064856092371 0 0 0.0009555541516066391 0.000357019025293047 0.000816486016147345 0.000383935117552411
359 2872 0.09539445791723988 0 0 0.0008102687524708495 0.00033638183218553486 0.0007877965226766854 0.000374121595157411
360 2880 0.0841268153399439 0 0 0.000704298114422178 0.0002927672983480724 0.0006521540127008305 0.00031292271200722665
361 2888 0.07094698263240207 0 0 0.000563052290637188 0.00023079284374178527 0.000506882245288473 0.0002516362107842628
362 2896 0.07060408498232668 0 0 0.0005535992020503378 0.00022674199403306005 0.0005412968456245408 0.0002559146003294715
363 2904 0.07616153339648715 0 0 0.0006044098473014624 0.00022270518832436236 0.0005779728109843172 0.00026061882476229525
364 2912 0.0884452580221446 0 0 0.0006820352850227234 0.0002579940969063381 0.000694432106484873 0.00031934453856282855
365 2920 0.10770540458584581 0 0 0.0009608590737676786 0.0003352143722306104 0.0008710522464693725 0.0003843181590493001
366 2928 0.11358854930988392 0 0 0.0011102121535963767 0.0003375072149917318 0.0008728697353763145 0.00036490456955228667
367 2936 0.09504455472017322 0 0 0.0009141586648332514 0.0002604068302951023 0.000738857580016303 0.00028591239383732455
368 2944 0.09342769538499739 0 0 0.000879961547702883 0.0002346872053718333 0.0007205475959358112 0.00027327816284478525
369 2952 0.07763414176706081 0 0 0.0006901983315805764 0.0001748856379281755 0.0005492874552548424 0.00020462282539397613
370 2960 0.0775791932677775 0 0 0.0006901349263622095 0.0001843079461503658 0.000529489654859316 0.00020603691811995448
371 2968 0.06945568565868585 0 0 0.0005874100358251158 0.00014959723766428974 0.00046133760496749204 0.00017671406295087326
372 2976 0.06733834446588399 0 0 0.0005912512324075326 0.00014017119059712011 0.0004690793507002591 0.0001775611741669275
373 2984 0.06298461771342095 0 0 0.0005397618644725977 0.00013608620482650875 0.0004424535318132738 0.00017349930523047753
374 2992 0.049292422874081296 0 0 0.0003632202360029038 0.0001016889453744872 0.0003358148368415227 0.00013493097457687215
375 3000 0.04178730428299131 0 0 0.000285932735189764 8.504206642077772e-05 0.00027153112182691573 0.00011310231687739374
376 3008 0.03288875369168177 0 0 0.00020669786107707156 6.327576737011237e-05 0.0001952066564179502 8.126079151019825e-05
377 3016 0.03143573344403755 0 0 0.00018711948526416327 5.782475688029802e-05 0.00018599830221577846 7.443650289130074e-05
378 3024 0.03274234645256377 0 0 0.00022104607300670178 5.516398940044685e-05 0.0002149166650334891 7.694266964137494e-05
379 3032 0.03050220317375264 0 0 0.00020956711629332859 4.937156982177215e-05 0.00021834766943161634 7.669708744235716e-05
380 3040 0.03502926825250716 0 0 0.00024916395105692446 6.390724766200097e-05 0.0002870851310009578 0.00010166006311861663
381 3048 0.040110644613525044 0 0 0.00030704057762481876 7.755213405698947e-05 0.00030438745614801355 0.00011261175721374225
382 3056 0.045117209707039065 0 0 0.0003517076164028639 8.480073647620037e-05 0.00032227863859790135 0.0001201901780059256
383 3064 0.03875106490550476 0 0 0.0002981658073712449 7.17094595007349e-05 0.00024881396977385775 9.449698861530724e-05
384 3072 0.03589370011231645 0 0 0.0002608300273975344 7.051724237031164e-05 0.00023127316888731236 9.200625700407597e-05
385 3080 0.039462149171502446 0 0 0.0002776455896211311 7.656578025296445e-05 0.0002354063045301664 9.798563048754053e-05
386 3088 0.03340251803013464 0 0 0.00021891906011310903 5.669286163482626e-05 0.0001975308213343936 7.893413197122643e-05
387 3096 0.0335042657634114 0 0 0.00018497795311629944 6.359373450242568e-05 0.0002016473952933113 8.639156328907655e-05
388 3104 0.04194309879194251 0 0 0.0002600107570824439 9.197284061869398e-05 0.0002527894325802048 0.00011152427039277268
389 3112 0.0422129155957478 0 0 0.0002531276180556862 9.048374596033932e-05 0.0002635017344222912 0.00010734603176983414
390 3120 0.04551804950474516 0 0 0.0002547971400736889 9.003117684121248e-05 0.0002885768787659502 0.00010990738152361411
391 3128 0.05260474346763375 0 0 0.0002865030066199053 0.000102676755310308 0.00033300806249897494 0.00012178592182246777
392 3136 0.05467937406158974 0 0 0.000324702275106312 0.00011269839326006696 0.0003467788972599241 0.0001278548686729295
393 3144 0.07048998400551768 0 0 0.00043797217317668075 0.00015891330446932088 0.00040813982008484803 0.0001688454512489225
394 3152 0.07783785010515018 0 0 0.0004424602149446053 0.0001709058120752622 0.00045709931941731436 0.0001872966949994096
395 3160 0.07659622842716893 0 0 0.0004430084643130286 0.00016668335059669557 0.0004380432724992023 0.00018013317813026484
396 3168 0.0696039666396308 0 0 0.0004079107389689911 0.0001430373206819817 0.0004069826054113095 0.00015374010425046585
397 3176 0.07522906186412077 0 0 0.0004131078648953394 0.00017684259659926077 0.0004098463169381501 0.00019510276131058313
398 3184 0.07818046278554326 0 0 0.0004986794161203175 0.00019295039156439674 0.00042771852122619485 0.0002061080256877966
399 3192 0.10250718367662467 0 0 0.0007252068131744393 0.00026425605556428905 0.0005521625040236268 0.0002731762905997505
400 3200 0.10120773404158231 0 0 0.0007312481608923972 0.00024673480906809667 0.0005582478407201785 0.00024976766793180304
401 3208 0.10089637029227265 0 0 0.0007334073604139288 0.00026002821498682477 0.0005191809900489819 0.000265631177137117
402 3216 0.09274233608367041 0 0 0.0006579775528250921 0.00024229915646051568 0.0004143753654268849 0.00024632089942829894
403 3224 0.08489698705302372 0 0 0.0005568686370734278 0.00021664007762221848 0.0003786890237878891 0.00022403215668685074
404 3232 0.08363722543058205 0 0 0.0004555531690507877 0.00019212803113930247 0.000373729753699505 0.00020707838218009676
405 3240 0.07846934100458124 0 0 0.00041089614568157266 0.00017908166936347517 0.0003433014397842832 0.00019556470235021993
406 3248 0.07731457583339467 0 0 0.0004043009385600687 0.00018404070095402812 0.00032781485047918036 0.00020529516703214244
407 3256 0.09005131468336702 0 0 0.0005120106200428683 0.00021572015275367467 0.00037747547333644426 0.00023487601456541183
408 3264 0.08647129900752352 0 0 0.0004579223641020054 0.00018785881335846104 0.00036165059028325607 0.0002080210010875237
409 3272 0.09926811132931299 0 0 0.0005665381397524848 0.00020960952620846545 0.00046586746023650924 0.00022626641921563652
410 3280 0.09742246915022372 0 0 0.0005651470849050518 0.00020290174147018057 0.00045772835578961215 0.00021252588328121247
411 3288 0.09653399370368325 0 0 0.0006061502588085857 0.00020777202837123234 0.0004785029892917048 0.00021373520889512947
412 3296 0.08989902227802846 0 0 0.0005333904683134416 0.00017621888972402773 0.00046018366248786954 0.0001803469217800322
413 3304 0.10174376205096583 0 0 0.0006122651925921005 0.00019320322086487172 0.00054918066969078 0.00019118465728074557
414 3312 0.10066895313203708 0 0 0.0005653322942520342 0.0001806819734416256 0.0004808838014680868 0.00018018444437690963
415 3320 0.10740742899790612 0 0 0.0006240754324063597 0.00021943223763893813 0.000488896109759708 0.00022125450607625433
416 3328 0.09974119563403124 0 0 0.0005603003938116946 0.0001948306958946324 0.00042755528322089615 0.00019451018041995361
417 3336 0.12261060921840318 0 0 0.0006812934169998022 0.0002522911442925364 0.0006021221848425965 0.00025942568996574077
418 3344 0.10501370090838887 0 0 0.0005558368207233105 0.00021599689103157782 0.0005011702155735044 0.0002229082899269874
419 3352 0.11446273893842171 0 0 0.0007198939506279921 0.0002786353927606193 0.0005661519159639021 0.0002842886584976625
420 3360 0.1452346357696263 0 0 0.0011451257848673038 0.00042475899750173856 0.0008470795745881571 0.0004304402447342005
421 3368 0.16225579524054667 0 0 0.0012412304884164961 0.0004523650422161008 0.0009333035078238312 0.0004570916653925939
422 3376 0.162150110707024 0 0 0.001221566532022344 0.00041261896517898904 0.0010069863018648548 0.00041195836225123154
423 3384 0.1497373873208737 0 0 0.0010938669892117405 0.00034766916529105314 0.00097108923350767 0.0003453894066156
424 3392 0.13601638277603145 0 0 0.0009915588358775584 0.0003141177864818313 0.0008471855610649336 0.00031113602647411256
425 3400 0.1328288523688847 0 0 0.001002402452199679 0.00031933375003218955 0.0008522223916718637 0.0003183264895714313
426 3408 0.12710467130227518 0 0 0.0009550367399749016 0.0002995458822876927 0.0008221810222238871 0.0002994034925006205
427 3416 0.11893799789503981 0 0 0.0009076272307387441 0.00027878814597636183 0.0007776605509246717 0.00027681337797900665
428 3424 0.11351761715974569 0 0 0.0009343220396294312 0.0002776615594716334 0.0007913268478156492 0.00027231007459946414
429 3432 0.13749677469335675 0 0 0.0012999160704310082 0.0003558790478019126 0.0012068286925657774 0.00033920227436479963
430 3440 0.15843669120690262 0 0 0.0016610136623961933 0.00043894860752134615 0.0015055716242022938 0.00040861231496834284
431 3448 0.14909241188880357 0 0 0.0014936062081348672 0.0003987190892736094 0.0013245453616316071 0.00037210540188511423
432 3456 0.13513841707888816 0 0 0.0013461970202053757 0.00037142341216166207 0.001152154135328876 0.0003493641058120685
433 3464 0.12338555794984671 0 0 0.0011352821726904033 0.000319781685879415 0.0009656350280903368 0.0003036007696718673
434 3472 0.11316547887876825 0 0 0.0009489889331391989 0.0002670634811216186 0.0008216043216746611 0.00025334937283774754
435 3480 0.10083483616368663 0 0 0.000848833176276736 0.00023693622799457245 0.0007195944244424478 0.00022294126023400843
436 3488 0.0957000650234902 0 0 0.0007751586591618689 0.00021800503515197019 0.0006546402134231614 0.0002064001836107972
437 3496 0.08318213329601801 0 0 0.0006606527755206261 0.00018459987908989896 0.000548423378435342 0.0001734036845782579
438 3504 0.09820810475516602 0 0 0.0007844615615210799 0.00021807396526079775 0.0006761932650615459 0.00020451192859250285
439 3512 0.09479185537112526 0 0 0.0008171297074775536 0.00022663878056373773 0.000698378573575611 0.00021192427058940657
440 3520 0.09536351253762619 0 0 0.00080863927763292 0.00022755469377169633 0.0006841165604021441 0.00021404838983379921
441 3528 0.1044147991808388 0 0 0.000918144244100539 0.0002584601207082341 0.0007699174092867182 0.00024231004288023704
442 3536 0.09998068723414014 0 0 0.00082285027289141 0.00023472699984347368 0.0006876243258160816 0.00022152956631832856
443 3544 0.08975530580427332 0 0 0.0007044813593687735 0.00020192771140881507 0.0006021003719825823 0.00019160574186978638
444 3552 0.08561875644393455 0 0 0.0006016720279437129 0.0001763274802480859 0.0005074842825471618 0.00016868020353519718
445 3560 0.07791694596189994 0 0 0.0005392435245969022 0.00015801766556495088 0.00045003797346503994 0.0001508768796244271
446 3568 0.08563317772544796 0 0 0.0005975854728138289 0.00017935646239383666 0.0005037791540420958 0.00017393447804912372
447 3576 0.07124809486831309 0 0 0.0004537652293039427 0.00013708768161334404 0.0003726358511104383 0.00013294741286441284
448 3584 0.06354594538108922 0 0 0.00038689586156761115 0.00012210461148951093 0.00030595126159407545 0.00012033854121770105
449 3592 0.060440965790739445 0 0 0.0003470553645203114 0.00010904304325085429 0.00026727569535481136 0.00010641833662696977
450 3600 0.06416930412948273 0 0 0.0003550940179892588 0.00011288224873201199 0.0002719142146228665 0.00011062114795402701
451 3608 0.06702814031097311 0 0 0.0003135406523540278 0.00010723978134601393 0.00022372105419883349 0.0001068972879280961
452 3616 0.061660509764512365 0 0 0.00029197504943895687 0.00010054066303749688 0.0002018865037299638 0.0001003990422572148
453 3624 0.05117156523985921 0 0 0.00022999069355724997 8.022187804026782e-05 0.00014379232207813804 8.018139674222204e-05
454 3632 0.04120486480958222 0 0 0.00019019927540720456 6.272986030516989e-05 0.00012129926115912767 6.140529872564231e-05
455 3640 0.035454639352758444 0 0 0.00015342978005203402 5.042020671260158e-05 9.81245819525255e-05 4.9180046895782776e-05
456 3648 0.03060885792047977 0 0 0.00012098368503137986 3.91829778257538e-05 8.270980844093674e-05 3.83801663289539e-05
457 3656 0.03323572648445513 0 0 0.00013393358427485073 4.3777377609603794e-05 8.855284048136373e-05 4.2567467660018195e-05
458 3664 0.031642087392823696 0 0 0.00012004171924383119 4.021827474701862e-05 7.451030579361481e-05 3.942700140814038e-05
459 3672 0.03171540828447393 0 0 0.00011334783711167662 3.6855503247739154e-05 7.442776357173683e-05 3.587621482952233e-05
460 3680 0.02936750876392035 0 0 0.00010465890300997584 3.349421900313762e-05 6.851856197475527e-05 3.2528524712764914e-05
461 3688 0.03000543637480991 0 0 9.70704273820838e-05 3.2836940685698345e-05 6.467361267647308e-05 3.251778994938123e-05
462 3696 0.02792454912134517 0 0 8.931770957536323e-05 2.9297604900568455e-05 5.841396092111676e-05 2.865477214657512e-05
463 3704 0.02968113930564498 0 0 9.806379541788012e-05 3.4888856819066356e-05 6.324455112623594e-05 3.5262171804905354e-05
464 3712 0.03183134101844423 0 0 0.0001025193515230906 3.717672575773362e-05 7.506447990567967e-05 3.803511875279802e-05
465 3720 0.031424857926410775 0 0 0.00010295611820780942 3.577663877139364e-05 7.25215220098637e-05 3.6099228375492346e-05
466 3728 0.0316256751014754 0 0 9.959944459965346e-05 3.490959128707546e-05 7.308950381759678e-05 3.547956137999003e-05
467 3736 0.03676359582089148 0 0 0.00010779160845934664 3.785765229740135e-05 8.774348266598192e-05 3.864756562393216e-05
468 3744 0.03150868880249645 0 0 8.797410415347836e-05 3.200104170719196e-05 6.932024585046102e-05 3.276551025338541e-05
469 3752 0.030660690685139887 0 0 8.486270313581017e-05 3.0222879565190782e-05 7.100885515060381e-05 3.097370679333179e-05
470 3760 0.025733111540145764 0 0 6.903343213526219e-05 2.4966303599279608e-05 5.641779120497354e-05 2.5713996974297236e-05
471 3768 0.023388378738126107 0 0 6.40672048622433e-05 2.2899268450770194e-05 5.057320767433447e-05 2.342478647813167e-05
472 3776 0.023867643670841578 0 0 6.786445007682363e-05 2.371341099318078e-05 5.150381863867857e-05 2.4211308287559735e-05
473 3784 0.024222948002721848 0 0 6.556231695847754e-05 2.126633447466815e-05 5.063952601802574e-05 2.1143115921304173e-05
474 3792 0.027773065349079164 0 0 7.901462606942483e-05 2.4292138127721016e-05 6.684294582190187e-05 2.369651911895638e-05
475 3800 0.028202630906090896 0 0 8.041984890503099e-05 2.5813365470756816e-05 6.567242347453859e-05 2.548988880569586e-05
476 3808 0.037160530260511554 0 0 0.00010845387270722514 3.532642416804452e-05 8.831271890374894e-05 3.5072150161635024e-05
477 3816 0.04417555697779905 0 0 0.00011833922953265442 3.942699483885181e-05 0.00010544023662918542 3.985484565826772e-05
478 3824 0.051884870928869016 0 0 0.00013201661537465295 4.2261758268504255e-05 0.0001331083209449556 4.216723088980639e-05
479 3832 0.05296037535589765 0 0 0.00013194443522428415 4.443058800737684e-05 0.00012925822143464684 4.448053256469264e-05
480 3840 0.052081617386422724 0 0 0.00012271210211170323 4.189010374264083e-05 0.0001324814935494839 4.300185323671596e-05
481 3848 0.05358769701283374 0 0 0.00013165900153715382 4.4193275039418515e-05 0.0001383256158026177 4.522397206773461e-05
482 3856 0.05852287168557139 0 0 0.00013413585547867495 4.7650569354699156e-05 0.0001357145600594778 4.904396001019867e-05
483 3864 0.07052574141291397 0 0 0.00017259346470800886 5.972636169456968e-05 0.00015964216787733596 6.080842899955371e-05
484 3872 0.06135786819492735 0 0 0.00013610409791151482 4.711135380365322e-05 0.00013119396377127897 4.8347961563790393e-05
485 3880 0.05633340664794251 0 0 0.00010661111527158495 4.063790570560341e-05 0.00010026863920014626 4.2512229023437695e-05
486 3888 0.0468667101199386 0 0 8.473168648238411e-05 3.2108976623257036e-05 8.287853602968716e-05 3.365180685055682e-05
487 3896 0.045683006413052396 0 0 8.300394945866797e-05 3.2609198022938175e-05 8.058979846294444e-05 3.4482051694307e-05
488 3904 0.04158732097670164 0 0 7.949409084352206e-05 2.988803758796319e-05 7.841907029285279e-05 3.125730444993642e-05
489 3912 0.038231779018855355 0 0 6.689017492887964e-05 2.5636012556836633e-05 7.189191595538666e-05 2.739425227332039e-05
490 3920 0.03759125268394391 0 0 6.267722363497462e-05 2.4057569860788024e-05 7.410569120303929e-05 2.6350983641329274e-05
491 3928 0.046017560425276535 0 0 8.357193623579481e-05 3.683338400677374e-05 8.254288831516223e-05 4.088036907957516e-05
492 3936 0.05233090621998009 0 0 9.074138224750747e-05 4.574732149377829e-05 8.382940001713388e-05 5.16869712185867e-05
493 3944 0.04802660186916191 0 0 8.50330921657166e-05 4.280651607350418e-05 7.621893221111527e-05 4.8228597152482484e-05
494 3952 0.05170560228259209 0 0 8.817533998762001e-05 4.592345060891224e-05 8.067481056567584e-05 5.249301726867186e-05
495 3960 0.049747675093594436 0 0 9.12507785298715e-05 4.679148939186066e-05 7.855682456337937e-05 5.300842091627199e-05
496 3968 0.06660405921833515 0 0 0.00011565679532140982 6.169915318857769e-05 0.00010382782609631541 7.103500332449607e-05
497 3976 0.0794812742555323 0 0 0.00014754286458949745 8.069505146945297e-05 0.00012878110129999675 9.308560879578782e-05
498 3984 0.0872877646312719 0 0 0.00015473023850332842 8.792105363166046e-05 0.00014147399347459643 0.00010241988708218888
499 3992 0.07326369548966868 0 0 0.00012324932281695933 7.093115825880872e-05 0.00010415746545315665 8.285824265493858e-05
500 4000 0.06727477031303532 0 0 0.00010307741902643718 6.146425614906838e-05 9.503298909608616e-05 7.248788463354452e-05
501 4008 0.060648095374765586 0 0 9.744193458449525e-05 5.733453867173349e-05 8.723156776556433e-05 6.737220943006924e-05
502 4016 0.05490703131801792 0 0 8.988323534632483e-05 5.158071959866626e-05 7.568533297159418e-05 6.019496618503507e-05
503 4024 0.05501168438530926 0 0 8.595259976633193e-05 4.944822406706717e-05 6.834997467799617e-05 5.769648687866048e-05
504 4032 0.05461336931968422 0 0 9.288364624205177e-05 5.520143519535579e-05 6.690147815033541e-05 6.442029729268912e-05
505 4040 0.050952327591717174 0 0 8.5285541360692e-05 5.19240643161933e-05 6.0256676210410705e-05 6.062393816043652e-05
506 4048 0.05952428495371453 0 0 9.995036168536794e-05 6.081336734591899e-05 7.067380858930973e-05 7.123097652216658e-05
507 4056 0.06544948935718467 0 0 0.00010436930295543883 6.484668686112903e-05 8.562551421620467e-05 7.681320137126856e-05
508 4064 0.06325852867332667 0 0 9.861348903720048e-05 6.277901925578229e-05 8.703496971604312e-05 7.453826397764844e-05
509 4072 0.059231020774242284 0 0 9.395737086159416e-05 5.9435998691355094e-05 8.032111340228312e-05 7.035439370973177e-05
510 4080 0.05697555452644653 0 0 9.18898471684016e-05 5.711251088191273e-05 7.826773705916595e-05 6.749595108089414e-05
511 4088 0.06693797257609366 0 0 0.00011050721589055411 6.694876775460975e-05 9.976932158645912e-05 7.898895409173182e-05
512 4096 0.0723433585437661 0 0 0.00011900266239293503 7.248787463389778e-05 9.89342772600863e-05 8.512818940932536e-05
513 4104 0.07311053912270264 0 0 0.00010672860097878623 6.620690218472541e-05 9.629793117298864e-05 7.816131599226314e-05
514 4112 0.0808653782430484 0 0 0.00012056643040820849 8.138898350474976e-05 0.00010707930661860129 9.706295411892513e-05
515 4120 0.08635502675849563 0 0 0.00012894944895309188 8.743708271835254e-05 0.00011398490222030243 0.00010452481631036042
516 4128 0.07473599075042606 0 0 9.85735289694522e-05 6.788454298136074e-05 9.675956472414002e-05 8.15237929694778e-05
517 4136 0.08299950396429016 0 0 0.00011104375234852994 7.206838404889618e-05 0.00010714698866762404 8.617665589189431e-05
518 4144 0.06890718032837548 0 0 8.575194748848985e-05 5.392507229617607e-05 8.469412932929876e-05 6.449802860451764e-05
519 4152 0.06765659020375538 0 0 8.448653296861922e-05 5.4234991622374514e-05 8.808194419670396e-05 6.506960843883985e-05
520 4160 0.07920059622716222 0 0 9.764073836868871e-05 5.81680986719643e-05 0.00010794022452293554 6.975267649929044e-05
521 4168 0.10263977400850179 0 0 0.00012157856445214311 7.232759799818992e-05 0.00014139410404497593 8.720367858398636e-05
522 4176 0.1186266396454982 0 0 0.00013566009719968142 8.369984912440924e-05 0.00017142624266887671 0.00010126456317842663
523 4184 0.1278148925651575 0 0 0.00014208085093791645 8.105011449559904e-05 0.00018750844136792956 9.802511128333996e-05
524 4192 0.13466600666106973 0 0 0.00014424930340000086 8.18194038457023e-05 0.00020900737983509156 9.927658319311945e-05
525 4200 0.12221024153940963 0 0 0.0001220118527656834 6.518610766740065e-05 0.00019200355211022443 7.977828699718349e-05
526 4208 0.12385994020601385 0 0 0.00013822503735771153 6.647039196979051e-05 0.00020754112761960162 8.056204985582828e-05
527 4216 0.09782200739436774 0 0 0.00010056375441215789 5.047262748337696e-05 0.00015603181344877633 6.123963916671034e-05
528 4224 0.08060919092217086 0 0 8.504734438089197e-05 4.067292580899797e-05 0.00012429832020767077 4.891636885499544e-05
529 4232 0.08727321837435414 0 0 8.056015079886392e-05 4.710204231377737e-05 0.00012705909740228183 5.76687180309394e-05
530 4240 0.07559198225407134 0 0 6.680838851630623e-05 4.011364689930157e-05 0.00011243832916312643 4.949886500089206e-05
531 4248 0.07053778170104874 0 0 6.02917890005925e-05 3.659471100961313e-05 0.00010872599267725771 4.56307663722533e-05
532 4256 0.058781986218155564 0 0 4.7641669556649626e-05 2.9417173449632522e-05 8.704887209059775e-05 3.6810580032991034e-05
533 4264 0.06180343350877396 0 0 4.825675978368595e-05 3.159540347331301e-05 9.190086554135987e-05 3.98045577867516e-05
534 4272 0.06634282977951805 0 0 5.38720097632013e-05 3.361174221915687e-05 9.9326780192753e-05 4.2278562903734086e-05
535 4280 0.07752493881106624 0 0 7.051463481833032e-05 3.887904232585686e-05 0.00013462904958364886 4.914649762246645e-05
536 4288 0.08677664361229662 0 0 7.765446506561902e-05 3.952521454461428e-05 0.0001373476623483528 4.930304869625561e-05
537 4296 0.10164691962206736 0 0 8.472396128958737e-05 4.953155571284785e-05 0.0001455442822891108 6.1610807632363e-05
538 4304 0.09740490299045547 0 0 8.180439557845991e-05 4.7183462974049166e-05 0.0001404113859172878 5.865917373183453e-05
539 4312 0.11611454742581565 0 0 0.00010444364184642666 6.944926444718854e-05 0.00017843009081948907 8.536470921540646e-05
540 4320 0.11459317208609314 0 0 0.00010751374544673715 7.33020255479721e-05 0.00017888839177879537 8.915140695303185e-05
541 4328 0.11739417347861242 0 0 0.00010974159479280043 6.729403897654409e-05 0.00015798884463518657 8.031456829860444e-05
542 4336 0.12459563094474277 0 0 0.00011585418381762488 7.598300410400692e-05 0.0001600353590119898 9.072673873005498e-05
543 4344 0.10581051073313684 0 0 9.722612796432957e-05 6.558510070107644e-05 0.00013266312129438522 7.836153231218485e-05
544 4352 0.10105644545997107 0 0 9.275566036483356e-05 6.402172011908211e-05 0.00012659064013607833 7.690137859669367e-05
545 4360 0.09118953304165124 0 0 8.09671981373357e-05 5.668627443602172e-05 0.00010724077444088449 6.7984859533478e-05
546 4368 0.08922952529212308 0 0 8.114516856035019e-05 5.4165401301011e-05 0.00010632050074640766 6.43931204869066e-05
547 4376 0.08127254400770745 0 0 7.437213586511195e-05 5.1370528772236986e-05 9.246606192165033e-05 6.0982175314747305e-05
548 4384 0.07020544175125211 0 0 6.034869433432333e-05 4.064124829653305e-05 7.885793531533242e-05 4.838705712521814e-05
549 4392 0.08698315677016576 0 0 7.508583551631957e-05 5.4930823971710047e-05 0.00010143804079853113 6.587756751456539e-05
550 4400 0.09502115039981615 0 0 7.818792859690558e-05 5.920252375843788e-05 0.00011852269640141047 7.161342302944584e-05
551 4408 0.10149570205354319 0 0 8.088869263000617e-05 6.219738573710342e-05 0.00012058904173999723 7.496159957113219e-05
552 4416 0.1346522658158596 0 0 0.00011979493947885212 8.916999752460307e-05 0.00016643566431926113 0.0001070568573546923
553 4424 0.14945618620165507 0 0 0.00014073143711744205 9.600970581520693e-05 0.00018448334439647818 0.00011462419103077721
554 4432 0.17244632548145825 0 0 0.00019455258031052098 0.00014161425038153834 0.00021719684944457817 0.00016818317115549467
555 4440 0.17729573841674437 0 0 0.00019714340360337158 0.00014967717026829675 0.00023237843025284736 0.00017813177668619707
556 4448 0.16638305960890465 0 0 0.00018383743526418693 0.00014950476205419978 0.00022792243833828503 0.00017878752461559713
557 4456 0.16990753042780796 0 0 0.0002025866107547745 0.00016181113914041036 0.0002099876718950801 0.00019247452971483115
558 4464 0.21849603145624205 0 0 0.0003036959488153419 0.00027231398042790373 0.00035317974452447285 0.00032650372537898655
559 4472 0.2277184441946166 0 0 0.00034244834373959486 0.000305524359728077 0.0003651608598683231 0.00036575947058363527
560 4480 0.23608209057086152 0 0 0.0003582648048508202 0.0003178441635543398 0.0003763084781585447 0.0003802376040793398
561 4488 0.23501281448121014 0 0 0.00032431918600079105 0.00028562180938217105 0.00034622838364560315 0.00034162259369875626
562 4496 0.30693559967169537 0 0 0.00046161532127823776 0.00043802223406661005 0.0005416173417893883 0.0005268926537372072
563 4504 0.3867032362115368 0 0 0.0005783686474528058 0.0005680264288138139 0.0007166813120136069 0.0006852003908910328
564 4512 0.35828864183195064 0 0 0.0005291268735227862 0.0005234521954877147 0.0006694232968216243 0.0006319357623006655
565 4520 0.44245419383629836 0 0 0.0006294794597197598 0.0006243484819381526 0.0008350795724576904 0.0007524254347396144
566 4528 0.49850933834585603 0 0 0.000731436240191142 0.0007175141035358278 0.000932517973453056 0.0008626251501757078
567 4536 0.490364054125873 0 0 0.0006671349957077623 0.0006584112342656858 0.0008701344017740484 0.000791471006914814
568 4544 0.4812435366144 0 0 0.0006541940828648529 0.0006519620931620845 0.0008739643364421009 0.0007839148272924018
569 4552 0.44203011224435956 0 0 0.0005811414162800251 0.0005807309929970404 0.0007764119746226657 0.0006984830039248313
570 4560 0.380792291849333 0 0 0.00047544449799991284 0.0004794467013204172 0.0006585904856593756 0.0005768305123652577
571 4568 0.4044810433587414 0 0 0.00047974246942147176 0.000491866014073551 0.00068132470960993 0.000591972238456999
572 4576 0.3368101009777649 0 0 0.0003943465181005928 0.0004086521649475394 0.0005684005348003227 0.0004919719513101673
573 4584 0.33635422968522505 0 0 0.00040167709651172724 0.0004088080383095034 0.0005459071903784234 0.0004917548192549471
574 4592 0.3250031960969999 0 0 0.0003648780791579991 0.00037503234091244126 0.0005181351333645471 0.0004513187815232044
575 4600 0.3678975241853429 0 0 0.00044580071947290654 0.00043367044770460634 0.0005812510845633994 0.000519581373772526
576 4608 0.3834727424017922 0 0 0.0004908142813433506 0.0004766596944909868 0.0006204542513739941 0.0005706919494459523
577 4616 0.4281767155043344 0 0 0.0005669346226450464 0.0005358707130602091 0.0006723635878515655 0.0006407357351983832
578 4624 0.4218433177631496 0 0 0.000593886509782765 0.00058798081983545 0.0007519341048586107 0.0007044224155288145
579 4632 0.42181150432868564 0 0 0.0006033128323278439 0.0006175579237485387 0.0008157843585405227 0.0007417419291022798
580 4640 0.4191125486569163 0 0 0.0006239196102433692 0.0006390424478535914 0.0008314658033320825 0.0007672994026274449
581 4648 0.3903412475827599 0 0 0.0006145235552085651 0.0006293481422906766 0.0008133261971546397 0.0007553055603121735
582 4656 0.3720176327613899 0 0 0.0005070022131186299 0.0005202030994236439 0.000676684842617642 0.0006247318046574549
583 4664 0.352430150142409 0 0 0.0005037697037740705 0.0005138221837434728 0.000658174173830481 0.0006168887374563219
584 4672 0.3552053910100832 0 0 0.000545261321143992 0.00056287911538403 0.0007229538059612433 0.0006765055213794344
585 4680 0.3528425324006621 0 0 0.0005209640397759721 0.0005437419314121603 0.0007063866482907173 0.0006541417082187658
