% # columns="iteration, evaluation, void, void, void, xmean", seed=716838, Mon Apr 11 03:56:09 2022, <python>{}</python> # scaling_of_variables: 1, typical_x: 0
1 8 0 0 0 0.6869976774716252 0.8696341238362868 10.758004747550975 100.06590993154468
2 16 0 0 0 1.1092793332580961 0.7651813436953401 10.24891968744306 99.78701168325904
3 24 0 0 0 -0.1268455732900533 1.6310382427660244 10.437787178556647 100.36093732722641
4 32 0 0 0 -0.08932088380526626 1.3415628876580297 10.391013234261015 100.27025788954901
5 40 0 0 0 -0.0979336429060553 1.494511812445017 10.709779645056997 100.19792475837718
6 48 0 0 0 0.103324261609409 1.508943875439574 11.177430361610952 100.0918204774661
7 56 0 0 0 -0.2643510980821907 1.547978014099722 11.152509864503116 100.19277679129698
8 64 0 0 0 -0.315000632159784 1.7209467479194709 11.262004306050002 100.12923135258663
9 72 0 0 0 -0.1687382907559683 1.5159139081920663 11.159420758501948 100.06795939703596
10 80 0 0 0 -0.07896860922508585 1.550824549766505 11.186080036140918 100.1257947237862
11 88 0 0 0 -0.043736060809916724 1.359493175676811 11.13319905453053 100.18232958076156
12 96 0 0 0 0.33470719808094174 1.3054945279614207 10.857300995070675 100.15794127007024
13 104 0 0 0 0.5670287590025834 1.1621058593801015 10.825740833573082 100.06442454968816
14 112 0 0 0 0.41430974236518203 1.3313443551056117 10.923576760909889 99.92223153700067
15 120 0 0 0 0.8239406364563784 1.1074833520301026 10.779052900443453 99.95728992163187
16 128 0 0 0 1.0686473616602854 1.1592925370693334 11.054612594486679 99.83101884714938
17 136 0 0 0 0.7031628294347123 1.3728194455814378 10.89270908534085 100.03862112435607
18 144 0 0 0 0.6391163492595068 1.4597470810019157 10.718691506060765 100.00520509640185
19 152 0 0 0 1.3328869450319607 1.3555247389283487 10.94751095481692 99.82477060701325
20 160 0 0 0 1.6909906514729045 1.2923240395230764 10.331743472233555 100.11012245764063
21 168 0 0 0 2.3930698230619787 0.9065513353384856 10.201516518214037 99.8155693042683
22 176 0 0 0 2.909095326143329 0.2895337537803716 9.191046117825012 99.81478532852357
23 184 0 0 0 3.9185661491820074 0.2423300707197658 9.683422052821104 99.40696760701717
24 192 0 0 0 2.5336816226818732 0.38427827174527107 10.534799937016075 99.17158231234453
25 200 0 0 0 1.989396502907186 0.6692519031348555 10.326456019271689 99.47841874515126
26 208 0 0 0 1.8405823877095326 0.639017886178278 10.416020539548647 99.23066993773305
27 216 0 0 0 1.0566336461983388 0.6466873420463989 9.696237361184016 99.66735199483016
28 224 0 0 0 0.44018744605014604 0.8586305366492093 9.80949624512256 99.63702630657691
29 232 0 0 0 -0.2507120062594982 0.8556611596655994 9.378714145601663 99.81875361926066
30 240 0 0 0 -0.13280040502966506 0.9042895397217878 9.622028851966707 99.65152779957211
31 248 0 0 0 -1.0154215575600432 0.9945796030780558 9.847807556044947 99.60760428151042
32 256 0 0 0 -0.9021146385997263 0.736863583251901 9.724553539996583 99.46047869087062
33 264 0 0 0 -0.6169876553069801 0.6260064902034315 9.323802464642386 99.49289330997226
34 272 0 0 0 -0.2629771174562801 0.5225994629280344 8.974101672099444 99.4168533004159
35 280 0 0 0 0.10803380241916377 0.6273970450956059 8.923625852986358 99.5823358750317
36 288 0 0 0 -0.11651526568575538 0.6882914444101111 9.552261656318079 99.37472025959558
37 296 0 0 0 -0.3197453787899228 0.7746721109446347 9.584735152556581 99.41081754282557
38 304 0 0 0 0.0703213801707962 0.8416039884211046 9.40596639579757 99.53660702163938
39 312 0 0 0 0.5723760751232092 0.7451562629432666 9.184294383381767 99.54790624269236
40 320 0 0 0 0.8519544584871983 0.7169088963732009 9.244318447144847 99.48586955593342
41 328 0 0 0 0.6406985548787533 0.6376819629220866 9.376393403414774 99.39908670754419
42 336 0 0 0 1.0395687281740225 0.5309637294374613 9.016863444732024 99.36052644455845
43 344 0 0 0 0.5914183378396265 0.5891986705366671 9.042389672715966 99.45942619816283
44 352 0 0 0 0.2494733342806687 0.5681334430831393 8.817923241711213 99.51110374251121
45 360 0 0 0 0.43198687825456633 0.5210451878318089 8.613410736109536 99.56726398429522
46 368 0 0 0 0.7948938670334312 0.5681539818025584 8.88404123221817 99.50644237549244
47 376 0 0 0 0.11478210405496725 0.6091633415692647 9.03964029954049 99.55418957891375
48 384 0 0 0 0.29749956338385564 0.5706277147582113 8.727635727162529 99.57490475018156
49 392 0 0 0 0.21757867350151633 0.5845000921000085 8.662519584374024 99.60341491352932
50 400 0 0 0 0.23720772536489956 0.5920832767832107 8.637874078745014 99.59403983501838
51 408 0 0 0 0.32158506543380133 0.6087184962628857 8.80462605294442 99.55119029642334
52 416 0 0 0 0.6067084681214505 0.6137728217743906 8.913507162784619 99.48074742910107
53 424 0 0 0 0.568717126215313 0.5398660063706535 8.61450873389853 99.56663674739478
54 432 0 0 0 0.5477903741594465 0.5771683223233672 8.699256042646713 99.5514604318215
55 440 0 0 0 0.512864813375343 0.6009487320383142 8.787550524041983 99.5371928953553
56 448 0 0 0 0.5443660617753071 0.6083801834732108 8.871077069312543 99.51568081622135
57 456 0 0 0 0.5020714118927713 0.592430465399866 8.826356089150252 99.51990930847128
58 464 0 0 0 0.4611223354539316 0.588394332565193 8.761244283143181 99.53670075935777
59 472 0 0 0 0.5792561664113927 0.5873855215331014 8.704352800301777 99.53588846308091
60 480 0 0 0 0.4875901201354295 0.586910949415838 8.720351071109251 99.56025184413716
61 488 0 0 0 0.5710492036600633 0.5656625208370987 8.67231367404686 99.56418985272919
62 496 0 0 0 0.5807113492421432 0.5773376479144139 8.702350988158202 99.54326810977824
63 504 0 0 0 0.6312544503617432 0.6084995438340368 8.846933167233747 99.49876431825822
64 512 0 0 0 0.6220188529913392 0.6486948586239384 9.006239629068785 99.46290490968263
65 520 0 0 0 0.6108163157092559 0.673732507223992 9.129625802776864 99.42536851900249
66 528 0 0 0 0.5753394187264534 0.7153216426930431 9.338235719173177 99.36251505932262
67 536 0 0 0 0.43463223837994647 0.6902156125923139 9.129025217837794 99.42847285089984
68 544 0 0 0 0.36182847410966484 0.6669496044922598 9.058292445521525 99.45750415036318
69 552 0 0 0 0.2476124880703801 0.6453100640852525 9.013611481671992 99.48289022225646
70 560 0 0 0 0.3648705363373917 0.6707226550681508 9.196931059785856 99.41640302588615
71 568 0 0 0 0.33047795718005574 0.648951491849599 9.121448359515531 99.43156709130243
72 576 0 0 0 0.23912856578784109 0.6611371239731502 9.215299900410686 99.43671746598983
73 584 0 0 0 0.44464263206642174 0.6215742879894852 9.110501572805035 99.4155767240693
74 592 0 0 0 0.5523000995488317 0.6151075183243092 9.084118526487531 99.3794656970354
75 600 0 0 0 0.6667992554930166 0.5795270537309726 8.926378010979242 99.40569332215134
76 608 0 0 0 0.8877504412454026 0.6225127952446261 9.052174898934814 99.35612281979144
77 616 0 0 0 0.9805351656817065 0.54049328482892 8.838576187541022 99.39797302119797
78 624 0 0 0 0.9905905885676947 0.5389674845298503 8.70439624973535 99.44349201678389
79 632 0 0 0 1.0885013518050355 0.5374746791298486 8.710064759575957 99.45395799875828
80 640 0 0 0 1.2318719776775557 0.508763060866835 8.6452616482382 99.462961854174
81 648 0 0 0 1.354198611789275 0.5341582174877604 8.755328953896496 99.41505470604046
82 656 0 0 0 1.1389239502109827 0.5608875177179063 8.80817228265717 99.44052667023321
83 664 0 0 0 1.2844159130522608 0.60435403314307 8.911367048211437 99.40579614651129
84 672 0 0 0 1.4000440514149202 0.533544118904089 8.672361600903884 99.44248376342567
85 680 0 0 0 1.5398009853412915 0.5101923492171447 8.53721272888016 99.46753687178332
86 688 0 0 0 1.5330517843023834 0.5034785835849136 8.482983258236036 99.48668427672769
87 696 0 0 0 1.6491638416931664 0.46480142432361216 8.389224139912987 99.47770037288943
88 704 0 0 0 1.6444219291134425 0.4976662014714768 8.447109758169299 99.47687361635143
89 712 0 0 0 1.7210070146057788 0.4889826832382494 8.474592305171152 99.45923000525696
90 720 0 0 0 1.6947584545099885 0.4964690243501208 8.547910312771432 99.43168736841358
91 728 0 0 0 1.8056779947418462 0.49616763857947066 8.572344369900492 99.39924875424104
92 736 0 0 0 1.856723245522445 0.4775501931354288 8.54397223676173 99.38113795819126
93 744 0 0 0 1.744970397384938 0.47102584376607637 8.563955396520345 99.39489112059871
94 752 0 0 0 1.7606442375778804 0.47631280238625096 8.53224014959383 99.4067507233019
95 760 0 0 0 1.7370919329641636 0.4548931764170517 8.448290523250092 99.43371194068659
96 768 0 0 0 1.7347320645705118 0.48025878800705946 8.515681666631574 99.42160703904875
97 776 0 0 0 1.7014838934102283 0.48194522168075243 8.518253031090005 99.4183390331123
98 784 0 0 0 1.6888876265194184 0.4844718622477976 8.525699921806899 99.41451990351065
99 792 0 0 0 1.65540258331504 0.49480322114589015 8.524900575892824 99.41942836032001
100 800 0 0 0 1.6858342209044852 0.4807922769261927 8.444174612464153 99.43977512534147
101 808 0 0 0 1.647483222020993 0.4739047428400939 8.395451635567712 99.46010594695838
102 816 0 0 0 1.5686924563761984 0.4877981492920076 8.414835909916905 99.46862004250235
103 824 0 0 0 1.4915534583851433 0.5049925526829196 8.412503007273875 99.47648529272668
104 832 0 0 0 1.5014232972924306 0.4974180458849872 8.336910241312534 99.492669771972
105 840 0 0 0 1.6078853425613175 0.5012511032347837 8.353745751109495 99.47204913298346
106 848 0 0 0 1.575269803471334 0.49495062604130136 8.387177822150829 99.47384644847347
107 856 0 0 0 1.5741603596525557 0.48707154496260185 8.336484066857762 99.49565661872316
108 864 0 0 0 1.631580956694029 0.49515995318998646 8.456991006056757 99.45138871957336
109 872 0 0 0 1.5109167609667988 0.5021318646643304 8.455976919694901 99.46123040360845
110 880 0 0 0 1.5625203959342346 0.5072792212095526 8.522082572856078 99.45079553603908
111 888 0 0 0 1.573489500023268 0.5258752470457798 8.656809334207846 99.40980560052262
112 896 0 0 0 1.4777508502660548 0.5480111688776502 8.65540228742934 99.4120682125071
113 904 0 0 0 1.463189938543224 0.5667597182987587 8.744293975287615 99.37566400547759
114 912 0 0 0 1.433253952982717 0.5547580712011295 8.70367847256245 99.37687196784051
115 920 0 0 0 1.3629381886517673 0.5794263213911117 8.736534877585214 99.3490000981862
116 928 0 0 0 1.3015823662207349 0.5729394105089857 8.617930895686818 99.39973812862202
117 936 0 0 0 1.3854203421970122 0.5640424269730598 8.579120669649717 99.40549340860697
118 944 0 0 0 1.426375859940518 0.5320240766623463 8.534872768187311 99.41240422773579
119 952 0 0 0 1.4912924393484446 0.5246330497427535 8.595568142292185 99.39562342445338
120 960 0 0 0 1.4776220269786904 0.5502824101131562 8.672449209145375 99.37641878177388
121 968 0 0 0 1.4909286678649165 0.5407429810224755 8.691525702335976 99.37121008602092
122 976 0 0 0 1.5616215888215976 0.5323252572509776 8.730250845914263 99.35807866378416
123 984 0 0 0 1.5552229753937152 0.53296144824025 8.73433104877574 99.35848393880211
124 992 0 0 0 1.5751074981001283 0.5275355999671705 8.740917986784275 99.36159383709824
125 1000 0 0 0 1.5926120599550646 0.5303482786698943 8.728838202773982 99.36027428147943
126 1008 0 0 0 1.6029918300343549 0.5368478152873902 8.774323654584071 99.34958828878952
127 1016 0 0 0 1.597966216832162 0.5437410013285505 8.760423150634251 99.35079651488088
128 1024 0 0 0 1.6045610312334195 0.5583068034407598 8.816096689057861 99.33361813825846
129 1032 0 0 0 1.6166571735811888 0.5535166402701016 8.825814210885246 99.3340983315858
130 1040 0 0 0 1.5887157674155894 0.5455210577458777 8.78183658381549 99.34398849784161
131 1048 0 0 0 1.5219047249488564 0.5484127567217261 8.775679581470849 99.35128021273133
132 1056 0 0 0 1.4980899493625441 0.5547597858703824 8.783189831739428 99.34792287620051
133 1064 0 0 0 1.4721400845117179 0.5690829807330713 8.847617438940496 99.33372685744101
134 1072 0 0 0 1.4741977489292297 0.5634140267269491 8.779288323211402 99.3565754461787
135 1080 0 0 0 1.4438921905921442 0.5623809743904751 8.782303098531777 99.36289091751169
136 1088 0 0 0 1.4237984547005422 0.5682617237507132 8.810291844982608 99.34497735690152
137 1096 0 0 0 1.4582314649508685 0.5529817688125099 8.782714730946354 99.36261172439164
138 1104 0 0 0 1.4341026792750498 0.5632858760936587 8.807602347963497 99.35747485472545
139 1112 0 0 0 1.445142553349191 0.5597838874430165 8.790824277325278 99.35942818494276
140 1120 0 0 0 1.429000646430147 0.5625314213044332 8.78166350753325 99.36112689235335
141 1128 0 0 0 1.4313438350008472 0.5657070679554005 8.793962748283699 99.35666368587637
142 1136 0 0 0 1.4325119012833738 0.5578176898659603 8.759166103646852 99.36851015505667
143 1144 0 0 0 1.4223415318262067 0.5607688440227477 8.7763215809098 99.3668617523641
144 1152 0 0 0 1.422446204703814 0.5553720182618234 8.768552602863206 99.3721825957054
145 1160 0 0 0 1.4100696368828862 0.5521291632839549 8.731737849287395 99.37907285843197
146 1168 0 0 0 1.4014014875211531 0.5500598947415978 8.719244211812251 99.39093736344489
147 1176 0 0 0 1.4227817645308374 0.5523341563869305 8.744639313668355 99.37687508808638
148 1184 0 0 0 1.411710225452531 0.5543195006653816 8.73554057399888 99.37594118532478
149 1192 0 0 0 1.420082661888178 0.551514999061149 8.734427617482783 99.38262249589563
150 1200 0 0 0 1.4203369831593926 0.5561650835856855 8.75176997166713 99.37515381795978
151 1208 0 0 0 1.434570685043637 0.5538390205764916 8.744444043204979 99.37644378338379
152 1216 0 0 0 1.436836475145486 0.555923036085746 8.762439220826803 99.37152976331188
153 1224 0 0 0 1.4485392510478712 0.5537823825087798 8.775206576753579 99.37331117098398
154 1232 0 0 0 1.4540386989937224 0.5507082444591478 8.762281667025297 99.3776511414862
155 1240 0 0 0 1.4510453958536182 0.5487769637600574 8.75160028235219 99.38034031100005
156 1248 0 0 0 1.4534068621296958 0.548925075514485 8.754442986481797 99.38175966164837
157 1256 0 0 0 1.4631864728616297 0.5495991457702808 8.765053469481462 99.37862760581704
158 1264 0 0 0 1.4559629034899617 0.549309365152838 8.76326189923105 99.38199134984207
159 1272 0 0 0 1.4537463371293637 0.5494821041120869 8.764659802363239 99.38186696329856
160 1280 0 0 0 1.4521093789653483 0.551652468688154 8.767233991635399 99.37788784570745
161 1288 0 0 0 1.4475282325486212 0.5549399690362594 8.782486165185963 99.37480243016287
162 1296 0 0 0 1.4458497040808391 0.5535373299380144 8.775828287982296 99.37721457508889
163 1304 0 0 0 1.4424539194505501 0.5510393030879926 8.766624688800801 99.38170741392429
164 1312 0 0 0 1.4369564340160554 0.5521145588917441 8.766675615050895 99.38235476887019
165 1320 0 0 0 1.4378371191552353 0.5546758881978362 8.77678447925413 99.37920304381619
166 1328 0 0 0 1.4264376714064708 0.5569759553802586 8.784528220842693 99.37831834653424
167 1336 0 0 0 1.4369818305805284 0.5542696335212127 8.775956328705137 99.37845792772823
168 1344 0 0 0 1.4392272370829002 0.5540341120888557 8.774620257385857 99.37779155033977
169 1352 0 0 0 1.4391946988528252 0.5532394370773566 8.769699356826845 99.3794150924025
170 1360 0 0 0 1.4326872241543065 0.553725832624835 8.770045472076538 99.38071877867947
171 1368 0 0 0 1.432763421966373 0.5522896382202992 8.762256499631555 99.38328282124512
172 1376 0 0 0 1.4332076908309375 0.5533915561684426 8.768938319684114 99.3816367219677
173 1384 0 0 0 1.4364099023007977 0.5516751705668598 8.766512103855796 99.38429400905159
174 1392 0 0 0 1.4422685992944713 0.549068608091178 8.76136593067702 99.38673976741937
175 1400 0 0 0 1.4462689344855384 0.5492597331623265 8.768069558762381 99.38510308902228
176 1408 0 0 0 1.4458317179876243 0.5485364642310478 8.765458586792208 99.38601281962262
177 1416 0 0 0 1.4369294089801017 0.55316841951964 8.7741314496854 99.38062371671079
178 1424 0 0 0 1.4407739670884077 0.550586533409313 8.770144528054816 99.38458325903208
179 1432 0 0 0 1.4423103976092932 0.5503806224800698 8.773292738843793 99.38409335345105
180 1440 0 0 0 1.441887112203626 0.5498292532084773 8.768144477859657 99.38417819030236
181 1448 0 0 0 1.4416296537517166 0.5488778571354185 8.764371645354583 99.38557064009758
182 1456 0 0 0 1.4324199487496914 0.550736334729533 8.764459487920826 99.38498789751203
183 1464 0 0 0 1.4340213130295985 0.5506678431482643 8.76468819091611 99.38435259209413
184 1472 0 0 0 1.4347764118635218 0.5504297382248244 8.764079606964355 99.38435667194967
185 1480 0 0 0 1.4324877177995536 0.5511764810428419 8.762142058032584 99.38308854840304
186 1488 0 0 0 1.4328224529167826 0.5517400723710801 8.760181913656266 99.38147248037608
187 1496 0 0 0 1.4308796991196993 0.552230113901186 8.761508617242672 99.38138684088686
188 1504 0 0 0 1.4276364806338877 0.5519419244517297 8.753811777673327 99.38205552102421
189 1512 0 0 0 1.4216063919427164 0.5544972290161436 8.757856353812178 99.38013745847712
190 1520 0 0 0 1.4209356603236174 0.5556518037461017 8.768155390191927 99.37904474568677
191 1528 0 0 0 1.4285920522632467 0.5521214476787273 8.756347026636892 99.38167287832363
192 1536 0 0 0 1.4239649890991724 0.5519218548682485 8.745546537120912 99.38221957868686
193 1544 0 0 0 1.4235853846267654 0.5523732556716807 8.748483216680361 99.3811511389822
194 1552 0 0 0 1.417433304737889 0.5529275001854277 8.741989286000257 99.38120718598873
195 1560 0 0 0 1.4136272761046036 0.5520494481201261 8.741128123927453 99.38414427366388
196 1568 0 0 0 1.4190506368923752 0.5526464776583091 8.750150632107234 99.38206172721243
197 1576 0 0 0 1.4228709427204653 0.5518652377105533 8.748251186588018 99.38240086317161
198 1584 0 0 0 1.4208435571064757 0.5525479350822604 8.754616503833821 99.38152684125056
199 1592 0 0 0 1.423962285521237 0.5535234613701885 8.765949135592594 99.37919486501838
200 1600 0 0 0 1.4167200307147454 0.5536275183759686 8.756365793254693 99.38009355936369
201 1608 0 0 0 1.420114385053037 0.5523719498587012 8.747496283099558 99.37995812283594
202 1616 0 0 0 1.4132181238297636 0.5509565787209012 8.73030084632988 99.38296381560028
203 1624 0 0 0 1.4163980567264574 0.5512985346833376 8.73648435224835 99.3815658997411
204 1632 0 0 0 1.4169041331404346 0.5513438502700593 8.737293700453211 99.38162096063019
205 1640 0 0 0 1.4148577373160207 0.553241770045921 8.75080244201807 99.3796527608191
206 1648 0 0 0 1.4088664886848452 0.5548792545061234 8.745497972351208 99.37897884143253
207 1656 0 0 0 1.4167513751135694 0.5542526135645908 8.755785550056837 99.37910683556203
208 1664 0 0 0 1.4194455219395994 0.5526783979265005 8.742646116084094 99.37959903941521
209 1672 0 0 0 1.415074772101243 0.5550667668802043 8.758217707430209 99.37835293696278
210 1680 0 0 0 1.4239289879723678 0.5525091845316275 8.755758458221951 99.37999380798682
211 1688 0 0 0 1.4140958022997625 0.556923844107221 8.765438104062088 99.37551241066853
212 1696 0 0 0 1.41207248705644 0.555832228475013 8.74927287176542 99.37629340341071
213 1704 0 0 0 1.4049645683348173 0.558293925250131 8.743846655020214 99.3739252049131
214 1712 0 0 0 1.4062111728315616 0.5612275384954996 8.755000161620218 99.36891034370247
215 1720 0 0 0 1.398198262612101 0.5578212489915303 8.727916146628148 99.37488250748167
216 1728 0 0 0 1.4098382445626576 0.5522614105886942 8.709596157480677 99.37926225647824
217 1736 0 0 0 1.414906762125725 0.5480373621044555 8.690360826246117 99.38408638861334
218 1744 0 0 0 1.4095290282195256 0.5482982415047623 8.681963315305554 99.38296020231147
219 1752 0 0 0 1.3930107495223505 0.5498812916288228 8.672786568511006 99.38363846447716
220 1760 0 0 0 1.4016755540106294 0.545400343080171 8.658805079943185 99.38953415581967
221 1768 0 0 0 1.4025729588881803 0.5410447785290907 8.630611109432408 99.39533859933341
222 1776 0 0 0 1.4036188786555064 0.532340509720495 8.570886760661585 99.40443631731247
223 1784 0 0 0 1.4009841213308643 0.5344549771176138 8.604906880901554 99.40569212086461
224 1792 0 0 0 1.3814694680043358 0.5414015626607631 8.619555753562857 99.40164506273727
225 1800 0 0 0 1.3648587762235964 0.5534842974400106 8.679019483665039 99.3919481389636
226 1808 0 0 0 1.3320124109636255 0.5511109219415753 8.5944977721202 99.39364205220842
227 1816 0 0 0 1.3676216535282133 0.5520884022157657 8.655439597447753 99.38569056403728
228 1824 0 0 0 1.3862280944548888 0.5624329267906156 8.755569636862367 99.37208114033221
229 1832 0 0 0 1.3856683591310042 0.5614961852153229 8.705746461852021 99.3674785795364
230 1840 0 0 0 1.374662212565954 0.5591761331684908 8.680305666395823 99.37245010214856
231 1848 0 0 0 1.3277449565851982 0.5648582399828274 8.645022714048052 99.37324544274064
232 1856 0 0 0 1.3351020700164125 0.5573145760293376 8.600111809847375 99.37828711013157
233 1864 0 0 0 1.3540268201536134 0.5426921105872616 8.53845374726498 99.39239922266388
234 1872 0 0 0 1.3680480432053594 0.5444439615838005 8.555567457996501 99.38671440371445
235 1880 0 0 0 1.35798613840508 0.5384148037401537 8.517261327118504 99.39384831214322
236 1888 0 0 0 1.35051480967128 0.553821908142043 8.606198919149966 99.37870566251816
237 1896 0 0 0 1.3392719878225345 0.5611502912018825 8.634886898998612 99.3718550610688
238 1904 0 0 0 1.3571306217880312 0.565011700063456 8.68015219629488 99.36536018954018
239 1912 0 0 0 1.3599024443029022 0.5623592291674048 8.65454174746175 99.36605123193915
240 1920 0 0 0 1.3443792126988081 0.5616582270931908 8.653451524841467 99.37110820493604
241 1928 0 0 0 1.3180078611971626 0.5661664812677837 8.654064772834118 99.37056153187233
242 1936 0 0 0 1.3371923279533484 0.5597055844530885 8.643019036461892 99.37547638091331
243 1944 0 0 0 1.340228345152361 0.5526996691147308 8.598326160637225 99.38214220913244
244 1952 0 0 0 1.3256208196514794 0.5540502680158171 8.595336485112277 99.38390733958815
245 1960 0 0 0 1.3264654041025803 0.5506729097475702 8.576286193958383 99.38739469204839
246 1968 0 0 0 1.322661403545161 0.5509270505984633 8.59666062326591 99.3899080924758
247 1976 0 0 0 1.3358355955521795 0.5435906113583764 8.56296619943315 99.39580533880779
248 1984 0 0 0 1.3458447110412914 0.5438071306078611 8.603446936266907 99.39686163650379
249 1992 0 0 0 1.3503642077805085 0.544494076107355 8.613530417988883 99.3955600620516
250 2000 0 0 0 1.3378039202866239 0.5464419982258262 8.618523618371537 99.39550637164166
251 2008 0 0 0 1.2934691372042804 0.5512862317835857 8.568222632265028 99.39424083297752
252 2016 0 0 0 1.2782243215393534 0.5538583444204404 8.522589961229107 99.39008931960727
253 2024 0 0 0 1.2454635290684237 0.5578825253193324 8.463846011372532 99.38525801092959
254 2032 0 0 0 1.2479777430578465 0.5533157783504118 8.436130710930868 99.3903243304741
255 2040 0 0 0 1.22984707684419 0.5408572392449104 8.381673778963854 99.41095580810696
256 2048 0 0 0 1.231784819467097 0.544021856740537 8.39426780234709 99.40601564906135
257 2056 0 0 0 1.203266161969328 0.5513778665195451 8.318347158172156 99.39568923319835
258 2064 0 0 0 1.1383034356876895 0.5642880238945567 8.290891978019376 99.38849752265553
259 2072 0 0 0 1.1501587564914961 0.5531277132299564 8.251597086509411 99.40163635375748
260 2080 0 0 0 1.170279774330271 0.5442146271758027 8.255083425870355 99.40981661870292
261 2088 0 0 0 1.1536204410659148 0.5494940556566327 8.299178162265425 99.40967410788531
262 2096 0 0 0 1.0852416090294075 0.5556865374859241 8.244560131036934 99.41320180849999
263 2104 0 0 0 1.0448674330793193 0.5558902313305452 8.16027192086548 99.41686674852686
264 2112 0 0 0 1.050479625860849 0.5484088780178592 8.118623083893098 99.4226535786492
265 2120 0 0 0 1.0880142559825143 0.5379418560077339 8.119713595020164 99.42941136457968
266 2128 0 0 0 1.0642909819339395 0.5317478768655506 8.065276563688064 99.44086244490349
267 2136 0 0 0 1.0936152688591487 0.5217935796458463 8.07564423029547 99.45035345016404
268 2144 0 0 0 1.0355420706961553 0.5359871463426338 8.0585481040899 99.44079489075409
269 2152 0 0 0 1.0376081523118654 0.5314212441981913 8.053703869125467 99.44661116128444
270 2160 0 0 0 0.9772453713497601 0.543915165756972 8.0135383266748 99.43984711113237
271 2168 0 0 0 1.0006501941189854 0.5393135040784786 8.063211326464337 99.4453561529631
272 2176 0 0 0 0.9849321763731376 0.5460497766285135 8.094134204073686 99.44121687047337
273 2184 0 0 0 0.9910518776215024 0.5567629962871682 8.160157433974906 99.42861451144036
274 2192 0 0 0 1.0683382916849338 0.5290550074662035 8.131759958934847 99.4494395266848
275 2200 0 0 0 1.0429917623193379 0.5427622345008885 8.157452620201104 99.43600815340358
276 2208 0 0 0 1.046826503372806 0.5394106408176207 8.117412196270944 99.43730988364018
277 2216 0 0 0 1.0540655631944875 0.5324415384464742 8.117596287441517 99.44714288525024
278 2224 0 0 0 1.0080194309560624 0.543235457788676 8.105614508473751 99.44140414533001
279 2232 0 0 0 1.0114222784828966 0.5453915322091656 8.088930969093798 99.43601447033133
280 2240 0 0 0 1.02987650388639 0.5485202445081808 8.135697451481821 99.43076694393791
281 2248 0 0 0 0.9917491076865361 0.5459819431611466 8.077432661087244 99.43857830559259
282 2256 0 0 0 0.9797377558854589 0.5525357302333557 8.103717727300126 99.43390258318986
283 2264 0 0 0 0.9655996589226246 0.5481561808151755 8.08300363887606 99.44206609454719
284 2272 0 0 0 0.986989717378228 0.5477347490848304 8.088430489662143 99.43850434201185
285 2280 0 0 0 0.9797324400070793 0.5499060915817942 8.048163786238433 99.433819870456
286 2288 0 0 0 0.9677584492855866 0.5412915210720893 7.991660232318786 99.4449820644243
287 2296 0 0 0 0.9775178706115034 0.5404542229956857 8.029958133924213 99.44724399732682
288 2304 0 0 0 0.9567058859378678 0.5436433704749529 8.01363856337055 99.4455514912923
289 2312 0 0 0 0.9685382087293865 0.5370210823288237 8.01368387060997 99.45275194086403
290 2320 0 0 0 1.0028898092314076 0.5334040015628401 8.046135900993427 99.45259340439605
291 2328 0 0 0 0.9970984375302833 0.5313095363603261 7.974284854584221 99.45081800642527
292 2336 0 0 0 0.9789486146722256 0.5244318118793925 7.890978114761371 99.45851988443724
293 2344 0 0 0 1.0292079070833924 0.5152433927139104 7.907836321281052 99.46190051055704
294 2352 0 0 0 1.0104007055319708 0.5285989489642643 7.942240213600849 99.44886817313989
295 2360 0 0 0 1.0670294584377211 0.5181313883157296 7.954368768195997 99.4519875178872
296 2368 0 0 0 1.0443555541788994 0.5150588706801529 7.885099684338287 99.45625863072044
297 2376 0 0 0 1.0558475092656872 0.5088883746599985 7.89560704429328 99.46393292135237
298 2384 0 0 0 1.06509098965904 0.5190475302283412 7.964329283940656 99.45158859963364
299 2392 0 0 0 1.0568732321107788 0.5272755904956775 8.001030275617971 99.44437531108791
300 2400 0 0 0 1.0898806469751083 0.5224342277959537 8.000577978411185 99.44377930000114
301 2408 0 0 0 1.0641362998941049 0.5254388278125247 7.982550745333779 99.44372993365661
302 2416 0 0 0 1.0622140275450593 0.5215382568592323 7.947864270391944 99.44785994270677
303 2424 0 0 0 1.038340480869496 0.5191778924015102 7.935601602661342 99.45632828013808
304 2432 0 0 0 1.0597266378685561 0.5190393859458566 7.970902972217996 99.45428157422062
305 2440 0 0 0 1.0982397243584234 0.5110553709848245 7.980721465856279 99.45769824325538
306 2448 0 0 0 1.1160787525309646 0.5103150555853391 8.006525254612795 99.45612689823308
307 2456 0 0 0 1.099807139121704 0.5168978031783645 8.036022065849867 99.4521618626755
308 2464 0 0 0 1.077162093677908 0.5276091043270549 8.034705379698758 99.44127959693313
309 2472 0 0 0 1.0984984337371833 0.5208151920242909 8.022341552979226 99.44532494579839
310 2480 0 0 0 1.063431615281496 0.5337473160367093 8.031157477509067 99.43502119562592
311 2488 0 0 0 1.0547325333549784 0.5326917530255327 8.026020741133191 99.43795880386271
312 2496 0 0 0 1.018096027720173 0.5363842229944198 8.02680562770168 99.44167164804519
313 2504 0 0 0 1.0577036550434589 0.5229416443938033 8.01039839940891 99.45112180894023
314 2512 0 0 0 1.0551641218825913 0.521605323425642 8.00400588978767 99.45335477384769
315 2520 0 0 0 1.0439107632279627 0.5299308168902269 8.01822014706314 99.44432101833324
316 2528 0 0 0 1.0407977416766934 0.5306370197921593 8.014747645082757 99.44404769659738
317 2536 0 0 0 1.0149754600327947 0.5337761141442718 8.020945351013333 99.44608352514105
318 2544 0 0 0 1.006227342056079 0.5431669517299774 8.044331126250357 99.43570870447968
319 2552 0 0 0 0.9926737881421897 0.5459452537312038 8.041195029739098 99.43476532818613
320 2560 0 0 0 0.9926192770662554 0.5492823809222754 8.059015210737552 99.43105905778944
321 2568 0 0 0 1.0253211462365799 0.5428289586195589 8.058579376476462 99.43248265149809
322 2576 0 0 0 1.0242313037240756 0.5465472365981435 8.06888734295219 99.42788456469519
323 2584 0 0 0 1.042144281327581 0.542360777271839 8.068047206318324 99.42976173034297
324 2592 0 0 0 1.0216166425591062 0.5468335672583854 8.073789375569664 99.42849671353935
325 2600 0 0 0 1.0323248076691578 0.5451767648198118 8.07324300799294 99.42838047168155
326 2608 0 0 0 1.0326184618374339 0.5445506492301304 8.065105792804802 99.4285674874634
327 2616 0 0 0 1.0199841730651917 0.5475726313007062 8.069894894809146 99.42752148157643
328 2624 0 0 0 1.0242401583583987 0.5460947555335509 8.066548314582604 99.42843972540345
329 2632 0 0 0 1.0332285773835383 0.5431760291751141 8.059510709791553 99.4301590931223
330 2640 0 0 0 1.03414064941393 0.5430720250269419 8.058477697419924 99.42999096707462
331 2648 0 0 0 1.0302849070287508 0.5434846742753497 8.05898657915253 99.43032279384977
332 2656 0 0 0 1.0272654435394384 0.5439907985124347 8.061759237887546 99.43052144257992
333 2664 0 0 0 1.0285624875437454 0.5437190648198275 8.060972946745864 99.43054195155104
334 2672 0 0 0 1.0301409095627805 0.5435017381102855 8.060683416832394 99.43044552376327
335 2680 0 0 0 1.030805012657763 0.544095246295588 8.062239848341806 99.42949770910276
336 2688 0 0 0 1.0307552347570779 0.5438415316792705 8.062309248809447 99.42989796222689
337 2696 0 0 0 1.0326349119226765 0.5436148346362778 8.061958149660203 99.42974200635757
338 2704 0 0 0 1.033719700846452 0.5434001550020947 8.061686956621887 99.42979119836035
339 2712 0 0 0 1.0325238055212604 0.5436291334528331 8.061702160869123 99.42975709092961
340 2720 0 0 0 1.0323308460485343 0.5435098064779206 8.061950522544167 99.4299930284877
341 2728 0 0 0 1.0318691791641523 0.5438270669393954 8.062204318671007 99.42964167874976
342 2736 0 0 0 1.0328817284899179 0.5435809745248701 8.061950757840286 99.42975585311802
343 2744 0 0 0 1.0326721200555344 0.5437108576349676 8.062086377440195 99.42963774129254
344 2752 0 0 0 1.0319869635050476 0.5439036645559678 8.062169478584478 99.42953010950924
345 2760 0 0 0 1.0335088067630012 0.5435516125783113 8.061810696451968 99.42964805227875
346 2768 0 0 0 1.0328396653064684 0.5438552361003404 8.062567824472769 99.4293993222836
347 2776 0 0 0 1.0320098608110257 0.5441083643460422 8.062627887078127 99.42922413833492
348 2784 0 0 0 1.0321354594871148 0.5440944310625714 8.062776262798103 99.42922365130568
349 2792 0 0 0 1.0315166741162576 0.5443089907312233 8.063067078120755 99.42906172798654
350 2800 0 0 0 1.0320316227007413 0.5442147518160657 8.06311144983653 99.42908958968637
351 2808 0 0 0 1.032190754389555 0.5441833291795858 8.063133620446308 99.42910016087765
352 2816 0 0 0 1.032324761754595 0.5440964253085735 8.062866569693291 99.42917483565896
353 2824 0 0 0 1.0322290986634337 0.5442283277602112 8.063009326551995 99.42900188121003
354 2832 0 0 0 1.0323253258592051 0.5441563472099085 8.062909567644967 99.4290754700628
355 2840 0 0 0 1.0322034438515475 0.5440680111542191 8.062703657954227 99.42922358986019
356 2848 0 0 0 1.0318052692151856 0.5440992390252535 8.062649812148575 99.42926149097754
357 2856 0 0 0 1.030869590561262 0.5443101680729961 8.062974963182924 99.42919468144056
358 2864 0 0 0 1.0313313999255997 0.5443575390522521 8.063435713342542 99.42902877135283
359 2872 0 0 0 1.0310356179190834 0.544596883233436 8.063804492945167 99.42876744141869
360 2880 0 0 0 1.0309507425492201 0.5446168710219487 8.063915136662722 99.42877699565672
361 2888 0 0 0 1.0309561747826987 0.5445785483675201 8.063796487689553 99.42881359163529
362 2896 0 0 0 1.031424481097747 0.5446197418865332 8.064191425811213 99.42866820234526
363 2904 0 0 0 1.031790175695903 0.5445656688213589 8.064337436920578 99.42866839418855
364 2912 0 0 0 1.0320340100287824 0.5446073132871364 8.06450005840332 99.4285450230753
365 2920 0 0 0 1.032950515728036 0.5444048941704516 8.064638408826449 99.42864320148126
366 2928 0 0 0 1.033243661665716 0.5443084245250575 8.064728441527306 99.42873281654029
367 2936 0 0 0 1.0327629433460042 0.5443872980630289 8.064625306872545 99.42872551577429
368 2944 0 0 0 1.0322035393817353 0.5443503408976659 8.064201381544951 99.42889498808886
369 2952 0 0 0 1.0319933869318567 0.5444407869910292 8.064156677621268 99.42879987224602
370 2960 0 0 0 1.0315353037317354 0.5445638742364232 8.064148187299187 99.42871193892675
371 2968 0 0 0 1.0317705532740709 0.5446267953903348 8.064500455973741 99.42859345396802
372 2976 0 0 0 1.0323386298293253 0.5445960174354605 8.06476320522088 99.42852271142445
373 2984 0 0 0 1.032185222551541 0.5444666350147065 8.064318488053788 99.42873115281044
374 2992 0 0 0 1.0320754349593158 0.544563732049323 8.064540963945136 99.428622386473
375 3000 0 0 0 1.031965310685205 0.5445186294039224 8.064378917740159 99.4287047101208
376 3008 0 0 0 1.0319310306862632 0.544545461620249 8.064417985985008 99.42867576324832
377 3016 0 0 0 1.0320878240739368 0.5445112031505267 8.064475255194823 99.42869749642965
378 3024 0 0 0 1.0318103573574464 0.5445176085249472 8.06423398328082 99.42873099471628
379 3032 0 0 0 1.0321219787545977 0.5445495958416363 8.064555693110238 99.42863604048121
380 3040 0 0 0 1.0321630854507253 0.5446233012383936 8.064811415846732 99.42853414320408
381 3048 0 0 0 1.031869211965679 0.5446622068072364 8.06468866922154 99.42853187263339
382 3056 0 0 0 1.0316724634333427 0.5446429862347777 8.064583570822414 99.42859723303629
383 3064 0 0 0 1.0319247575776167 0.5446402018302443 8.064732828458935 99.42855456981938
384 3072 0 0 0 1.0318359539765705 0.5446966302872963 8.064782340126428 99.42849208593485
385 3080 0 0 0 1.0317682697787214 0.5447320577132767 8.064762112412824 99.42845334579431
386 3088 0 0 0 1.0318314564188156 0.5447324350041955 8.06485327409407 99.42844507404551
387 3096 0 0 0 1.0318174284024935 0.5447781199080878 8.064971838662006 99.42838903523159
388 3104 0 0 0 1.0315906851523606 0.544862188136705 8.065023409694719 99.42831623819963
389 3112 0 0 0 1.031611371916516 0.5447890203810117 8.064773979910804 99.42840511228323
390 3120 0 0 0 1.031542748449503 0.5447829206919412 8.064628468356322 99.42841927467471
391 3128 0 0 0 1.0315003536450575 0.5447528981536565 8.064411482553844 99.42845818083885
392 3136 0 0 0 1.0313785325655216 0.5448342059965026 8.064497770592723 99.42836820399424
393 3144 0 0 0 1.0309132076612557 0.545031328754073 8.064589276418578 99.42817991651286
394 3152 0 0 0 1.031053261960639 0.5450631073137004 8.064724695142921 99.42811123549669
395 3160 0 0 0 1.0308864261389963 0.5451069038027221 8.064826045699409 99.4280846743535
396 3168 0 0 0 1.031166608378506 0.5450433448181783 8.065017823250153 99.42813200512718
397 3176 0 0 0 1.0314407189782722 0.5448262088718188 8.064725793035015 99.42837834641861
398 3184 0 0 0 1.031857636104177 0.5447498722674741 8.064926125140945 99.42841664139614
399 3192 0 0 0 1.032553067862294 0.544561072284976 8.065313023141421 99.42857306393168
400 3200 0 0 0 1.0318846882726533 0.5447130343113146 8.065037567075372 99.4284680190462
401 3208 0 0 0 1.0314426237999854 0.5449355406206559 8.065040080584783 99.42822753913107
402 3216 0 0 0 1.031935152098217 0.5447273571740306 8.065142247271167 99.42844044309378
403 3224 0 0 0 1.0318958441780628 0.5446895756807202 8.064931099417361 99.42848959929766
404 3232 0 0 0 1.0318590651664123 0.5447589174631511 8.064985196169157 99.4283953662706
405 3240 0 0 0 1.0315945983018864 0.5448691906612175 8.06500205429676 99.42828736473348
406 3248 0 0 0 1.0318145882913048 0.5446847267082668 8.064897316750878 99.4285082706439
407 3256 0 0 0 1.032123059935852 0.5445808067960222 8.065109711122341 99.42861560917456
408 3264 0 0 0 1.0320575675834323 0.5445832705123236 8.065121086546714 99.42862584213267
409 3272 0 0 0 1.0325190580138492 0.5444929564785357 8.06557131576512 99.42869458542447
410 3280 0 0 0 1.0321212309264 0.5446422206833836 8.065591458204153 99.4285563207233
411 3288 0 0 0 1.0327750225251862 0.5444253906328637 8.065819242398735 99.42875868802147
412 3296 0 0 0 1.0328024907400242 0.5444940427144793 8.066070532851741 99.42866689659935
413 3304 0 0 0 1.0325640640495901 0.5445509437746073 8.066224900023522 99.4286413980533
414 3312 0 0 0 1.0324848833485323 0.5445564308533073 8.066236128701231 99.42865208109619
415 3320 0 0 0 1.0329873821128883 0.5443366340612343 8.0662557817163 99.42887788728525
416 3328 0 0 0 1.0329321205434125 0.5443452229968766 8.066268303073063 99.42887492509776
417 3336 0 0 0 1.0328544799930097 0.5442184474424792 8.065662358368758 99.42903875974517
418 3344 0 0 0 1.032507518766002 0.5444331795574221 8.065962246576968 99.42881217140224
419 3352 0 0 0 1.0317529447174063 0.5446784958513938 8.065484772128006 99.428573156526
420 3360 0 0 0 1.0308114630874798 0.5450361796546552 8.065067936082169 99.42820889481656
421 3368 0 0 0 1.030986249949493 0.5449881973182685 8.065004558960716 99.42824257256842
422 3376 0 0 0 1.0302017910143464 0.5451140861661445 8.064249706898904 99.42816762433851
423 3384 0 0 0 1.0306407627115046 0.5451449312660951 8.064901454608384 99.42807392222858
424 3392 0 0 0 1.0303749810238159 0.5451405636560968 8.064564622164934 99.42811034761627
425 3400 0 0 0 1.0299958939648386 0.5453876267759805 8.064666508482041 99.42782876510925
426 3408 0 0 0 1.0302959425116929 0.5451426887723996 8.06464759112454 99.42812929739792
427 3416 0 0 0 1.0305002180471652 0.5450589155180925 8.064819657171958 99.42822257491187
428 3424 0 0 0 1.0295576024179647 0.5453466233570705 8.063974984083314 99.42793412520709
429 3432 0 0 0 1.0285427706630663 0.5455384545378952 8.06275639448219 99.42777926015371
430 3440 0 0 0 1.027603267450684 0.5457893262219037 8.062073843719304 99.4275580292436
431 3448 0 0 0 1.028354706516068 0.545536034201243 8.062674860219115 99.42781776451464
432 3456 0 0 0 1.029410149447592 0.5453100792070007 8.06371473657366 99.42800104439335
433 3464 0 0 0 1.0295973011539967 0.5452106690231074 8.063561525764392 99.42810161526948
434 3472 0 0 0 1.030023246845337 0.5450780770389521 8.063791245128474 99.42822457283903
435 3480 0 0 0 1.030513295331836 0.544956977597326 8.064288813404689 99.4283360509019
436 3488 0 0 0 1.0299367006664648 0.5450570076525358 8.063679015599934 99.42826582367141
437 3496 0 0 0 1.0299622031506726 0.5450441841541408 8.06366157149154 99.42827970344558
438 3504 0 0 0 1.029515209901645 0.5451313768655995 8.063161436267897 99.428211707756
439 3512 0 0 0 1.0307490806851582 0.5448176372827416 8.064254310713748 99.42849131787945
440 3520 0 0 0 1.0311362890551456 0.5447008392649116 8.064625164705369 99.42860869277366
441 3528 0 0 0 1.0308173976509782 0.544817189792828 8.064522417725527 99.42849261111023
442 3536 0 0 0 1.0308840239435517 0.5447890882646154 8.064598173486642 99.42852522465688
443 3544 0 0 0 1.0304219361449924 0.5448998594320352 8.064192170265171 99.42843088169235
444 3552 0 0 0 1.0305735724382912 0.5448265607093642 8.064238599553494 99.42851128272241
445 3560 0 0 0 1.0305142750942446 0.5448611714580381 8.064178438543575 99.42846953921074
446 3568 0 0 0 1.030753081588363 0.5447676618418338 8.06441928094262 99.42857453621308
447 3576 0 0 0 1.0306347452172613 0.5448065616556811 8.064308117854441 99.42853327608697
448 3584 0 0 0 1.0304731635799087 0.544885373953832 8.064258661292458 99.42844627469921
449 3592 0 0 0 1.03064021031883 0.5448167196094715 8.064306525551071 99.42851625069976
450 3600 0 0 0 1.0305859014454535 0.544847170726646 8.06437320457833 99.42848558129255
451 3608 0 0 0 1.0305019670531455 0.5449005610772552 8.064438165745635 99.42842786107424
452 3616 0 0 0 1.0304301609151667 0.5449199136813349 8.06431923799805 99.42840727920814
453 3624 0 0 0 1.0303958860709757 0.5449174398639979 8.06428640918416 99.4284159284924
454 3632 0 0 0 1.0304570028984628 0.5449061748918852 8.064339914129185 99.42842305145236
455 3640 0 0 0 1.0303582681976036 0.5449386405562098 8.064312141886141 99.42839344544657
456 3648 0 0 0 1.0303175854169144 0.544956416225692 8.06430067578434 99.42837471898271
457 3656 0 0 0 1.0302743231897107 0.5449773268328364 8.064294107046226 99.42835250600638
458 3664 0 0 0 1.0302729248829197 0.5449838864937746 8.064302944446949 99.42834358091423
459 3672 0 0 0 1.0303186675881546 0.544973663951949 8.064348310828384 99.42835241080746
460 3680 0 0 0 1.0302717761690674 0.5449760740176693 8.06430652969478 99.42835574746215
461 3688 0 0 0 1.0302741192363079 0.54497674214723 8.064337068481882 99.42835565904987
462 3696 0 0 0 1.0302664730535611 0.5449803475045399 8.064349127511996 99.42835260515338
463 3704 0 0 0 1.0303269860379405 0.5449483116212829 8.064342092576032 99.42838728795323
464 3712 0 0 0 1.0303150352490142 0.5449751752409421 8.064411495960979 99.42835409735939
465 3720 0 0 0 1.0303137510857419 0.5449775019306038 8.06437914719833 99.42834945184732
466 3728 0 0 0 1.0303159029221596 0.544968983389057 8.064409458816897 99.4283631956488
467 3736 0 0 0 1.0303449050237088 0.5449640891539226 8.064488661814204 99.42836886540242
468 3744 0 0 0 1.0303777118131492 0.5449552119242391 8.064471708639292 99.42837448737114
469 3752 0 0 0 1.0304460918156126 0.5449281096901394 8.06451061812262 99.42840282015062
470 3760 0 0 0 1.0304204447086536 0.5449420549306999 8.064487486434338 99.4283861774562
471 3768 0 0 0 1.0304440574326255 0.5449288370910689 8.064480144581335 99.42840042767948
472 3776 0 0 0 1.0304659243912482 0.5449327383885171 8.064522826817988 99.4283927422949
473 3784 0 0 0 1.0305145355460184 0.5449195613912537 8.064556195764222 99.42840431174137
474 3792 0 0 0 1.0305549511080383 0.5449109899714522 8.06461249482771 99.42841185425266
475 3800 0 0 0 1.0305943164844156 0.5448946888049875 8.064623827694213 99.42842883807322
476 3808 0 0 0 1.0307077496590076 0.544864076445426 8.064731221301681 99.42845739799866
477 3816 0 0 0 1.0307048372744925 0.5448779477694843 8.064800007157649 99.42844127310337
478 3824 0 0 0 1.030725917316982 0.5448745062742504 8.064872457850678 99.42844607789846
479 3832 0 0 0 1.0306600268323796 0.5449062415358252 8.064874850125385 99.42841270423631
480 3840 0 0 0 1.0306084236155741 0.5449305857303729 8.064855527932567 99.42838595089746
481 3848 0 0 0 1.0305229413477284 0.5449568906449822 8.064753095894128 99.42835875887249
482 3856 0 0 0 1.0305414404063562 0.5449489972853684 8.064756951612445 99.42836736621393
483 3864 0 0 0 1.0304228781695455 0.544979711689279 8.064645700706652 99.42834004191445
484 3872 0 0 0 1.030467949820129 0.5449805876008048 8.06475979416536 99.4283357143412
485 3880 0 0 0 1.0304794155766805 0.5449717011878751 8.064777586604006 99.42834697782841
486 3888 0 0 0 1.0304865059161616 0.544975596090942 8.064810347713568 99.42834178243349
487 3896 0 0 0 1.030466331466829 0.5449979828508157 8.064837252754781 99.42831441056374
488 3904 0 0 0 1.0305380371457478 0.544972733381638 8.064871440039989 99.42833906852346
489 3912 0 0 0 1.0305302853727052 0.5449832483734244 8.064893768744392 99.42832648924006
490 3920 0 0 0 1.0305210701551828 0.5449968312068255 8.064916793542412 99.42830967126282
491 3928 0 0 0 1.0304549183611162 0.5450332978678705 8.064907832276859 99.4282689149212
492 3936 0 0 0 1.0304283661810218 0.5450524442619654 8.064905890850884 99.4282461097292
493 3944 0 0 0 1.0304567686965278 0.5450392700578239 8.064901812077139 99.42825950729723
494 3952 0 0 0 1.0304560850491449 0.5450634839786572 8.064967330823642 99.42822764637822
495 3960 0 0 0 1.0303909665363966 0.5450841858049837 8.064902397793878 99.42820672926155
496 3968 0 0 0 1.0303747141401107 0.5451252899571962 8.064951874656083 99.4281524811008
497 3976 0 0 0 1.0303166323373993 0.5451824189206915 8.06503046861807 99.42808454271885
498 3984 0 0 0 1.0303164154650446 0.5452039807274243 8.065064283105027 99.42805481081857
499 3992 0 0 0 1.0303798337031345 0.5451499898343499 8.065047562773977 99.42812026989067
500 4000 0 0 0 1.0304323567281781 0.5451027589897612 8.065018494755057 99.42817733653365
501 4008 0 0 0 1.0304847254372909 0.5450850621516314 8.06506004659701 99.42819511560292
502 4016 0 0 0 1.0304598761002832 0.5450923962680713 8.065023418316418 99.42818726171436
503 4024 0 0 0 1.0304483869873722 0.5451117731872274 8.065035113740056 99.42816178106247
504 4032 0 0 0 1.0303757186962854 0.5451632456311315 8.065049899089564 99.4281015787821
505 4040 0 0 0 1.0303481503161835 0.5451811260536896 8.065062859578404 99.42808155012504
506 4048 0 0 0 1.0303276941272241 0.5452079394077992 8.065080100089332 99.42804750417805
507 4056 0 0 0 1.0303384731703766 0.5452235719240138 8.065129728607463 99.42802524831403
508 4064 0 0 0 1.0303347443290183 0.5452028291604546 8.065059162146833 99.4280525562756
509 4072 0 0 0 1.0302855379440172 0.5452339481636309 8.065043917699445 99.42801594955506
510 4080 0 0 0 1.030237107209348 0.5452606054966731 8.065018599164505 99.4279851686183
511 4088 0 0 0 1.030187945157661 0.545257988881659 8.064919426880785 99.42799344091755
512 4096 0 0 0 1.0302488030078112 0.5452279808697855 8.064932792544793 99.42802576115237
513 4104 0 0 0 1.03025621515041 0.5452087050349866 8.064912014521402 99.42805172000962
514 4112 0 0 0 1.0303405520007094 0.5451369897259797 8.064874249647627 99.42813802566837
515 4120 0 0 0 1.0302670770312874 0.545145889871077 8.064766581917027 99.42813354706266
516 4128 0 0 0 1.030212265324342 0.5451958266484075 8.06480182532283 99.42807325450447
517 4136 0 0 0 1.0301424630456542 0.5452169733629045 8.064750910219855 99.42805341913716
518 4144 0 0 0 1.0302244945580086 0.545177328383294 8.064790312080394 99.42809729003099
519 4152 0 0 0 1.0302184239685204 0.5451648016954928 8.064759074805249 99.4281150108294
520 4160 0 0 0 1.0301515399613916 0.5451803873677405 8.064705828658017 99.42810268218001
521 4168 0 0 0 1.0300822105444818 0.545189410303143 8.064639709320906 99.42809955781948
522 4176 0 0 0 1.03003169439617 0.5452556382753441 8.064737885760247 99.42801800791901
523 4184 0 0 0 1.0299364915634057 0.5452796186839072 8.064653477944939 99.42799722333804
524 4192 0 0 0 1.0300178445015022 0.5452689076481033 8.064802994870135 99.42800496656639
525 4200 0 0 0 1.0300685013253958 0.5452569452421461 8.06483655748992 99.42801406942773
526 4208 0 0 0 1.0301854512788853 0.5452325500506247 8.064942295704563 99.428032248599
527 4216 0 0 0 1.0301409876351386 0.5452316997462506 8.064873698122172 99.4280386013075
528 4224 0 0 0 1.0301759509334163 0.5452179076781667 8.06489727657293 99.42805317753624
529 4232 0 0 0 1.03014678056127 0.5452572481242962 8.06494450917362 99.42800379308821
530 4240 0 0 0 1.030141753681995 0.5452212598547825 8.064844112417527 99.4280520368627
531 4248 0 0 0 1.0301277338641033 0.5452016855297421 8.064764044383129 99.42807908649829
532 4256 0 0 0 1.0301336712141422 0.5452029149268092 8.064782317099862 99.42807716679013
533 4264 0 0 0 1.0301346824860746 0.5451916123839712 8.064767278324885 99.4280927452334
534 4272 0 0 0 1.030085184420764 0.545217730802352 8.064761476155073 99.42806410959678
535 4280 0 0 0 1.0300316818734272 0.5452116929147206 8.064636969638471 99.42807676856394
536 4288 0 0 0 1.0300733063345004 0.5452138615536393 8.064687902969238 99.42806800879083
537 4296 0 0 0 1.0300334382607952 0.5452575205768351 8.06472459617802 99.42801403858344
538 4304 0 0 0 1.030123157929625 0.5452122478015939 8.06475186102218 99.42806385824787
539 4312 0 0 0 1.0301828449027686 0.5451403152538685 8.064648865399612 99.42815147763115
540 4320 0 0 0 1.0302338572149217 0.5451344313881442 8.064730463381764 99.42815440110748
541 4328 0 0 0 1.0302306494129005 0.5451539378065554 8.064800252332757 99.42813027247412
542 4336 0 0 0 1.0303004856918159 0.5450970444081236 8.064753605416827 99.42819691707953
543 4344 0 0 0 1.0301926893552151 0.5451503741062218 8.064704681659602 99.4281378692288
544 4352 0 0 0 1.0301767996346916 0.545197033539989 8.064795716525891 99.42807775590785
545 4360 0 0 0 1.0302398651637752 0.5451258801419094 8.064698243694838 99.42816385894426
546 4368 0 0 0 1.0302267166882584 0.5451121397193222 8.064639242729225 99.4281832926954
547 4376 0 0 0 1.030234291096238 0.5451321268938942 8.064697239534867 99.42815570738175
548 4384 0 0 0 1.0302593270872809 0.5451232413166688 8.064717078001353 99.42816483524187
549 4392 0 0 0 1.030249978843219 0.5451163098366443 8.064685875566434 99.42817524832878
550 4400 0 0 0 1.0301954078952527 0.5451241372421557 8.064592434050047 99.42816952093338
551 4408 0 0 0 1.0302562730784957 0.5450940880124632 8.064598631481852 99.42820164742531
552 4416 0 0 0 1.030121299449333 0.5451667324229558 8.064543621719944 99.42811917955785
553 4424 0 0 0 1.0302060254775993 0.5451607983422952 8.064685159276912 99.42811858383023
554 4432 0 0 0 1.0303984598039615 0.5449910027144078 8.06454700117061 99.42832098213589
555 4440 0 0 0 1.0304958326749531 0.544926286276216 8.064516119161597 99.42839458900335
556 4448 0 0 0 1.0305213810514822 0.5448799752650064 8.06444966493378 99.4284535782944
557 4456 0 0 0 1.0306401161424035 0.5447778710194191 8.064346721776447 99.42857370578886
558 4464 0 0 0 1.03085930456266 0.5445202059000984 8.063982028567567 99.4288869970676
559 4472 0 0 0 1.0309947573735219 0.5444434939127444 8.064028278369266 99.42897470113664
560 4480 0 0 0 1.0309418515783924 0.544501762851328 8.064143633113803 99.42890620313067
561 4488 0 0 0 1.0309609442369165 0.5444877833691123 8.064163259700472 99.42892397837784
562 4496 0 0 0 1.0314208466272368 0.5439583601795858 8.063458968565794 99.42956828859796
563 4504 0 0 0 1.0317282457625088 0.5435759669840722 8.06290810748245 99.43003634916793
564 4512 0 0 0 1.0317693800511065 0.5436731800749365 8.063268576163363 99.42990560628674
565 4520 0 0 0 1.0313741883299161 0.5440970245904291 8.06387721504374 99.42939780250114
566 4528 0 0 0 1.0309526281872106 0.5443825512313425 8.063977003908006 99.42906979797849
567 4536 0 0 0 1.0311401179296387 0.5442885734092703 8.064099169360313 99.429176447102
568 4544 0 0 0 1.0308399905098247 0.5445923187256847 8.064504708627075 99.42881400593312
569 4552 0 0 0 1.0309868862064373 0.5444705628739731 8.064396491129317 99.42895663603947
570 4560 0 0 0 1.0312411371486787 0.5441996141755681 8.063987529192548 99.4292800336938
571 4568 0 0 0 1.0309400292999928 0.544449361195999 8.06423595054902 99.42898807137125
572 4576 0 0 0 1.031104483363798 0.5442989831167652 8.064097306469897 99.42916788982708
573 4584 0 0 0 1.0314287076643471 0.5440173148106827 8.063842738858948 99.42950152280488
574 4592 0 0 0 1.0311088194895563 0.5443879954286394 8.064389083616852 99.42905294989951
575 4600 0 0 0 1.0315816937166329 0.5439917653180574 8.064048391078178 99.42951975587695
576 4608 0 0 0 1.0316449793274438 0.5439818012917659 8.064156267278227 99.42952770208068
577 4616 0 0 0 1.0315458014354095 0.5441098337821137 8.064333779887411 99.42937017903728
578 4624 0 0 0 1.0309858414187034 0.5446588850286797 8.065002398737649 99.42871502826182
579 4632 0 0 0 1.0305670545674 0.5450985412399173 8.065570046035031 99.428186342923
580 4640 0 0 0 1.0307268846617277 0.5449789321183701 8.06546382837126 99.42832355681571
581 4648 0 0 0 1.0302585845957073 0.5454442402520062 8.06604988810174 99.42776837233212
582 4656 0 0 0 1.0303936774492104 0.545295757875534 8.065797372900656 99.42794501026846
583 4664 0 0 0 1.0309803165900202 0.5447079691903245 8.065115287900852 99.42865067722958
584 4672 0 0 0 1.0313391708523416 0.5443019003929647 8.064544707613777 99.42914187370577
585 4680 0 0 0 1.031457164234028 0.544224269069342 8.064550591018092 99.42923237555713
