% # columns="iteration, evaluation, min max(neg(.)) min(pos(.)) max correlation, correlation matrix principal axes lengths  (sorted square roots of eigenvalues of correlation matrix)", seed=716838, Mon Apr 11 03:56:09 2022
1 8 -0.1390716778506486 -0.09854245329664355 0.010202677345265913 0.02606657485702948 0.8944147493664092 0.9866100474204302 1.0263576548875106 1.0831494978527618
2 16 -0.23037201378672184 -0.1844459238606819 -0.0032855145636988088 0.03999327524239302 0.8944147493664092 0.9866100474204302 1.0263576548875106 1.0831494978527618
3 24 -0.500499722060785 -0.35109766806705384 0.09955971321437777 0.34672216374929254 0.8944147493664092 0.9866100474204302 1.0263576548875106 1.0831494978527618
4 32 -0.5363226509984632 -0.4382199649558378 0.160395271061974 0.39723609538436816 0.8944147493664092 0.9866100474204302 1.0263576548875106 1.0831494978527618
5 40 -0.5533314285283245 -0.396882493389617 0.15693249680524424 0.4410800841095756 0.6645167848031167 0.7357254806383716 1.0227135392241067 1.4039880613958464
6 48 -0.5427832220214769 -0.479968701044237 0.17486303913524112 0.5162282503367825 0.6645167848031167 0.7357254806383716 1.0227135392241067 1.4039880613958464
7 56 -0.5195329229461685 -0.4760041608490765 0.15661650516202114 0.5029974498942598 0.6645167848031167 0.7357254806383716 1.0227135392241067 1.4039880613958464
8 64 -0.42171319415712377 -0.4196925416037448 0.21317744941672814 0.4666986946759714 0.6645167848031167 0.7357254806383716 1.0227135392241067 1.4039880613958464
9 72 -0.4402985790985299 -0.3654740656188404 0.13373956739577847 0.34902061264402157 0.5760951280826739 0.8269755551992968 1.1218079775587393 1.3136866810574712
10 80 -0.44624076865220735 -0.3871948529302443 0.1672126086248687 0.3859698146197489 0.5760951280826739 0.8269755551992968 1.1218079775587393 1.3136866810574712
11 88 -0.5331678720921518 -0.3807987768800367 0.080922221790771 0.2717304932835167 0.5760951280826739 0.8269755551992968 1.1218079775587393 1.3136866810574712
12 96 -0.5173066675443114 -0.49108078708963204 0.21206370718994724 0.2404104139410822 0.5760951280826739 0.8269755551992968 1.1218079775587393 1.3136866810574712
13 104 -0.6675395084380757 -0.4599922799457777 0.27477267766259983 0.276812988036413 0.5393510145383027 0.583829897546508 1.207793178301359 1.3818389096765364
14 112 -0.6199199004055683 -0.45921735627968074 0.23966287041800535 0.23971783574514566 0.5393510145383027 0.583829897546508 1.207793178301359 1.3818389096765364
15 120 -0.6768343406827434 -0.42676915532543913 0.25902154822624396 0.27309584232198725 0.5393510145383027 0.583829897546508 1.207793178301359 1.3818389096765364
16 128 -0.5608847082463209 -0.4641825396150069 0.25465478555936377 0.2630662474228125 0.5393510145383027 0.583829897546508 1.207793178301359 1.3818389096765364
17 136 -0.590615935765477 -0.44268493074357346 0.28952586654937124 0.32435116685080767 0.5350919633656988 0.6268199857752625 1.2008155073345361 1.370698877769673
18 144 -0.4975968486265105 -0.4652394407667868 0.23828767484824737 0.27160086757761454 0.5350919633656988 0.6268199857752625 1.2008155073345361 1.370698877769673
19 152 -0.5478754095319356 -0.4633545802630319 0.2208593914768122 0.31299867133250686 0.5350919633656988 0.6268199857752625 1.2008155073345361 1.370698877769673
20 160 -0.533913143855251 -0.4402276419988309 0.2116763569614919 0.26678634506278803 0.5350919633656988 0.6268199857752625 1.2008155073345361 1.370698877769673
21 168 -0.569803107430617 -0.5234566244753314 0.2814362899360163 0.29425592430029784 0.4258617081266638 0.68481222746601 1.1989854549880705 1.3827898963297103
22 176 -0.5806118248941391 -0.5478180386434625 0.313549575051572 0.32567690328540555 0.4258617081266638 0.68481222746601 1.1989854549880705 1.3827898963297103
23 184 -0.6256417148643476 -0.5406362004272222 0.2830025058325877 0.3564060145389858 0.4258617081266638 0.68481222746601 1.1989854549880705 1.3827898963297103
24 192 -0.5777085611144215 -0.513003312766375 0.2618139066490129 0.4285486940787391 0.4258617081266638 0.68481222746601 1.1989854549880705 1.3827898963297103
25 200 -0.6748449939777279 -0.4486850444283415 0.11435808825196482 0.4543711816791495 0.3476869406112332 0.7080723727696625 1.2668097217881111 1.3315180941436247
26 208 -0.6391634439631612 -0.5373748632840932 0.12529028833067518 0.4861548557914513 0.3476869406112332 0.7080723727696625 1.2668097217881111 1.3315180941436247
27 216 -0.6558662755892458 -0.5752828164280144 0.1861063105611183 0.4233595271900338 0.3476869406112332 0.7080723727696625 1.2668097217881111 1.3315180941436247
28 224 -0.6741547823658881 -0.6095363380587864 0.3281835184369255 0.3511594228835188 0.3476869406112332 0.7080723727696625 1.2668097217881111 1.3315180941436247
29 232 -0.7215953895991772 -0.6417802108029707 0.2642340584181114 0.3068017758451394 0.30135303387471 0.6102499591799049 1.238520098637377 1.415220584066913
30 240 -0.6861324730841005 -0.6403389845066221 0.21343774248191674 0.3775295595560885 0.30135303387471 0.6102499591799049 1.238520098637377 1.415220584066913
31 248 -0.6829663372545893 -0.6344209350142942 0.25753888836161865 0.4142855032890317 0.30135303387471 0.6102499591799049 1.238520098637377 1.415220584066913
32 256 -0.6461089826149845 -0.6280307741138538 0.271551885719623 0.40348059579287804 0.30135303387471 0.6102499591799049 1.238520098637377 1.415220584066913
33 264 -0.64652317993762 -0.6205169920006159 0.2713319428294357 0.43226787365389774 0.27295093408909726 0.6366370026949076 1.194013982645457 1.4472462553507153
34 272 -0.6488992898738488 -0.5564502315745903 0.28208493937172896 0.5487149625622576 0.27295093408909726 0.6366370026949076 1.194013982645457 1.4472462553507153
35 280 -0.5856460628276878 -0.45480241859005627 0.35836323329985176 0.533015365800427 0.27295093408909726 0.6366370026949076 1.194013982645457 1.4472462553507153
36 288 -0.6024186070582483 -0.5698683379625502 0.3693974817779087 0.391049853868396 0.27295093408909726 0.6366370026949076 1.194013982645457 1.4472462553507153
37 296 -0.5493891576167179 -0.5078177089790935 0.1979997614201898 0.5653478286011248 0.32635377821396255 0.7267723920818672 1.2101529739171804 1.3787040586262438
38 304 -0.5211391480864308 -0.459926260596001 0.2877909814939318 0.5000246491537169 0.32635377821396255 0.7267723920818672 1.2101529739171804 1.3787040586262438
39 312 -0.5668028779707228 -0.3873317001125275 0.27525306240979486 0.4473059456698914 0.32635377821396255 0.7267723920818672 1.2101529739171804 1.3787040586262438
40 320 -0.5207418987826744 -0.4933167761597512 0.2526285652591759 0.5067850192710331 0.32635377821396255 0.7267723920818672 1.2101529739171804 1.3787040586262438
41 328 -0.5276097137383651 -0.5187162655449993 0.2790205909865049 0.48117713443519927 0.3727292745594556 0.7116525440883325 1.2232246742727289 1.3632112604542859
42 336 -0.5531516666385444 -0.3896799252869375 0.3260896156316999 0.5734462047375568 0.3727292745594556 0.7116525440883325 1.2232246742727289 1.3632112604542859
43 344 -0.5488178657819279 -0.36674651050986484 0.22585213387000602 0.6689624302553038 0.3727292745594556 0.7116525440883325 1.2232246742727289 1.3632112604542859
44 352 -0.47568091760665665 -0.4520399286454878 0.27049915525088275 0.6310803333757554 0.3727292745594556 0.7116525440883325 1.2232246742727289 1.3632112604542859
45 360 -0.5434956354308526 -0.5257816308733234 0.2504673281574812 0.6288441428462344 0.32653196221855524 0.5997689056824226 1.2526071065377018 1.4016524441092582
46 368 -0.5658299768428955 -0.4944665571880671 0.23536461776523046 0.5889412581849157 0.32653196221855524 0.5997689056824226 1.2526071065377018 1.4016524441092582
47 376 -0.6043859819588508 -0.5528158457939556 0.3109455402924491 0.613525687870048 0.32653196221855524 0.5997689056824226 1.2526071065377018 1.4016524441092582
48 384 -0.5107306899031262 -0.4777216487135515 0.11420477680857614 0.6634594805825857 0.32653196221855524 0.5997689056824226 1.2526071065377018 1.4016524441092582
49 392 -0.5534151858159179 -0.5458954602160495 0.025343210381529622 0.6422613432648329 0.3310805982250143 0.6141973612937223 1.2949823051783704 1.355052791640868
50 400 -0.5564661475413977 -0.5342875785326408 0.10867094271907517 0.595066086586409 0.3310805982250143 0.6141973612937223 1.2949823051783704 1.355052791640868
51 408 -0.6081062926919095 -0.5802697362314555 0.06581307485725353 0.6159334181047456 0.3310805982250143 0.6141973612937223 1.2949823051783704 1.355052791640868
52 416 -0.727265005122643 -0.6994916030625227 0.2405756867419824 0.5921640873329771 0.3310805982250143 0.6141973612937223 1.2949823051783704 1.355052791640868
53 424 -0.7445895023834842 -0.6802338968766567 0.20467674532337715 0.7090813029825798 0.24878751094526655 0.3692433718080795 1.2501740306395959 1.4962716998886956
54 432 -0.7502346845641621 -0.6533190096305448 0.16202817114502654 0.7454583179540796 0.24878751094526655 0.3692433718080795 1.2501740306395959 1.4962716998886956
55 440 -0.8198417526462354 -0.5863844228974852 0.18636197860791062 0.789175790952391 0.24878751094526655 0.3692433718080795 1.2501740306395959 1.4962716998886956
56 448 -0.7797511750623365 -0.5319220948242143 0.054895931680408135 0.788448636320049 0.24878751094526655 0.3692433718080795 1.2501740306395959 1.4962716998886956
57 456 -0.7685901284584616 -0.48173692483005615 -0.022661142392970894 0.8190975920210175 0.21926650978482945 0.4197514624629908 1.2004489825392703 1.5279571812611072
58 464 -0.7988789476804593 -0.48662077445129887 0.045557532219970276 0.8198787023484985 0.21926650978482945 0.4197514624629908 1.2004489825392703 1.5279571812611072
59 472 -0.7811696083420895 -0.4657925326252476 -0.059720309913461334 0.8007171309326436 0.21926650978482945 0.4197514624629908 1.2004489825392703 1.5279571812611072
60 480 -0.7703666102053767 -0.437289973828915 -0.08295219376187231 0.7898918034554228 0.21926650978482945 0.4197514624629908 1.2004489825392703 1.5279571812611072
61 488 -0.7817064610524137 -0.5035937401696503 -0.12524703450125277 0.7659245782264712 0.2627975517314955 0.40605965239052816 1.202102227953281 1.5234839149312258
62 496 -0.7755936392462363 -0.48286187076718606 -0.17075724230732897 0.8080960266080986 0.2627975517314955 0.40605965239052816 1.202102227953281 1.5234839149312258
63 504 -0.8744595598210322 -0.6636444453274454 0.0701863660547109 0.8709383886932871 0.2627975517314955 0.40605965239052816 1.202102227953281 1.5234839149312258
64 512 -0.8859156315141244 -0.6927199145871886 0.11191501600227925 0.901045464733295 0.2627975517314955 0.40605965239052816 1.202102227953281 1.5234839149312258
65 520 -0.9054906550522634 -0.7461196041613541 0.25163806168686065 0.9129691098033365 0.17572931440624312 0.26670923457232204 1.0325051736554016 1.6828304901644093
66 528 -0.9290417898803435 -0.8095775544826798 0.18175947223549985 0.9370468132884309 0.17572931440624312 0.26670923457232204 1.0325051736554016 1.6828304901644093
67 536 -0.9060367007722967 -0.7651313110997648 0.1390945374184932 0.928586085734788 0.17572931440624312 0.26670923457232204 1.0325051736554016 1.6828304901644093
68 544 -0.9081482720470048 -0.7618747662102697 0.22991163819645422 0.9211487039789737 0.17572931440624312 0.26670923457232204 1.0325051736554016 1.6828304901644093
69 552 -0.9279613174683322 -0.8443978685804191 0.2925384684636286 0.9390198917198891 0.16981829892452474 0.2855197751425455 0.9531708074510304 1.7265878533037589
70 560 -0.9293736980130751 -0.8254120433369893 0.2617840607833022 0.921750589127112 0.16981829892452474 0.2855197751425455 0.9531708074510304 1.7265878533037589
71 568 -0.9284426226492669 -0.7979024857290236 0.2615106612411362 0.9034591990154787 0.16981829892452474 0.2855197751425455 0.9531708074510304 1.7265878533037589
72 576 -0.8760884000981717 -0.7548752338494596 0.11077511463625253 0.87764336418242 0.16981829892452474 0.2855197751425455 0.9531708074510304 1.7265878533037589
73 584 -0.855731293957329 -0.6605568711673845 0.1472509589444319 0.8621225902324955 0.2114267788879465 0.4107079761934277 1.052092311305703 1.6369848636904343
74 592 -0.7643102191096389 -0.6489589328618081 0.15417476810760836 0.8062611796695577 0.2114267788879465 0.4107079761934277 1.052092311305703 1.6369848636904343
75 600 -0.7461450116031332 -0.6008485447648855 0.009988793992201754 0.8414552644082188 0.2114267788879465 0.4107079761934277 1.052092311305703 1.6369848636904343
76 608 -0.7671965601719227 -0.6004555378387437 0.0636312512018686 0.830445181922415 0.2114267788879465 0.4107079761934277 1.052092311305703 1.6369848636904343
77 616 -0.7525719836440147 -0.49891896353014276 -0.13179265057529743 0.8624595277585719 0.21827738414123368 0.35256220855608267 1.1861256769964081 1.5560079533988025
78 624 -0.8107345053337506 -0.5707493154630127 -0.11891428904222057 0.8543314301028515 0.21827738414123368 0.35256220855608267 1.1861256769964081 1.5560079533988025
79 632 -0.7964103202251861 -0.528993918307822 -0.17134168022490634 0.8404172158621088 0.21827738414123368 0.35256220855608267 1.1861256769964081 1.5560079533988025
80 640 -0.77938855372142 -0.5150970141814739 -0.2528482843126952 0.8553610282441081 0.21827738414123368 0.35256220855608267 1.1861256769964081 1.5560079533988025
81 648 -0.8101616303267827 -0.5763694973376643 -0.21941449668454174 0.8912483597258243 0.18043235535270086 0.39983096231102233 1.1194651275349548 1.5982419075197805
82 656 -0.7984929771103962 -0.5781270292528129 -0.24552103529812064 0.9006535039832547 0.18043235535270086 0.39983096231102233 1.1194651275349548 1.5982419075197805
83 664 -0.8058218521184374 -0.5962168471009397 -0.14357324795823306 0.8982656805081032 0.18043235535270086 0.39983096231102233 1.1194651275349548 1.5982419075197805
84 672 -0.7995293603120788 -0.5770211070228982 -0.10525964756995568 0.8940191954790475 0.18043235535270086 0.39983096231102233 1.1194651275349548 1.5982419075197805
85 680 -0.817364147728813 -0.6742879718503302 -0.23215920396503545 0.9280608253213488 0.1352750059651078 0.41706212624108613 1.0801483397043257 1.6251275087975077
86 688 -0.8070669818785152 -0.6376421180201473 -0.12796047439213004 0.917302757751588 0.1352750059651078 0.41706212624108613 1.0801483397043257 1.6251275087975077
87 696 -0.7145347130495177 -0.5000960393439838 -0.2660507932572348 0.9062119734895426 0.1352750059651078 0.41706212624108613 1.0801483397043257 1.6251275087975077
88 704 -0.6631327841062357 -0.4352485027359347 -0.32382900417513605 0.9012086317828931 0.1352750059651078 0.41706212624108613 1.0801483397043257 1.6251275087975077
89 712 -0.7029859981073725 -0.541474509811811 -0.18013118163394393 0.9236729525090879 0.17961082331120543 0.450019428823465 1.0849882403828082 1.6087333477185992
90 720 -0.7510803198043752 -0.5510712580473452 -0.10012678511381613 0.9260637242075108 0.17961082331120543 0.450019428823465 1.0849882403828082 1.6087333477185992
91 728 -0.7270207764913943 -0.4752218871505278 -0.3065427849974598 0.909586327459216 0.17961082331120543 0.450019428823465 1.0849882403828082 1.6087333477185992
92 736 -0.6824332566882136 -0.5230897480579919 -0.3221069991613816 0.9067252760396919 0.17961082331120543 0.450019428823465 1.0849882403828082 1.6087333477185992
93 744 -0.7364987177275891 -0.4558520405870783 -0.303697137427504 0.8910569554382658 0.14813619048829405 0.4345553741402738 1.1472201873875514 1.5726102942318207
94 752 -0.72496753652896 -0.5102087654638225 -0.2932804184684349 0.8900044088961587 0.14813619048829405 0.4345553741402738 1.1472201873875514 1.5726102942318207
95 760 -0.7601672510193359 -0.49189853532341155 -0.2657716441460274 0.8865222799830398 0.14813619048829405 0.4345553741402738 1.1472201873875514 1.5726102942318207
96 768 -0.7600716171558436 -0.5549859052166017 -0.21961455879808126 0.9044719446374593 0.14813619048829405 0.4345553741402738 1.1472201873875514 1.5726102942318207
97 776 -0.7848576074096701 -0.5416637594946266 -0.2357954745723551 0.9023699869564177 0.1396369423158708 0.36977447092074656 1.1179981903524645 1.6105428933637782
98 784 -0.7632007805588165 -0.5075516189661698 -0.2794719453473431 0.89358764318387 0.1396369423158708 0.36977447092074656 1.1179981903524645 1.6105428933637782
99 792 -0.7738326212778458 -0.522891653490274 -0.2918435189706527 0.8933519209746568 0.1396369423158708 0.36977447092074656 1.1179981903524645 1.6105428933637782
100 800 -0.8174152421727109 -0.5184925864848322 -0.1733364363412801 0.8550907451097929 0.1396369423158708 0.36977447092074656 1.1179981903524645 1.6105428933637782
101 808 -0.8405521794106573 -0.5329757240522093 -0.10399369265029894 0.8460503960428447 0.17013488382386008 0.38502801573780554 1.153323581379654 1.578813562469254
102 816 -0.8305335187332334 -0.4683059834033669 -0.035807643385587874 0.824525935076392 0.17013488382386008 0.38502801573780554 1.153323581379654 1.578813562469254
103 824 -0.8184022686988652 -0.46485961437770273 -0.052442889524751256 0.7842336611831482 0.17013488382386008 0.38502801573780554 1.153323581379654 1.578813562469254
104 832 -0.8546821487117339 -0.4652787242586549 -0.0007802565196761373 0.7701112674815335 0.17013488382386008 0.38502801573780554 1.153323581379654 1.578813562469254
105 840 -0.8603978944021385 -0.5038753848277469 -0.01915338000745682 0.809133017833944 0.1416637100395268 0.3850001548181317 1.171050636479987 1.5685492280600148
106 848 -0.8812780687617776 -0.5543854152598972 -0.17313560812335965 0.8114735096175194 0.1416637100395268 0.3850001548181317 1.171050636479987 1.5685492280600148
107 856 -0.8654027426694748 -0.4969594141666463 -0.17129086334340446 0.7510578906687689 0.1416637100395268 0.3850001548181317 1.171050636479987 1.5685492280600148
108 864 -0.8983815325064296 -0.44501056757852164 0.03596800071563768 0.6903354027482188 0.1416637100395268 0.3850001548181317 1.171050636479987 1.5685492280600148
109 872 -0.8557929758933158 -0.5792447972737295 -0.09454410730429016 0.6372106607175609 0.19143919372218116 0.45375991148682654 1.2350678317133734 1.4940081756474082
110 880 -0.8753520650010886 -0.544206017847028 -0.049569593249019064 0.6507513084373932 0.19143919372218116 0.45375991148682654 1.2350678317133734 1.4940081756474082
111 888 -0.8943545183356256 -0.5134523552214216 -0.12361876584721922 0.7469282410681766 0.19143919372218116 0.45375991148682654 1.2350678317133734 1.4940081756474082
112 896 -0.9108705392837967 -0.5659680127396194 -0.05544946082930062 0.7782545299053818 0.19143919372218116 0.45375991148682654 1.2350678317133734 1.4940081756474082
113 904 -0.8960106054190283 -0.623288306103189 0.030185777077082452 0.7872291975323584 0.2321447150691316 0.4070589771487637 1.0449495132730138 1.6396622625097415
114 912 -0.8981107468952614 -0.6146255367834922 0.05100996283163512 0.8058890112645322 0.2321447150691316 0.4070589771487637 1.0449495132730138 1.6396622625097415
115 920 -0.8928237863870854 -0.6898651587504812 0.1627401187336024 0.7983056293750915 0.2321447150691316 0.4070589771487637 1.0449495132730138 1.6396622625097415
116 928 -0.8813207671453124 -0.6289608974233656 0.05095104698212996 0.7276280326300901 0.2321447150691316 0.4070589771487637 1.0449495132730138 1.6396622625097415
117 936 -0.8908688965796847 -0.6460833555894016 0.11551169798514613 0.7421833332385998 0.30067406505910554 0.39708569711525477 1.0220758594964616 1.6453811087957386
118 944 -0.895929359878021 -0.6819803368533415 0.16258443359921362 0.736426121391662 0.30067406505910554 0.39708569711525477 1.0220758594964616 1.6453811087957386
119 952 -0.8901060533299113 -0.7271657050455638 0.13652052740000842 0.6616622969780332 0.30067406505910554 0.39708569711525477 1.0220758594964616 1.6453811087957386
120 960 -0.892957960353868 -0.6546430097820027 0.06459734391666978 0.6778010625364845 0.30067406505910554 0.39708569711525477 1.0220758594964616 1.6453811087957386
121 968 -0.92352430778274 -0.6814350962453078 0.1107014048196729 0.6625487699102558 0.27030546556152957 0.379484451400586 1.064864508668168 1.6275718370049477
122 976 -0.9112804823170152 -0.7136580725258137 -0.014871525755070752 0.49896667810115547 0.27030546556152957 0.379484451400586 1.064864508668168 1.6275718370049477
123 984 -0.9257841681897078 -0.7239549916949397 -0.02758074489005468 0.49624168808738406 0.27030546556152957 0.379484451400586 1.064864508668168 1.6275718370049477
124 992 -0.9136230070888288 -0.7050616460256807 0.07006043934476722 0.45686060716497856 0.27030546556152957 0.379484451400586 1.064864508668168 1.6275718370049477
125 1000 -0.8795555540413257 -0.7411892360232699 0.017194691535925705 0.5051029156034466 0.33678062645365997 0.3906979660611977 1.1544968054242448 1.54953897505882
126 1008 -0.9017096279394924 -0.6952229253583279 -0.0176629314194298 0.4927171906842159 0.33678062645365997 0.3906979660611977 1.1544968054242448 1.54953897505882
127 1016 -0.905447075001811 -0.6247643130622436 0.02904343508758269 0.4823249425387417 0.33678062645365997 0.3906979660611977 1.1544968054242448 1.54953897505882
128 1024 -0.9140486512794589 -0.5448131411946242 0.1918580206711082 0.5518025905646836 0.33678062645365997 0.3906979660611977 1.1544968054242448 1.54953897505882
129 1032 -0.9160741866575299 -0.6209576933357089 0.21407260309798942 0.5861804873251055 0.28182436341044076 0.4609671476965785 1.1295288318142054 1.5595669062381439
130 1040 -0.8924787949023177 -0.5348360069380815 0.4005642943457474 0.49021708286146376 0.28182436341044076 0.4609671476965785 1.1295288318142054 1.5595669062381439
131 1048 -0.8933233815211827 -0.4561724655444329 0.3856096735740628 0.44398226162667837 0.28182436341044076 0.4609671476965785 1.1295288318142054 1.5595669062381439
132 1056 -0.8841958605785655 -0.4894581763132841 0.3377787497597823 0.47470033517141547 0.28182436341044076 0.4609671476965785 1.1295288318142054 1.5595669062381439
133 1064 -0.8889640342822548 -0.6386857559031897 0.1007617546722367 0.6396778189342927 0.30697834079742936 0.46117041360215977 1.114088451321227 1.565852186680448
134 1072 -0.894624665659288 -0.5671995499233223 0.16796927526053582 0.5655618101805716 0.30697834079742936 0.46117041360215977 1.114088451321227 1.565852186680448
135 1080 -0.84569727429729 -0.556179436094466 0.01887236269281853 0.5771266138919948 0.30697834079742936 0.46117041360215977 1.114088451321227 1.565852186680448
136 1088 -0.8384362053970287 -0.6331370616667434 0.04868666763251163 0.6261647947989939 0.30697834079742936 0.46117041360215977 1.114088451321227 1.565852186680448
137 1096 -0.8286591044949657 -0.6683234540120454 0.031083861799442617 0.578769842345019 0.3658809288598463 0.49159329479171376 1.0961179102088885 1.556596513336639
138 1104 -0.7980047104260941 -0.6759924549834807 0.04173236314846995 0.58703506978387 0.3658809288598463 0.49159329479171376 1.0961179102088885 1.556596513336639
139 1112 -0.7917894843864595 -0.6989279113875408 0.06322999835367839 0.6065002709342739 0.3658809288598463 0.49159329479171376 1.0961179102088885 1.556596513336639
140 1120 -0.7391668401667589 -0.6471491991454048 0.004438115949158862 0.5078284031470754 0.3658809288598463 0.49159329479171376 1.0961179102088885 1.556596513336639
141 1128 -0.7349834265942728 -0.6586286852788673 0.03552091036710461 0.5504346744685998 0.3149472108554953 0.5383156888091148 1.0889616373303663 1.5573011995047976
142 1136 -0.7936816759919234 -0.7517532682341344 0.12757337388182002 0.6447282490414549 0.3149472108554953 0.5383156888091148 1.0889616373303663 1.5573011995047976
143 1144 -0.7619483063096099 -0.7379903252332533 0.0731737665729434 0.6165920157463165 0.3149472108554953 0.5383156888091148 1.0889616373303663 1.5573011995047976
144 1152 -0.7990065359006389 -0.7598279240416161 0.026255183475491526 0.6415925596431303 0.3149472108554953 0.5383156888091148 1.0889616373303663 1.5573011995047976
145 1160 -0.8270404271729339 -0.8042101868400265 0.20304007279106875 0.6577615919494798 0.2682100072936454 0.46152679964094073 1.089222818748475 1.5901729642772704
146 1168 -0.8352020077397376 -0.800127149352455 0.34225885929370575 0.662204512774567 0.2682100072936454 0.46152679964094073 1.089222818748475 1.5901729642772704
147 1176 -0.8004570596682424 -0.7754171621041279 0.2713184473909943 0.6470108903224775 0.2682100072936454 0.46152679964094073 1.089222818748475 1.5901729642772704
148 1184 -0.8208896386421446 -0.803049568517236 0.2253516809526622 0.7287117647811802 0.2682100072936454 0.46152679964094073 1.089222818748475 1.5901729642772704
149 1192 -0.8211333770071646 -0.8092256250859313 0.22696784875847315 0.7295500013977595 0.30076618201987526 0.415444216291522 1.0783807039121112 1.604381770132387
150 1200 -0.8562719836705631 -0.836721714014081 0.25595708227787767 0.7662128338111239 0.30076618201987526 0.415444216291522 1.0783807039121112 1.604381770132387
151 1208 -0.8816414941394949 -0.8180134553510234 0.12739105733808254 0.7867824932601778 0.30076618201987526 0.415444216291522 1.0783807039121112 1.604381770132387
152 1216 -0.8982340224681966 -0.83274849391783 0.22348396896219558 0.7983194555597356 0.30076618201987526 0.415444216291522 1.0783807039121112 1.604381770132387
153 1224 -0.8709945674043622 -0.7575377576277735 0.3783281791011202 0.6399172763722938 0.26780170791650326 0.3779794762606812 1.126552195860092 1.586283048754386
154 1232 -0.8842838021071401 -0.7485453846158544 0.280412679251332 0.613689760096593 0.26780170791650326 0.3779794762606812 1.126552195860092 1.586283048754386
155 1240 -0.8721945842914267 -0.7457286736541093 0.23565778678355898 0.6071243495373585 0.26780170791650326 0.3779794762606812 1.126552195860092 1.586283048754386
156 1248 -0.8762184739338574 -0.7625613182783814 0.21736837976142173 0.6470058570490401 0.26780170791650326 0.3779794762606812 1.126552195860092 1.586283048754386
157 1256 -0.8763397309971618 -0.7871706191434057 0.1813731381504258 0.6754160734052884 0.26143865407755507 0.37039993101813845 1.0876758646779392 1.6159872940877267
158 1264 -0.8767914556281163 -0.7518069570431528 0.18406862885384132 0.6860294315862487 0.26143865407755507 0.37039993101813845 1.0876758646779392 1.6159872940877267
159 1272 -0.8670070702816917 -0.7351932286573603 0.21182623077177695 0.7149062294300979 0.26143865407755507 0.37039993101813845 1.0876758646779392 1.6159872940877267
160 1280 -0.8904779942236533 -0.7671039208929495 0.17852399492096915 0.7137756218151263 0.26143865407755507 0.37039993101813845 1.0876758646779392 1.6159872940877267
161 1288 -0.8973174736488412 -0.8114591332126406 0.2551157975689066 0.8125296238118753 0.1848091987756004 0.4275928061083555 0.9673914602490101 1.6873540573482468
162 1296 -0.9121783876693946 -0.8439843360944448 0.25181432537767634 0.8151750978513831 0.1848091987756004 0.4275928061083555 0.9673914602490101 1.6873540573482468
163 1304 -0.9132508346991932 -0.8718339763516194 0.14112670198738703 0.8421165030467513 0.1848091987756004 0.4275928061083555 0.9673914602490101 1.6873540573482468
164 1312 -0.8777445722983664 -0.876086507349078 0.05351292192917785 0.8188902857771533 0.1848091987756004 0.4275928061083555 0.9673914602490101 1.6873540573482468
165 1320 -0.8844313430538073 -0.875923911092847 0.04215639565873461 0.8192580646806972 0.16467731556158396 0.349731485754641 1.0470730380989577 1.6595804658098081
166 1328 -0.879085218597758 -0.8688318955912533 0.08827478350836025 0.8632509989758241 0.16467731556158396 0.349731485754641 1.0470730380989577 1.6595804658098081
167 1336 -0.8771858178520962 -0.8762684358189468 0.05483466206107332 0.8938075004206858 0.16467731556158396 0.349731485754641 1.0470730380989577 1.6595804658098081
168 1344 -0.8809127154934023 -0.8633383349661414 0.040247006823926866 0.9152084485335297 0.16467731556158396 0.349731485754641 1.0470730380989577 1.6595804658098081
169 1352 -0.8910369178008644 -0.88381777833073 0.19872338792499877 0.9250675192208244 0.1414646016951664 0.3287629504964539 0.9389484957286784 1.7292421493871084
170 1360 -0.8521205759164677 -0.8239054980861714 0.03025417859467572 0.8915214550523392 0.1414646016951664 0.3287629504964539 0.9389484957286784 1.7292421493871084
171 1368 -0.8780572309081506 -0.8351409385716773 0.06207332422692968 0.8960839058701222 0.1414646016951664 0.3287629504964539 0.9389484957286784 1.7292421493871084
172 1376 -0.8500091300052017 -0.8064220074718692 0.0590431055385566 0.8822083299189065 0.1414646016951664 0.3287629504964539 0.9389484957286784 1.7292421493871084
173 1384 -0.8475797301142642 -0.8102340609725887 0.16276883508712614 0.8702529790469015 0.15990611550001763 0.4246832697919856 0.9528401775232783 1.6988730825702931
174 1392 -0.8790244109780533 -0.8150210521670447 0.35161747335302235 0.8550433715724006 0.15990611550001763 0.4246832697919856 0.9528401775232783 1.6988730825702931
175 1400 -0.8757392520502391 -0.7842476267621736 0.25470523570644166 0.7682522580234868 0.15990611550001763 0.4246832697919856 0.9528401775232783 1.6988730825702931
176 1408 -0.8721673015391991 -0.7802777912452851 0.2777039795567711 0.74046149533431 0.15990611550001763 0.4246832697919856 0.9528401775232783 1.6988730825702931
177 1416 -0.8809681185721984 -0.7585967284529173 0.3800256918577644 0.72823507686432 0.14507859572583812 0.47439670003229123 0.9263558818308113 1.7016946706909999
178 1424 -0.8750717205887393 -0.7816471594651442 0.44586330511440697 0.7211411746168893 0.14507859572583812 0.47439670003229123 0.9263558818308113 1.7016946706909999
179 1432 -0.8897742130252011 -0.781293463011054 0.46823635775614597 0.7254158901766351 0.14507859572583812 0.47439670003229123 0.9263558818308113 1.7016946706909999
180 1440 -0.882386566647831 -0.7186064773916241 0.3912184889539779 0.7409915776549835 0.14507859572583812 0.47439670003229123 0.9263558818308113 1.7016946706909999
181 1448 -0.880909707194773 -0.7516105207423558 0.3731513462252377 0.7860320853196286 0.13531462936130584 0.49853323572421027 0.8850970564090914 1.7174858848605206
182 1456 -0.8758154795581974 -0.754162828813803 0.35062122782952904 0.7424699475782045 0.13531462936130584 0.49853323572421027 0.8850970564090914 1.7174858848605206
183 1464 -0.8838453368641827 -0.7594306008400689 0.3061669581928537 0.7328159700248289 0.13531462936130584 0.49853323572421027 0.8850970564090914 1.7174858848605206
184 1472 -0.8723468068560573 -0.6927527137751579 0.33144563160903034 0.6780321818402256 0.13531462936130584 0.49853323572421027 0.8850970564090914 1.7174858848605206
185 1480 -0.8859114828186708 -0.709313662996277 0.4155454414047842 0.6090759157555437 0.1263607091282235 0.5573100106487625 0.9859541269076001 1.643573236230489
186 1488 -0.8800597423970657 -0.7323812966722645 0.4529308723254823 0.543373116782736 0.1263607091282235 0.5573100106487625 0.9859541269076001 1.643573236230489
187 1496 -0.8959911959163454 -0.6996529375722236 0.4489114765231415 0.5572791546676921 0.1263607091282235 0.5573100106487625 0.9859541269076001 1.643573236230489
188 1504 -0.8744520133292562 -0.5889226780260103 0.31087005050036853 0.4154052858957876 0.1263607091282235 0.5573100106487625 0.9859541269076001 1.643573236230489
189 1512 -0.8805793781925348 -0.7140543945131083 0.40486720458400005 0.4310782898534479 0.11170263590969841 0.5830116448925083 1.0733773044361452 1.5797091837967998
190 1520 -0.8778774618109313 -0.7845726696579954 0.44724103082654454 0.5001550161723496 0.11170263590969841 0.5830116448925083 1.0733773044361452 1.5797091837967998
191 1528 -0.8681046613967973 -0.8317484804891425 0.5414862855130312 0.5511062321231335 0.11170263590969841 0.5830116448925083 1.0733773044361452 1.5797091837967998
192 1536 -0.8460664547869379 -0.730860208042607 0.39200708646701365 0.5733308616783387 0.11170263590969841 0.5830116448925083 1.0733773044361452 1.5797091837967998
193 1544 -0.8642554797797464 -0.7340007161286254 0.4001679846587303 0.5986166516498247 0.10120769463954879 0.5642613723744528 0.9947949599726967 1.6376046817851881
194 1552 -0.8764037080248369 -0.7219648655841058 0.4237658897896784 0.4742118112453475 0.10120769463954879 0.5642613723744528 0.9947949599726967 1.6376046817851881
195 1560 -0.845946372928998 -0.6238721256260147 0.23215477623178518 0.5118354281918348 0.10120769463954879 0.5642613723744528 0.9947949599726967 1.6376046817851881
196 1568 -0.8082850155984072 -0.6482933015167385 0.2446712367903499 0.4479278148577314 0.10120769463954879 0.5642613723744528 0.9947949599726967 1.6376046817851881
197 1576 -0.7968288765155469 -0.6709722630802646 0.22183641976411497 0.4883764353154193 0.12070704461964286 0.6080494942514901 1.1112839841495856 1.542969062713936
198 1584 -0.8119817219958666 -0.6739714324403049 0.26857199580263347 0.4884825310670558 0.12070704461964286 0.6080494942514901 1.1112839841495856 1.542969062713936
199 1592 -0.817518280071424 -0.6516218893012843 0.1956792292264796 0.5260867161375686 0.12070704461964286 0.6080494942514901 1.1112839841495856 1.542969062713936
200 1600 -0.7789612953270907 -0.6828911728028497 0.17413864870912615 0.5333042077506944 0.12070704461964286 0.6080494942514901 1.1112839841495856 1.542969062713936
201 1608 -0.7516712411100974 -0.7001987035665912 0.17716430091000268 0.5649714235617862 0.12450343959360859 0.6359151424470606 1.0644549501895715 1.564303833707766
202 1616 -0.7296262243823148 -0.6187063828636815 0.22822429168407893 0.5676358497223627 0.12450343959360859 0.6359151424470606 1.0644549501895715 1.564303833707766
203 1624 -0.7041052624184321 -0.6517430965120272 0.2618993810145169 0.5744820925723683 0.12450343959360859 0.6359151424470606 1.0644549501895715 1.564303833707766
204 1632 -0.710390463382692 -0.6267045079937223 0.22354933156229725 0.5437387523781729 0.12450343959360859 0.6359151424470606 1.0644549501895715 1.564303833707766
205 1640 -0.7355400205910477 -0.667941477759755 0.17037568499610392 0.5686838697640704 0.11397785379204162 0.5385614969430299 1.13496424183965 1.5520363180675867
206 1648 -0.7435714696751498 -0.7233052154217564 0.18414128044694061 0.48354883021932993 0.11397785379204162 0.5385614969430299 1.13496424183965 1.5520363180675867
207 1656 -0.7394882656252033 -0.7084284161942773 0.21348572591552964 0.47832692486164674 0.11397785379204162 0.5385614969430299 1.13496424183965 1.5520363180675867
208 1664 -0.7491384238907381 -0.7119299170045001 0.1644451478045827 0.5139585861593187 0.11397785379204162 0.5385614969430299 1.13496424183965 1.5520363180675867
209 1672 -0.8109653471778098 -0.6897889553064399 0.1981418933023008 0.6183535533552423 0.11055367843985393 0.5000041035285537 1.0899837410489528 1.596780894452008
210 1680 -0.823231855268371 -0.6772778328112298 0.23315355722106484 0.5396273355218574 0.11055367843985393 0.5000041035285537 1.0899837410489528 1.596780894452008
211 1688 -0.9026996866699367 -0.7099104164358829 0.4277903569515408 0.626530851391421 0.11055367843985393 0.5000041035285537 1.0899837410489528 1.596780894452008
212 1696 -0.9112038939729474 -0.6883296258757593 0.4349949542857666 0.5179439362227225 0.11055367843985393 0.5000041035285537 1.0899837410489528 1.596780894452008
213 1704 -0.9251653498891971 -0.7189654465975142 0.47542754253379776 0.4987316618610148 0.10025892064058595 0.38115836938565717 1.103751892133353 1.6206166131726825
214 1712 -0.9115499015405795 -0.6809627024647374 0.422481424237045 0.47386345281880676 0.10025892064058595 0.38115836938565717 1.103751892133353 1.6206166131726825
215 1720 -0.9149006086489953 -0.6291686976002132 0.34689391659261404 0.5103121388813819 0.10025892064058595 0.38115836938565717 1.103751892133353 1.6206166131726825
216 1728 -0.9270532712600867 -0.6717301237564871 0.4272510647132714 0.5025996662545837 0.10025892064058595 0.38115836938565717 1.103751892133353 1.6206166131726825
217 1736 -0.9413175041186718 -0.6767294738836319 0.4593885411762134 0.5221927610149647 0.0693280473175336 0.33049629359469046 1.1158872608720372 1.625041981857334
218 1744 -0.9248211761643825 -0.6384899967852564 0.3659449422765676 0.4887357705567024 0.0693280473175336 0.33049629359469046 1.1158872608720372 1.625041981857334
219 1752 -0.9047777475395349 -0.6583582951003573 0.35785103910037774 0.4308065788014193 0.0693280473175336 0.33049629359469046 1.1158872608720372 1.625041981857334
220 1760 -0.9241657374503667 -0.6283437232083322 0.41717723898357534 0.4697135008842782 0.0693280473175336 0.33049629359469046 1.1158872608720372 1.625041981857334
221 1768 -0.9400419387446244 -0.7314643475480656 0.4272622263185861 0.6014293826168815 0.09184700060608547 0.2676709503425578 1.1757976296119148 1.5929269678869082
222 1776 -0.9527569604231398 -0.8024446971129807 0.3631394529040129 0.7170920516214018 0.09184700060608547 0.2676709503425578 1.1757976296119148 1.5929269678869082
223 1784 -0.9435858007678316 -0.7917607095011343 0.37521611197273075 0.7192473801775863 0.09184700060608547 0.2676709503425578 1.1757976296119148 1.5929269678869082
224 1792 -0.9132821402441704 -0.7691094161510461 0.49941119437743015 0.6750337994408908 0.09184700060608547 0.2676709503425578 1.1757976296119148 1.5929269678869082
225 1800 -0.9124894683732697 -0.8031788443688029 0.3499880483596246 0.7300574182290077 0.07763462347987787 0.35023765582503325 1.1128740740840557 1.6225959894289397
226 1808 -0.9061517957241163 -0.7294575742798421 0.38396776016929923 0.6486687959601184 0.07763462347987787 0.35023765582503325 1.1128740740840557 1.6225959894289397
227 1816 -0.897009638939042 -0.7202661992072602 0.324469427406747 0.6194617251046842 0.07763462347987787 0.35023765582503325 1.1128740740840557 1.6225959894289397
228 1824 -0.8899636888191167 -0.7542129388623289 0.4137246901901157 0.6119833539004033 0.07763462347987787 0.35023765582503325 1.1128740740840557 1.6225959894289397
229 1832 -0.8679501684251897 -0.7694416550815514 0.3973260336089156 0.6496621055538765 0.08507417532276555 0.3940942412221101 1.1439115049972983 1.5902573950350103
230 1840 -0.8269946088452367 -0.6694715494977983 0.4391197349948811 0.5141126708637862 0.08507417532276555 0.3940942412221101 1.1439115049972983 1.5902573950350103
231 1848 -0.8405612912872499 -0.6542478570970927 0.4546044160489523 0.4761865793377562 0.08507417532276555 0.3940942412221101 1.1439115049972983 1.5902573950350103
232 1856 -0.8469852762444681 -0.6027532788441596 0.42928630366680764 0.46889398324557746 0.08507417532276555 0.3940942412221101 1.1439115049972983 1.5902573950350103
233 1864 -0.9012508593687931 -0.6986059527031119 0.2440895557052895 0.6474345211127814 0.07419320062962823 0.42609977040743513 1.1037779708409614 1.610778863073784
234 1872 -0.8834216049420093 -0.6357115248043067 0.29256770836430473 0.6106784535208143 0.07419320062962823 0.42609977040743513 1.1037779708409614 1.610778863073784
235 1880 -0.896349152459335 -0.6208262391349345 0.2808154316525324 0.6161194692179983 0.07419320062962823 0.42609977040743513 1.1037779708409614 1.610778863073784
236 1888 -0.9281684026861243 -0.6898947625520698 0.28747236391895603 0.6723221710476892 0.07419320062962823 0.42609977040743513 1.1037779708409614 1.610778863073784
237 1896 -0.9426082156960696 -0.7303895992701166 0.3561788839494439 0.7133252449025063 0.0655943439132014 0.36690875717368093 1.0617266584865732 1.6534242796737917
238 1904 -0.9516881274212767 -0.830909203351172 0.2864442112916198 0.7641199294824387 0.0655943439132014 0.36690875717368093 1.0617266584865732 1.6534242796737917
239 1912 -0.9502811716623547 -0.8437957381672663 0.18701793015787826 0.8075741247701639 0.0655943439132014 0.36690875717368093 1.0617266584865732 1.6534242796737917
240 1920 -0.93653605198187 -0.8424591037169821 0.1660260430425157 0.8159683409135673 0.0655943439132014 0.36690875717368093 1.0617266584865732 1.6534242796737917
241 1928 -0.9141792497444806 -0.8253507584937235 0.22268027242739893 0.7873245905686135 0.062367497518748385 0.38029080932256043 1.0253545313051133 1.6733610730294017
242 1936 -0.89925337404335 -0.7892200042949115 0.13790469522447607 0.750934246868791 0.062367497518748385 0.38029080932256043 1.0253545313051133 1.6733610730294017
243 1944 -0.912927897940222 -0.8220650897050629 0.19971524198671803 0.7810696485038255 0.062367497518748385 0.38029080932256043 1.0253545313051133 1.6733610730294017
244 1952 -0.8917317148906231 -0.798101855402316 0.20835317538268192 0.7633584514851688 0.062367497518748385 0.38029080932256043 1.0253545313051133 1.6733610730294017
245 1960 -0.909239414902109 -0.8269529903419652 0.20244306901669415 0.8079612028501871 0.06205167578734029 0.4005502543479537 1.0668892369866048 1.6423935092650337
246 1968 -0.8906063096188626 -0.7663733033119658 0.20977380764935183 0.8097585479622219 0.06205167578734029 0.4005502543479537 1.0668892369866048 1.6423935092650337
247 1976 -0.899426088673593 -0.7405539455163184 0.20806647654025384 0.7531862949666228 0.06205167578734029 0.4005502543479537 1.0668892369866048 1.6423935092650337
248 1984 -0.9176005426970304 -0.6213177346179732 0.2949286308084719 0.6476030876277917 0.06205167578734029 0.4005502543479537 1.0668892369866048 1.6423935092650337
249 1992 -0.9138545954850337 -0.5466881442557152 0.31640864674288727 0.5718182941735676 0.05448169597888723 0.5276491007907994 1.142126818253455 1.553758186547754
250 2000 -0.8904600041187383 -0.4649985742414131 0.4608868881798527 0.48885060614194514 0.05448169597888723 0.5276491007907994 1.142126818253455 1.553758186547754
251 2008 -0.8365360246364719 -0.5420625813501396 0.17086041733410923 0.6283733468366908 0.05448169597888723 0.5276491007907994 1.142126818253455 1.553758186547754
252 2016 -0.7983809011265955 -0.636565756969556 0.1737320717394578 0.7046043635256121 0.05448169597888723 0.5276491007907994 1.142126818253455 1.553758186547754
253 2024 -0.8420191019204369 -0.7007640128337164 0.36974888328896044 0.7541130178701096 0.05481636052789441 0.521590228717884 1.0904032150297653 1.59246966331458
254 2032 -0.8732737382061948 -0.700375339360702 0.4089990267024459 0.7463026477231738 0.05481636052789441 0.521590228717884 1.0904032150297653 1.59246966331458
255 2040 -0.8592591922607444 -0.6012277195412622 0.24440642781290325 0.783326726585143 0.05481636052789441 0.521590228717884 1.0904032150297653 1.59246966331458
256 2048 -0.8618075708364579 -0.6338739724073159 0.2670862843252133 0.7522396392689925 0.05481636052789441 0.521590228717884 1.0904032150297653 1.59246966331458
257 2056 -0.8563553640284173 -0.6166084717526913 0.23687335391941755 0.75911407476841 0.044056729396394954 0.5251846060702183 1.1544647398503334 1.5457850104668716
258 2064 -0.878395433944778 -0.7498258295987061 0.42720180778573225 0.7985609958196068 0.044056729396394954 0.5251846060702183 1.1544647398503334 1.5457850104668716
259 2072 -0.8718577484325737 -0.7409010460026971 0.40493578377852046 0.7987207472831084 0.044056729396394954 0.5251846060702183 1.1544647398503334 1.5457850104668716
260 2080 -0.8853396977628039 -0.7253161106945079 0.4014506509648122 0.7774510417644122 0.044056729396394954 0.5251846060702183 1.1544647398503334 1.5457850104668716
261 2088 -0.8688035187353462 -0.6560041238980815 0.29063086774374325 0.7659435035149802 0.0484165274281242 0.5189881240764608 1.0974185096631013 1.5887038054930867
262 2096 -0.7952608123286126 -0.6626548032647396 0.16736357169015098 0.7402320016799326 0.0484165274281242 0.5189881240764608 1.0974185096631013 1.5887038054930867
263 2104 -0.7673114672427777 -0.688018606537703 0.1555200041349929 0.7631746566807386 0.0484165274281242 0.5189881240764608 1.0974185096631013 1.5887038054930867
264 2112 -0.8031806362677207 -0.6574553227656879 0.1738337653011114 0.7941751239930857 0.0484165274281242 0.5189881240764608 1.0974185096631013 1.5887038054930867
265 2120 -0.8200496053566755 -0.6420863287187222 0.17806578781412333 0.7923148918244919 0.034304356231428135 0.4897425556366255 1.181549389436669 1.537178090093626
266 2128 -0.8343118569674222 -0.62561326340524 0.1546285774690068 0.8277684825259827 0.034304356231428135 0.4897425556366255 1.181549389436669 1.537178090093626
267 2136 -0.8544553393938629 -0.6868649854865901 0.25124315978468464 0.8646872515184169 0.034304356231428135 0.4897425556366255 1.181549389436669 1.537178090093626
268 2144 -0.8513409506222055 -0.6480162353577128 0.19862800561601537 0.8588743276806593 0.034304356231428135 0.4897425556366255 1.181549389436669 1.537178090093626
269 2152 -0.8132675683143763 -0.6794167522025003 0.1712122363159127 0.8847817275945343 0.02931505746142118 0.3593118506795106 1.1662360479645697 1.5842755763424743
270 2160 -0.8380210541888372 -0.7708379060581955 0.3453291109788987 0.8704454288716201 0.02931505746142118 0.3593118506795106 1.1662360479645697 1.5842755763424743
271 2168 -0.8338291382541057 -0.8107518494159167 0.40658896761159585 0.8653211822621113 0.02931505746142118 0.3593118506795106 1.1662360479645697 1.5842755763424743
272 2176 -0.7990678222012257 -0.7788493983859185 0.3274319353055879 0.7624507913109903 0.02931505746142118 0.3593118506795106 1.1662360479645697 1.5842755763424743
273 2184 -0.8600467377349315 -0.7249400782848846 0.36612751562941903 0.6835870873621427 0.024977931842833846 0.500318088922691 1.1363329964794173 1.5677388921404323
274 2192 -0.8966635590006402 -0.7704228724681395 0.4720780234478018 0.6103830705179073 0.024977931842833846 0.500318088922691 1.1363329964794173 1.5677388921404323
275 2200 -0.9151319368250306 -0.7689813389178018 0.49740960182563454 0.5972953921287758 0.024977931842833846 0.500318088922691 1.1363329964794173 1.5677388921404323
276 2208 -0.9013146225214146 -0.6885082765905046 0.3736418365988315 0.5460220466976247 0.024977931842833846 0.500318088922691 1.1363329964794173 1.5677388921404323
277 2216 -0.8922653493483231 -0.6746235225989743 0.3469294885474141 0.5545974912735309 0.022611106095577337 0.4479547572609935 1.2238282375859437 1.516927723464655
278 2224 -0.9210039766387971 -0.7188809022100732 0.45777017730500863 0.5280397479341503 0.022611106095577337 0.4479547572609935 1.2238282375859437 1.516927723464655
279 2232 -0.9330010070690943 -0.7789987794221451 0.44101786006448335 0.5609441980692194 0.022611106095577337 0.4479547572609935 1.2238282375859437 1.516927723464655
280 2240 -0.9500259231417139 -0.7808257086969083 0.44706455544798446 0.6032541264216305 0.022611106095577337 0.4479547572609935 1.2238282375859437 1.516927723464655
281 2248 -0.9377058773001627 -0.7294524728898887 0.4958171563638197 0.5025695996062293 0.023710695403572568 0.3783600791476461 1.1812109134499995 1.5687645557499965
282 2256 -0.9429095610219792 -0.73313821018896 0.3751461083179301 0.5250180698759104 0.023710695403572568 0.3783600791476461 1.1812109134499995 1.5687645557499965
283 2264 -0.9357124625627776 -0.7197155616015534 0.31690148854788486 0.4861557110129112 0.023710695403572568 0.3783600791476461 1.1812109134499995 1.5687645557499965
284 2272 -0.9363088853232071 -0.7238747507194697 0.32557680012241197 0.4964988887826003 0.023710695403572568 0.3783600791476461 1.1812109134499995 1.5687645557499965
285 2280 -0.9477775936844284 -0.7334926316098094 0.32007673706447426 0.5450951670752846 0.021562602165158436 0.4350568226132843 1.1315041135798596 1.5905845014450997
286 2288 -0.9490108431601767 -0.6615684920603917 0.38705655759351054 0.4554516090441781 0.021562602165158436 0.4350568226132843 1.1315041135798596 1.5905845014450997
287 2296 -0.9477384110064466 -0.7006762399021216 0.4123418333038123 0.48805914621788976 0.021562602165158436 0.4350568226132843 1.1315041135798596 1.5905845014450997
288 2304 -0.9467188776896106 -0.6982726471601103 0.3753691087519823 0.48030558834532666 0.021562602165158436 0.4350568226132843 1.1315041135798596 1.5905845014450997
289 2312 -0.9515469544598609 -0.7202280331624059 0.32157429284989114 0.5266813614759785 0.017928348897218775 0.42569525249619283 1.1354818795018409 1.5903279622867068
290 2320 -0.9342770124793721 -0.7494628901235988 0.4549133328063737 0.5191680469560928 0.017928348897218775 0.42569525249619283 1.1354818795018409 1.5903279622867068
291 2328 -0.9371853669476432 -0.7409532136106013 0.4310509349358001 0.550624621405418 0.017928348897218775 0.42569525249619283 1.1354818795018409 1.5903279622867068
292 2336 -0.9421835771407385 -0.6909917741563759 0.4125526857847168 0.508934727622364 0.017928348897218775 0.42569525249619283 1.1354818795018409 1.5903279622867068
293 2344 -0.9435382532388601 -0.710498177799446 0.3589941616890148 0.52445525523542 0.01667612588016296 0.4378680402461417 1.1467245080321227 1.5789288738999987
294 2352 -0.9359240151446971 -0.6859260181101066 0.3836612488608935 0.4662367197953309 0.01667612588016296 0.4378680402461417 1.1467245080321227 1.5789288738999987
295 2360 -0.9165005151214857 -0.6879870160878324 0.38283206215137877 0.4050103171973084 0.01667612588016296 0.4378680402461417 1.1467245080321227 1.5789288738999987
296 2368 -0.8911825117907819 -0.6242050801069858 0.27953646466277904 0.5139685963379208 0.01667612588016296 0.4378680402461417 1.1467245080321227 1.5789288738999987
297 2376 -0.8898045735039692 -0.633243933290671 0.30464569503568917 0.512249352667832 0.019734992096194576 0.5421830555189124 1.109298225076474 1.573246805888168
298 2384 -0.8981462686263397 -0.6094627985456468 0.2654776785683902 0.5493699797887678 0.019734992096194576 0.5421830555189124 1.109298225076474 1.573246805888168
299 2392 -0.9268401661284977 -0.6708809472468498 0.3373207111158148 0.629328040372417 0.019734992096194576 0.5421830555189124 1.109298225076474 1.573246805888168
300 2400 -0.8895999608570352 -0.6642590461600761 0.21418832468470134 0.6395116347906082 0.019734992096194576 0.5421830555189124 1.109298225076474 1.573246805888168
301 2408 -0.8883600757620757 -0.6683027068882949 0.19923184856836232 0.6180900373676963 0.020490938473640412 0.496601436105921 1.0941808775181687 1.5986667389958347
302 2416 -0.8888127240220514 -0.7515123757183404 0.17388293515495698 0.6870695318321295 0.020490938473640412 0.496601436105921 1.0941808775181687 1.5986667389958347
303 2424 -0.8241825660370539 -0.6920795907221752 0.19728403693158217 0.6232179841744651 0.020490938473640412 0.496601436105921 1.0941808775181687 1.5986667389958347
304 2432 -0.8524704038573165 -0.7073313682203903 0.23860439204406117 0.6041421957951701 0.020490938473640412 0.496601436105921 1.0941808775181687 1.5986667389958347
305 2440 -0.8701154354810671 -0.7016177412420129 0.1543603446282314 0.6161504462217413 0.023681080858059884 0.4994751259878187 1.0905263147839048 1.6002237848790652
306 2448 -0.8452282976433761 -0.6965268343143813 0.18308384386821738 0.5601098852793602 0.023681080858059884 0.4994751259878187 1.0905263147839048 1.6002237848790652
307 2456 -0.8583385462080286 -0.7288753710144867 0.1996034215927481 0.6141715046933176 0.023681080858059884 0.4994751259878187 1.0905263147839048 1.6002237848790652
308 2464 -0.9130651357788292 -0.725084491357094 0.32575199291961116 0.6835476142798868 0.023681080858059884 0.4994751259878187 1.0905263147839048 1.6002237848790652
309 2472 -0.8961227737245563 -0.6898475615297408 0.2753418315653095 0.630400319000302 0.02358788570037455 0.5078038725085126 1.0345309266667682 1.6344187347444177
310 2480 -0.9228532371790145 -0.6971910316440127 0.37665283556502493 0.5962532722521725 0.02358788570037455 0.5078038725085126 1.0345309266667682 1.6344187347444177
311 2488 -0.9223323192255198 -0.7078069115549196 0.39631534942723523 0.6283282446560371 0.02358788570037455 0.5078038725085126 1.0345309266667682 1.6344187347444177
312 2496 -0.8737282465826195 -0.7133763936081882 0.2755713928855459 0.6116349608450883 0.02358788570037455 0.5078038725085126 1.0345309266667682 1.6344187347444177
313 2504 -0.888821737629003 -0.7495675941208033 0.2934606810850185 0.6576918425575943 0.019687851959936466 0.47001213232515 1.0109375768688873 1.6603331592264345
314 2512 -0.9000078084925567 -0.7713895934814516 0.3990553012761471 0.6670936784096172 0.019687851959936466 0.47001213232515 1.0109375768688873 1.6603331592264345
315 2520 -0.9070163898254707 -0.790897167114444 0.3996051289920363 0.6781146831954288 0.019687851959936466 0.47001213232515 1.0109375768688873 1.6603331592264345
316 2528 -0.8899214372507517 -0.7675336836178064 0.2773472490739797 0.6339676192552819 0.019687851959936466 0.47001213232515 1.0109375768688873 1.6603331592264345
317 2536 -0.8375364433335188 -0.7307806476838316 0.16536008400614668 0.6474678565215733 0.019474882508157043 0.5178713651357171 1.041880837166427 1.6266266625348142
318 2544 -0.8924959084618224 -0.7884871042006525 0.32044627336334086 0.7465252607578992 0.019474882508157043 0.5178713651357171 1.041880837166427 1.6266266625348142
319 2552 -0.8971171436927039 -0.7700536873574246 0.3738880646975968 0.7219222972287332 0.019474882508157043 0.5178713651357171 1.041880837166427 1.6266266625348142
320 2560 -0.8898777028567564 -0.7466144332849048 0.3748801194013332 0.7292961477296978 0.019474882508157043 0.5178713651357171 1.041880837166427 1.6266266625348142
321 2568 -0.8073098128502318 -0.7825141878942381 0.27940254402437925 0.6122244723026563 0.020499200599783503 0.5434770226200203 0.9920578340814026 1.6492524859755593
322 2576 -0.7797192255687857 -0.7661466371857898 0.20930783673181422 0.5734718564317054 0.020499200599783503 0.5434770226200203 0.9920578340814026 1.6492524859755593
323 2584 -0.8008724667293152 -0.744650931286272 0.2101312304228128 0.5729946944115988 0.020499200599783503 0.5434770226200203 0.9920578340814026 1.6492524859755593
324 2592 -0.8223988127586394 -0.7859621898176086 0.30678474077809537 0.6548277257392204 0.020499200599783503 0.5434770226200203 0.9920578340814026 1.6492524859755593
325 2600 -0.8278520457458438 -0.769410387758042 0.2889975265633855 0.6127417623384468 0.01797790407368832 0.506558828167979 0.9922719027866517 1.660864660202739
326 2608 -0.8433993423159883 -0.7919217820518383 0.34984356458960136 0.6192424335859459 0.01797790407368832 0.506558828167979 0.9922719027866517 1.660864660202739
327 2616 -0.8601250649021667 -0.8070344789118171 0.4006748015454635 0.6769683479196723 0.01797790407368832 0.506558828167979 0.9922719027866517 1.660864660202739
328 2624 -0.8663514811003249 -0.818219364467924 0.4297323732591075 0.6786765614988961 0.01797790407368832 0.506558828167979 0.9922719027866517 1.660864660202739
329 2632 -0.8740389555283472 -0.8677243669220526 0.4826828924778374 0.7784655793290262 0.013167520859365883 0.35698906513517736 0.8412113918464893 1.7789740914347298
330 2640 -0.8315260692407831 -0.792674603779288 0.26516640843822215 0.7270235783251069 0.013167520859365883 0.35698906513517736 0.8412113918464893 1.7789740914347298
331 2648 -0.8151417298833463 -0.7958739945008784 0.20968378149525194 0.6923231389080268 0.013167520859365883 0.35698906513517736 0.8412113918464893 1.7789740914347298
332 2656 -0.8001817858578494 -0.7506651199703314 0.21530188225177824 0.7170039793064643 0.013167520859365883 0.35698906513517736 0.8412113918464893 1.7789740914347298
333 2664 -0.7738780073656483 -0.7460686695138599 0.1667741987263847 0.730618768194145 0.015939573249229035 0.5241997714705864 0.9737625587187312 1.6663574072906353
334 2672 -0.8049476600273487 -0.7443272672634578 0.21384124786187497 0.6996980422169135 0.015939573249229035 0.5241997714705864 0.9737625587187312 1.6663574072906353
335 2680 -0.8423350022268828 -0.784922850930453 0.3369250807273696 0.7644603154125041 0.015939573249229035 0.5241997714705864 0.9737625587187312 1.6663574072906353
336 2688 -0.8381067041554421 -0.79941330027535 0.3542456697601696 0.7130740653394413 0.015939573249229035 0.5241997714705864 0.9737625587187312 1.6663574072906353
337 2696 -0.7857747431967597 -0.7741513100774285 0.22635105031498526 0.769251173733042 0.016520554288077093 0.5115550334172737 0.9259250294403886 1.6972629021242651
338 2704 -0.7817250138139002 -0.7621143494455386 0.19690440280647947 0.8093684948274158 0.016520554288077093 0.5115550334172737 0.9259250294403886 1.6972629021242651
339 2712 -0.8053024874785221 -0.7769919478936702 0.25859674342498945 0.8291691968649122 0.016520554288077093 0.5115550334172737 0.9259250294403886 1.6972629021242651
340 2720 -0.8028176268625863 -0.7930609810123207 0.2796034494672953 0.8392954946130907 0.016520554288077093 0.5115550334172737 0.9259250294403886 1.6972629021242651
341 2728 -0.8430109150790823 -0.8412215135900643 0.42493378123982134 0.8358035169151319 0.016704958403185522 0.47195505214526634 0.7804707832143075 1.7798440183533366
342 2736 -0.844629364463446 -0.8433884188554522 0.42972175356582304 0.8474390655345068 0.016704958403185522 0.47195505214526634 0.7804707832143075 1.7798440183533366
343 2744 -0.8336796177697745 -0.8146486341876379 0.36393863959383654 0.8446149325912877 0.016704958403185522 0.47195505214526634 0.7804707832143075 1.7798440183533366
344 2752 -0.8614784021337338 -0.8131171578105294 0.4105281942272384 0.8182980409104285 0.016704958403185522 0.47195505214526634 0.7804707832143075 1.7798440183533366
345 2760 -0.8236612754680555 -0.8124216507761202 0.34359145368203203 0.7905650187564577 0.02376406553202938 0.4526405021146511 0.8700976259179123 1.742837332170389
346 2768 -0.8782837123023786 -0.8559543474429361 0.5087649558779764 0.8475483600370793 0.02376406553202938 0.4526405021146511 0.8700976259179123 1.742837332170389
347 2776 -0.880848217390722 -0.8657802991841165 0.5306764785945196 0.8103866007000121 0.02376406553202938 0.4526405021146511 0.8700976259179123 1.742837332170389
348 2784 -0.8886209097159392 -0.8714797206690587 0.5539660525871376 0.8588839314421701 0.02376406553202938 0.4526405021146511 0.8700976259179123 1.742837332170389
349 2792 -0.9111793656185687 -0.8777144622728681 0.6071605215195465 0.879580666888044 0.02123797065536014 0.3933022959731895 0.6592588098920393 1.8466835338423286
350 2800 -0.9273533148422101 -0.8741383717242945 0.634372947645998 0.8901518195545013 0.02123797065536014 0.3933022959731895 0.6592588098920393 1.8466835338423286
351 2808 -0.9360946913235207 -0.8502093191836197 0.6110408594326794 0.8729551041113832 0.02123797065536014 0.3933022959731895 0.6592588098920393 1.8466835338423286
352 2816 -0.9393838084982222 -0.8513900823238236 0.6150227948375742 0.8724679044621195 0.02123797065536014 0.3933022959731895 0.6592588098920393 1.8466835338423286
353 2824 -0.9490817412245858 -0.8223378385411316 0.60878884592182 0.8507341458574198 0.021004959030049924 0.43815403534156333 0.688348848592787 1.8258575233711514
354 2832 -0.9445712900867153 -0.8000915945741431 0.5469204620768173 0.8107356802104706 0.021004959030049924 0.43815403534156333 0.688348848592787 1.8258575233711514
355 2840 -0.9479678150653734 -0.8430060702881778 0.46540397605432837 0.8326521457513237 0.021004959030049924 0.43815403534156333 0.688348848592787 1.8258575233711514
356 2848 -0.9286667492557994 -0.8270703366597086 0.3238993763640751 0.8243555325622748 0.021004959030049924 0.43815403534156333 0.688348848592787 1.8258575233711514
357 2856 -0.9206986760829811 -0.8603608479509911 0.3284375380939799 0.8556726544091778 0.021881351334068235 0.39228825936283973 0.8864168418261452 1.749255930547852
358 2864 -0.906308600448838 -0.8650706735083806 0.2536855869124097 0.8420981359004599 0.021881351334068235 0.39228825936283973 0.8864168418261452 1.749255930547852
359 2872 -0.9243923986023443 -0.8681989796364351 0.2608565995360962 0.8547469177005533 0.021881351334068235 0.39228825936283973 0.8864168418261452 1.749255930547852
360 2880 -0.9331659404292092 -0.8666920834996936 0.36537404925740957 0.8471721163035131 0.021881351334068235 0.39228825936283973 0.8864168418261452 1.749255930547852
361 2888 -0.935920234989523 -0.8807890714392412 0.3368220413314897 0.8212912887200707 0.025907464785957908 0.3485191511215098 0.9353403901605113 1.7329170664242095
362 2896 -0.9338365667113939 -0.90925310499029 0.23989012784978495 0.8268988257536095 0.025907464785957908 0.3485191511215098 0.9353403901605113 1.7329170664242095
363 2904 -0.9127891155275731 -0.894192973033032 0.09780281076698866 0.7706126665968437 0.025907464785957908 0.3485191511215098 0.9353403901605113 1.7329170664242095
364 2912 -0.9149638135610232 -0.9032817607858954 0.1730469787142228 0.7886848830965505 0.025907464785957908 0.3485191511215098 0.9353403901605113 1.7329170664242095
365 2920 -0.9066168683478838 -0.8883959596252772 0.1966288614036103 0.7047238399239433 0.026893655476565338 0.2624437945041473 1.107567054345886 1.644291703484801
366 2928 -0.881649955936896 -0.8207312578857928 0.2893578783133741 0.561241468444051 0.026893655476565338 0.2624437945041473 1.107567054345886 1.644291703484801
367 2936 -0.8631862953323001 -0.8266331300906893 0.3698446597345142 0.5321410204262788 0.026893655476565338 0.2624437945041473 1.107567054345886 1.644291703484801
368 2944 -0.8418502492789338 -0.8323521919236672 0.4486632055324662 0.5230646436590961 0.026893655476565338 0.2624437945041473 1.107567054345886 1.644291703484801
369 2952 -0.819987382082049 -0.818481553386029 0.4610797768336738 0.49499856533380127 0.02921054911059028 0.32614036195202595 1.2070840700195338 1.5606816638993155
370 2960 -0.8460617383168433 -0.7973191014197655 0.4176626893793477 0.4785561948748615 0.02921054911059028 0.32614036195202595 1.2070840700195338 1.5606816638993155
371 2968 -0.832701224771421 -0.7948657895989715 0.456889460043698 0.49686913065574834 0.02921054911059028 0.32614036195202595 1.2070840700195338 1.5606816638993155
372 2976 -0.8545936768374262 -0.8101543952908369 0.5130490569016816 0.5417502297584511 0.02921054911059028 0.32614036195202595 1.2070840700195338 1.5606816638993155
373 2984 -0.8695582683713708 -0.8304728162473245 0.49387747320725006 0.5761727793624559 0.02445021813789344 0.28837290598390936 1.1655829567951013 1.5992684655042113
374 2992 -0.8868189000143374 -0.8639660255943594 0.46514068688937216 0.6722234542298252 0.02445021813789344 0.28837290598390936 1.1655829567951013 1.5992684655042113
375 3000 -0.8959067642000166 -0.8743583648427637 0.41647394544516064 0.7131299289120969 0.02445021813789344 0.28837290598390936 1.1655829567951013 1.5992684655042113
376 3008 -0.8805350750966249 -0.8717964914349753 0.3924803939612822 0.685750827782503 0.02445021813789344 0.28837290598390936 1.1655829567951013 1.5992684655042113
377 3016 -0.8905858785515186 -0.8472380890172283 0.42906205855579277 0.6610892412888095 0.02539593296915797 0.33522989956756144 1.1243350707172668 1.6195204876072884
378 3024 -0.8645551121163112 -0.8267598230482566 0.5527521452912515 0.6561722059505676 0.02539593296915797 0.33522989956756144 1.1243350707172668 1.6195204876072884
379 3032 -0.8752683748885379 -0.8673154064383506 0.6336005525538638 0.7350179754564572 0.02539593296915797 0.33522989956756144 1.1243350707172668 1.6195204876072884
380 3040 -0.9074514163539853 -0.8998207475148635 0.7185809011593767 0.762852689194575 0.02539593296915797 0.33522989956756144 1.1243350707172668 1.6195204876072884
381 3048 -0.8798372577787917 -0.8787686674306107 0.625839996504893 0.6877300701030533 0.021527511801333433 0.23593595566093792 1.0683300252522516 1.6740793733292714
382 3056 -0.8768115839606567 -0.8562529966827976 0.6108217466546767 0.6332353353971224 0.021527511801333433 0.23593595566093792 1.0683300252522516 1.6740793733292714
383 3064 -0.863935225413679 -0.8389571262849496 0.5644938978882069 0.5665553013410085 0.021527511801333433 0.23593595566093792 1.0683300252522516 1.6740793733292714
384 3072 -0.8751995841293148 -0.8642331337016017 0.5462582356282015 0.5980198433599644 0.021527511801333433 0.23593595566093792 1.0683300252522516 1.6740793733292714
385 3080 -0.8821230423379809 -0.8086411731304984 0.5212276500019636 0.5704024101712774 0.02150510664557777 0.27350463054132124 1.1861807135500946 1.586728729891284
386 3088 -0.8782577690986674 -0.8259955512259011 0.5504098747141024 0.6522800919944738 0.02150510664557777 0.27350463054132124 1.1861807135500946 1.586728729891284
387 3096 -0.9331096713775342 -0.8431901566960655 0.5624186883495416 0.6676148394185861 0.02150510664557777 0.27350463054132124 1.1861807135500946 1.586728729891284
388 3104 -0.9320778854924173 -0.8302508389399975 0.38459813853392094 0.6371915696368289 0.02150510664557777 0.27350463054132124 1.1861807135500946 1.586728729891284
389 3112 -0.9370297494569421 -0.8258866746937477 0.3730439643721787 0.6344726909259946 0.018503294741543476 0.2373828581658076 1.1537412051201332 1.6162265430132872
390 3120 -0.9402017493568706 -0.7942345279039547 0.4784522189262254 0.5944175760432037 0.018503294741543476 0.2373828581658076 1.1537412051201332 1.6162265430132872
391 3128 -0.943271042051368 -0.7540511678872132 0.4405107472968051 0.5663596623251752 0.018503294741543476 0.2373828581658076 1.1537412051201332 1.6162265430132872
392 3136 -0.9443882103324004 -0.6771725951339805 0.44102160965032733 0.46857363637764987 0.018503294741543476 0.2373828581658076 1.1537412051201332 1.6162265430132872
393 3144 -0.9586091747554588 -0.6815884984032629 0.411642855759594 0.4524576081689019 0.016005679199983032 0.2844800969650433 1.1623810268076789 1.6023998381120839
394 3152 -0.9631978818891981 -0.638841425957239 0.41610467735171036 0.4558285629903298 0.016005679199983032 0.2844800969650433 1.1623810268076789 1.6023998381120839
395 3160 -0.961641730792708 -0.663919226902229 0.43558157058727914 0.4409008873197973 0.016005679199983032 0.2844800969650433 1.1623810268076789 1.6023998381120839
396 3168 -0.9560841620084186 -0.6546550384268209 0.4077774920342583 0.412229144290068 0.016005679199983032 0.2844800969650433 1.1623810268076789 1.6023998381120839
397 3176 -0.9724218870970758 -0.6897063573931234 0.4855214343875363 0.5084422936740728 0.011611276019714172 0.301660777256996 1.1113028960116476 1.6351977944732023
398 3184 -0.9693092971618195 -0.7319333871600859 0.35162380259207937 0.547150287913655 0.011611276019714172 0.301660777256996 1.1113028960116476 1.6351977944732023
399 3192 -0.9710703243878349 -0.7898985100805045 0.3990887862993175 0.6251443341783357 0.011611276019714172 0.301660777256996 1.1113028960116476 1.6351977944732023
400 3200 -0.9643715237827055 -0.7813864723049426 0.4378072719347343 0.5929012450194212 0.011611276019714172 0.301660777256996 1.1113028960116476 1.6351977944732023
401 3208 -0.9701855786504682 -0.8043594216006833 0.3937361483377286 0.6407063056293557 0.007827464289275134 0.2578987793737614 1.1445510172058349 1.6197005647382523
402 3216 -0.9746298014892159 -0.8347797950310725 0.32872754685971706 0.6939995797923255 0.007827464289275134 0.2578987793737614 1.1445510172058349 1.6197005647382523
403 3224 -0.9776827186342967 -0.8249097905839667 0.2721043448413035 0.6916042489264758 0.007827464289275134 0.2578987793737614 1.1445510172058349 1.6197005647382523
404 3232 -0.9767863371858312 -0.7691892827862782 0.4075264102254193 0.6198475929285048 0.007827464289275134 0.2578987793737614 1.1445510172058349 1.6197005647382523
405 3240 -0.9789432740169989 -0.7648709915805479 0.3956671360521968 0.6226229128615869 0.008158217610536235 0.29540659632841126 1.0977842934731543 1.6454598236768738
406 3248 -0.9809614361595902 -0.7585245090346566 0.37071351607163205 0.6219929611521761 0.008158217610536235 0.29540659632841126 1.0977842934731543 1.6454598236768738
407 3256 -0.9805791666036766 -0.8016942426903518 0.3349632793510232 0.6743230533657132 0.008158217610536235 0.29540659632841126 1.0977842934731543 1.6454598236768738
408 3264 -0.9767361416061074 -0.7650411452754883 0.41850156800080623 0.6158494536038435 0.008158217610536235 0.29540659632841126 1.0977842934731543 1.6454598236768738
409 3272 -0.9752204326789726 -0.7854719304464318 0.5585030135561905 0.6368272539810956 0.007036884243082579 0.3135252164441293 1.1191305347428937 1.6276360978793436
410 3280 -0.9773954896514102 -0.8324226698747434 0.5454230628371348 0.7065059015011423 0.007036884243082579 0.3135252164441293 1.1191305347428937 1.6276360978793436
411 3288 -0.9813990907948933 -0.8627278077943364 0.6660633977267363 0.7574211454683218 0.007036884243082579 0.3135252164441293 1.1191305347428937 1.6276360978793436
412 3296 -0.9775490856769535 -0.8335669451226222 0.6637739991064021 0.7071491304207634 0.007036884243082579 0.3135252164441293 1.1191305347428937 1.6276360978793436
413 3304 -0.9758891565996239 -0.8482164694639431 0.6144739993485979 0.724438189391146 0.006887883288401492 0.29507606101393186 1.0338855070994337 1.6864054771881092
414 3312 -0.9706135560989511 -0.8357571767633897 0.5656031918623412 0.6916317373550235 0.006887883288401492 0.29507606101393186 1.0338855070994337 1.6864054771881092
415 3320 -0.9820105675063198 -0.8804295157713652 0.5043871924848933 0.785731577446486 0.006887883288401492 0.29507606101393186 1.0338855070994337 1.6864054771881092
416 3328 -0.9824126964067459 -0.8912695513546129 0.49956588407364727 0.8019501533342155 0.006887883288401492 0.29507606101393186 1.0338855070994337 1.6864054771881092
417 3336 -0.9851743462352153 -0.8466308597150068 0.4706900313116743 0.751742832684383 0.0064244455192675 0.25779133946756505 1.0878264483629734 1.658353391179723
418 3344 -0.9892839220780176 -0.8622188273086979 0.4184309966959112 0.7877522849426419 0.0064244455192675 0.25779133946756505 1.0878264483629734 1.658353391179723
419 3352 -0.9929530419523556 -0.9055598434803765 0.46760878269670597 0.8550095815008729 0.0064244455192675 0.25779133946756505 1.0878264483629734 1.658353391179723
420 3360 -0.994428670879434 -0.921467671685879 0.6092975636825723 0.8788527177860624 0.0064244455192675 0.25779133946756505 1.0878264483629734 1.658353391179723
421 3368 -0.9938435266275263 -0.9210589977126283 0.640659770544397 0.8763160812387193 0.0041155668401421175 0.1504790503259115 0.939227029095233 1.7593156923473225
422 3376 -0.9910632551211543 -0.9029098491060622 0.7085213742150063 0.8419618558676522 0.0041155668401421175 0.1504790503259115 0.939227029095233 1.7593156923473225
423 3384 -0.987692449232364 -0.8838523739880801 0.7581654369653515 0.8046491440728986 0.0041155668401421175 0.1504790503259115 0.939227029095233 1.7593156923473225
424 3392 -0.98814780024767 -0.8951950562071842 0.7755437342965713 0.8208103233302796 0.0041155668401421175 0.1504790503259115 0.939227029095233 1.7593156923473225
425 3400 -0.9885996539961772 -0.8964223260357814 0.7907047470008735 0.8235056577950628 0.003891055578992107 0.15709988381500317 0.8769942491810666 1.7905824675493536
426 3408 -0.987623875884724 -0.8979675334760072 0.8212414254695954 0.8225127545746775 0.003891055578992107 0.15709988381500317 0.8769942491810666 1.7905824675493536
427 3416 -0.9888582844218969 -0.9182470396668695 0.8539891148078553 0.8618742837154748 0.003891055578992107 0.15709988381500317 0.8769942491810666 1.7905824675493536
428 3424 -0.9901155204848793 -0.9402489509542269 0.8873502477053117 0.9086845845199741 0.003891055578992107 0.15709988381500317 0.8769942491810666 1.7905824675493536
429 3432 -0.9905632244621122 -0.9439902151243597 0.8940089231080869 0.9248130795802685 0.002675974983391932 0.1460585820021507 0.5929063864759548 1.9045003929265638
430 3440 -0.9920591287150886 -0.9605092594084912 0.9207393326181645 0.9511225438899524 0.002675974983391932 0.1460585820021507 0.5929063864759548 1.9045003929265638
431 3448 -0.9915947921015155 -0.9592722988273134 0.9174330836664029 0.949904892197088 0.002675974983391932 0.1460585820021507 0.5929063864759548 1.9045003929265638
432 3456 -0.9933492708873091 -0.9641838615061766 0.9294009532238651 0.9502221538630755 0.002675974983391932 0.1460585820021507 0.5929063864759548 1.9045003929265638
433 3464 -0.993592887245126 -0.9643787817859785 0.9307202515630434 0.9448052797498044 0.0028109371109305706 0.12202391365326788 0.4924401917262634 1.934581329565107
434 3472 -0.9933558743811145 -0.9603161560163876 0.9248940348498782 0.9299336919305325 0.0028109371109305706 0.12202391365326788 0.4924401917262634 1.934581329565107
435 3480 -0.9934433062202631 -0.9619334296305107 0.9270655652974312 0.9331743978386807 0.0028109371109305706 0.12202391365326788 0.4924401917262634 1.934581329565107
436 3488 -0.9930110509135947 -0.9600650073677196 0.922877617440583 0.9369810626818142 0.0028109371109305706 0.12202391365326788 0.4924401917262634 1.934581329565107
437 3496 -0.9940545638061807 -0.9689069160511856 0.9387372797461419 0.9454680941965173 0.003731908898747893 0.12319359443595548 0.47099034600515816 1.939839556539628
438 3504 -0.9951656176632302 -0.9692052725794689 0.939970145114235 0.9426468311600522 0.003731908898747893 0.12319359443595548 0.47099034600515816 1.939839556539628
439 3512 -0.9956738840537104 -0.9735333292210616 0.9499680419568614 0.9512195294069583 0.003731908898747893 0.12319359443595548 0.47099034600515816 1.939839556539628
440 3520 -0.9962055786129351 -0.9772505269541002 0.9535296109294905 0.9570374967548382 0.003731908898747893 0.12319359443595548 0.47099034600515816 1.939839556539628
441 3528 -0.997255673569365 -0.9813869710120093 0.9533481697525262 0.9661833661407241 0.004280897871993247 0.08691265311291317 0.40637932876255156 1.956344475238648
442 3536 -0.9970982251220837 -0.9793260794078945 0.9453754879231548 0.963025486665598 0.004280897871993247 0.08691265311291317 0.40637932876255156 1.956344475238648
443 3544 -0.9969957787681446 -0.9785892752631984 0.9452905274344464 0.9618455996131212 0.004280897871993247 0.08691265311291317 0.40637932876255156 1.956344475238648
444 3552 -0.995927552780284 -0.9718211818289554 0.9297127886464693 0.949110249505108 0.004280897871993247 0.08691265311291317 0.40637932876255156 1.956344475238648
445 3560 -0.9959129895022174 -0.9721574854006327 0.9311931032187856 0.9494237441623323 0.003728817737977149 0.11211216642781041 0.4882287680125569 1.9362462725960456
446 3568 -0.9957547698128102 -0.9718028097016131 0.9316943042237669 0.948620745857899 0.003728817737977149 0.11211216642781041 0.4882287680125569 1.9362462725960456
447 3576 -0.9952045095894122 -0.9700788317733136 0.9233048395906419 0.9446130718366866 0.003728817737977149 0.11211216642781041 0.4882287680125569 1.9362462725960456
448 3584 -0.9951064565001135 -0.967670810972786 0.9109461895861027 0.9409345961828581 0.003728817737977149 0.11211216642781041 0.4882287680125569 1.9362462725960456
449 3592 -0.9955435732935864 -0.9724783064711868 0.9031079583216026 0.9494240664304273 0.0037803082182986157 0.14377420306859193 0.5177078434272375 1.9264717170661203
450 3600 -0.9961704389614364 -0.9760744437347594 0.9001154034145865 0.9565147420670312 0.0037803082182986157 0.14377420306859193 0.5177078434272375 1.9264717170661203
451 3608 -0.9955314245678468 -0.964790882154774 0.8047693419632093 0.939717089990158 0.0037803082182986157 0.14377420306859193 0.5177078434272375 1.9264717170661203
452 3616 -0.9953515243837965 -0.9674565358921892 0.8093269509601877 0.9424476462554964 0.0037803082182986157 0.14377420306859193 0.5177078434272375 1.9264717170661203
453 3624 -0.9944166371269333 -0.9632531943597562 0.8097720189547748 0.9324123043563829 0.0042820634248314764 0.18118288003698527 0.6648380971352977 1.8775368791349605
454 3632 -0.9935444095467356 -0.9657071101007789 0.8480074522420844 0.9329150267786935 0.0042820634248314764 0.18118288003698527 0.6648380971352977 1.8775368791349605
455 3640 -0.9924305596859638 -0.9597468440486985 0.8141064292722913 0.9213575419627327 0.0042820634248314764 0.18118288003698527 0.6648380971352977 1.8775368791349605
456 3648 -0.9909987636895192 -0.9523058909398051 0.825207660150219 0.9066272064505139 0.0042820634248314764 0.18118288003698527 0.6648380971352977 1.8775368791349605
457 3656 -0.9933948715023343 -0.9577348869553479 0.8188113636962583 0.9214095828011493 0.0046748294541163835 0.17087904317700867 0.6849727030239203 1.8712538295711216
458 3664 -0.9925548949144237 -0.9525859121127485 0.7983799010513019 0.9111621225844883 0.0046748294541163835 0.17087904317700867 0.6849727030239203 1.8712538295711216
459 3672 -0.9906399937833813 -0.9430339415268105 0.799031108631657 0.8920110337056759 0.0046748294541163835 0.17087904317700867 0.6849727030239203 1.8712538295711216
460 3680 -0.9892124100303203 -0.9389999024855724 0.8064480970417953 0.881626449924027 0.0046748294541163835 0.17087904317700867 0.6849727030239203 1.8712538295711216
461 3688 -0.9911815825376173 -0.941410491008354 0.7552136499671425 0.8921299379858836 0.005770280995704805 0.21420413723249138 0.7762576439574951 1.8307122552840664
462 3696 -0.9908288774543809 -0.9505534859242794 0.7906857327908215 0.9037660640745337 0.005770280995704805 0.21420413723249138 0.7762576439574951 1.8307122552840664
463 3704 -0.9932870474214116 -0.9511982156843163 0.7767033871953354 0.9123762864881445 0.005770280995704805 0.21420413723249138 0.7762576439574951 1.8307122552840664
464 3712 -0.9927422126333467 -0.9319473325545324 0.7159970017521797 0.8854894681288098 0.005770280995704805 0.21420413723249138 0.7762576439574951 1.8307122552840664
465 3720 -0.991621398520044 -0.9383842389758075 0.7683073066679429 0.8896996797124547 0.004372927193859884 0.22053254892278265 0.762525970942164 1.8357288514407808
466 3728 -0.9916020604126882 -0.9364985877288239 0.7572215342630434 0.8878856861720595 0.004372927193859884 0.22053254892278265 0.762525970942164 1.8357288514407808
467 3736 -0.9899874078163969 -0.9292866547762054 0.6952340186666208 0.8752720065961526 0.004372927193859884 0.22053254892278265 0.762525970942164 1.8357288514407808
468 3744 -0.9911004824521557 -0.9380744948582701 0.6446010769950269 0.8911734646061119 0.004372927193859884 0.22053254892278265 0.762525970942164 1.8357288514407808
469 3752 -0.9910318301595693 -0.9383974992396167 0.6981398332442078 0.8916526506024894 0.004498740467543182 0.2675890477524539 0.7872075243038571 1.8189777834092786
470 3760 -0.991449736687505 -0.9384785191934967 0.7083125136671831 0.8924580138596567 0.004498740467543182 0.2675890477524539 0.7872075243038571 1.8189777834092786
471 3768 -0.9917308692060409 -0.9443957716586997 0.7309765317809366 0.9009679382316925 0.004498740467543182 0.2675890477524539 0.7872075243038571 1.8189777834092786
472 3776 -0.9896033662000976 -0.9318300267995767 0.7651126998848866 0.8751505401026434 0.004498740467543182 0.2675890477524539 0.7872075243038571 1.8189777834092786
473 3784 -0.984482591420283 -0.9085922640734804 0.7459801488368883 0.8266178788564962 0.004051220761741874 0.2616098710006221 0.8427442579637082 1.794805275976917
474 3792 -0.9854507518718579 -0.9167037901125712 0.7899930863394196 0.8413051381745156 0.004051220761741874 0.2616098710006221 0.8427442579637082 1.794805275976917
475 3800 -0.9880748370082592 -0.9241100285199395 0.7725625998658222 0.8599975049853503 0.004051220761741874 0.2616098710006221 0.8427442579637082 1.794805275976917
476 3808 -0.9900850402216735 -0.934373323308518 0.7921328688747223 0.8805342272329744 0.004051220761741874 0.2616098710006221 0.8427442579637082 1.794805275976917
477 3816 -0.9877749735060904 -0.9036470043767862 0.7392876651370666 0.8323314544828141 0.003856535439882952 0.2372720900293128 0.8661676877712746 1.7870200388044017
478 3824 -0.9861520731022326 -0.8869345255656826 0.7012077401044314 0.8073558938848953 0.003856535439882952 0.2372720900293128 0.8661676877712746 1.7870200388044017
479 3832 -0.9878994489854677 -0.8808976342872759 0.6238170809785861 0.8044486345943864 0.003856535439882952 0.2372720900293128 0.8661676877712746 1.7870200388044017
480 3840 -0.9864084144523007 -0.8457031570537351 0.6457011596100116 0.7541796637343928 0.003856535439882952 0.2372720900293128 0.8661676877712746 1.7870200388044017
481 3848 -0.9888484858027601 -0.8798659196675181 0.7202375746638902 0.8068675872627903 0.0036215732102586645 0.21361207432063423 0.9343323936028141 1.7553859245693966
482 3856 -0.9913474397093037 -0.8991226102979424 0.667197567895271 0.8421639395003829 0.0036215732102586645 0.21361207432063423 0.9343323936028141 1.7553859245693966
483 3864 -0.9914000082929 -0.9147855779019279 0.7276518607112814 0.8602080965031839 0.0036215732102586645 0.21361207432063423 0.9343323936028141 1.7553859245693966
484 3872 -0.9897365979525241 -0.8933657779398293 0.7181372010545249 0.825977717294138 0.0036215732102586645 0.21361207432063423 0.9343323936028141 1.7553859245693966
485 3880 -0.9907992581867313 -0.8950647836173249 0.5885440738386382 0.8341248080441547 0.005733333457376155 0.2498594048172704 0.9724936872604637 1.7296801539447613
486 3888 -0.9899521398429892 -0.8863278562715463 0.5811564226833689 0.8202190147467302 0.005733333457376155 0.2498594048172704 0.9724936872604637 1.7296801539447613
487 3896 -0.9903187761605479 -0.8799817103155458 0.5414417505256561 0.813402602404573 0.005733333457376155 0.2498594048172704 0.9724936872604637 1.7296801539447613
488 3904 -0.9899881984978026 -0.88017281427755 0.5960935774338735 0.8120348864106596 0.005733333457376155 0.2498594048172704 0.9724936872604637 1.7296801539447613
489 3912 -0.9891050891954557 -0.848258093722694 0.6140712892432221 0.7689574590098235 0.0038357513107751895 0.24919685323819574 1.028403850395437 1.697136333898931
490 3920 -0.9867216999234875 -0.7838295460858693 0.653839444810593 0.6790997626843335 0.0038357513107751895 0.24919685323819574 1.028403850395437 1.697136333898931
491 3928 -0.9923580445167874 -0.8454109512633899 0.5938749400427178 0.7768450394904258 0.0038357513107751895 0.24919685323819574 1.028403850395437 1.697136333898931
492 3936 -0.9952985836050268 -0.8745839201002357 0.465316220998815 0.8270019976935248 0.0038357513107751895 0.24919685323819574 1.028403850395437 1.697136333898931
493 3944 -0.9955735999884943 -0.8846010205034922 0.46054936358156334 0.8403151782336714 0.002260610295784315 0.19744508140596786 1.0498565989410706 1.6908020141724367
494 3952 -0.9946392456587586 -0.8553548266028344 0.44006042055459216 0.8003207713084245 0.002260610295784315 0.19744508140596786 1.0498565989410706 1.6908020141724367
495 3960 -0.9960523714286609 -0.8855915177491287 0.4830079607642702 0.8430504918644309 0.002260610295784315 0.19744508140596786 1.0498565989410706 1.6908020141724367
496 3968 -0.995340453902428 -0.8608877036831175 0.4778269469101761 0.8102880009714153 0.002260610295784315 0.19744508140596786 1.0498565989410706 1.6908020141724367
497 3976 -0.996006016089931 -0.8693346453284888 0.4597339567006881 0.8236831351283715 0.001753213279067541 0.1628079891114262 1.0737689796795056 1.6794376032478031
498 3984 -0.9961886381597345 -0.8586327557441491 0.43317900387385827 0.8125871175311712 0.001753213279067541 0.1628079891114262 1.0737689796795056 1.6794376032478031
499 3992 -0.996433433404632 -0.8727880294270675 0.45270299912918577 0.8302812786126049 0.001753213279067541 0.1628079891114262 1.0737689796795056 1.6794376032478031
500 4000 -0.996196413963726 -0.8484417498513196 0.40877952065952095 0.8010943479764896 0.001753213279067541 0.1628079891114262 1.0737689796795056 1.6794376032478031
501 4008 -0.9963823576419198 -0.8571936634376768 0.4286978060792714 0.8120305111931251 0.001433894538012847 0.16085240088855945 1.0888286105488205 1.669903202561503
502 4016 -0.9968617458440825 -0.8809504041847073 0.4726239499732177 0.8423312205166166 0.001433894538012847 0.16085240088855945 1.0888286105488205 1.669903202561503
503 4024 -0.9966616894953286 -0.8834677059513935 0.4625295884288023 0.8438513500338758 0.001433894538012847 0.16085240088855945 1.0888286105488205 1.669903202561503
504 4032 -0.9974880350176194 -0.9058240460106393 0.41585495481590173 0.8746837247979818 0.001433894538012847 0.16085240088855945 1.0888286105488205 1.669903202561503
505 4040 -0.9980232544554503 -0.9176279361349384 0.3623549869153142 0.8919228279938565 0.0012523637516553064 0.12767264361683212 1.047292717771648 1.6990809547986223
506 4048 -0.9979197223047295 -0.9150546336695282 0.4161014742882833 0.8883483801016909 0.0012523637516553064 0.12767264361683212 1.047292717771648 1.6990809547986223
507 4056 -0.997396487026948 -0.8786082591880784 0.434889924214975 0.842921892326164 0.0012523637516553064 0.12767264361683212 1.047292717771648 1.6990809547986223
508 4064 -0.9977464457217012 -0.8761864233837559 0.39054117241214037 0.8429099769209885 0.0012523637516553064 0.12767264361683212 1.047292717771648 1.6990809547986223
509 4072 -0.997926068549428 -0.8856626455648682 0.3856459726163804 0.8548323461909643 0.0013377655381451388 0.10606993603452122 1.0751699404180717 1.6830796113893123
510 4080 -0.99787639893418 -0.8860225971300341 0.4278334201639433 0.8547743246531155 0.0013377655381451388 0.10606993603452122 1.0751699404180717 1.6830796113893123
511 4088 -0.9977571616695962 -0.8783763412832079 0.47814578026786786 0.8451458124722155 0.0013377655381451388 0.10606993603452122 1.0751699404180717 1.6830796113893123
512 4096 -0.9981957583483954 -0.9033442429212707 0.4488446344519704 0.8769607130470867 0.0013377655381451388 0.10606993603452122 1.0751699404180717 1.6830796113893123
513 4104 -0.9978832993167803 -0.883959245271933 0.41284634390897684 0.8529664400751987 0.0017485947500113243 0.1121778341129976 1.0724992812005627 1.684386644382576
514 4112 -0.9985474599461612 -0.8961664082888522 0.2955807195013812 0.8718917612376442 0.0017485947500113243 0.1121778341129976 1.0724992812005627 1.684386644382576
515 4120 -0.998461968448157 -0.8915426260173229 0.30750495555153246 0.8659321032997156 0.0017485947500113243 0.1121778341129976 1.0724992812005627 1.684386644382576
516 4128 -0.9981516906835609 -0.864287422927441 0.28991482993990403 0.833056836905596 0.0017485947500113243 0.1121778341129976 1.0724992812005627 1.684386644382576
517 4136 -0.997355321117229 -0.8483371766851292 0.3790520658007526 0.8087032652448114 0.0015681444729320813 0.11230119217037483 1.1023559312858415 1.6649917068619138
518 4144 -0.9970041036347036 -0.8372220787785839 0.4543292156837472 0.793580213305721 0.0015681444729320813 0.11230119217037483 1.1023559312858415 1.6649917068619138
519 4152 -0.9968876844576728 -0.8193711575776733 0.41428735056088334 0.7727776418939485 0.0015681444729320813 0.11230119217037483 1.1023559312858415 1.6649917068619138
520 4160 -0.994930645465476 -0.7657705407211757 0.49843710908062355 0.6988418864906715 0.0015681444729320813 0.11230119217037483 1.1023559312858415 1.6649917068619138
521 4168 -0.9943737303718418 -0.7377397373697322 0.5125737300285499 0.6640365025006508 0.001510075033778107 0.15357076022311517 1.1704622459173621 1.6144447566144753
522 4176 -0.9942545206482488 -0.7034309244704426 0.43892533269484146 0.6253107686127761 0.001510075033778107 0.15357076022311517 1.1704622459173621 1.6144447566144753
523 4184 -0.992232951622803 -0.6517092662258752 0.5161145081753726 0.5544462391041305 0.001510075033778107 0.15357076022311517 1.1704622459173621 1.6144447566144753
524 4192 -0.9921926560451608 -0.6161502419040898 0.5156593098667329 0.5299520993162945 0.001510075033778107 0.15357076022311517 1.1704622459173621 1.6144447566144753
525 4200 -0.9905067870454293 -0.5411623628695741 0.4233547510442751 0.6080638120662509 0.0017920189910563516 0.15759145376672062 1.2660684059496548 1.540205347940244
526 4208 -0.9876844551849294 -0.5399624702417003 0.40393712939927967 0.6603369067220036 0.0017920189910563516 0.15759145376672062 1.2660684059496548 1.540205347940244
527 4216 -0.9888019714425634 -0.5350457961336117 0.40552342434946154 0.6202827957886496 0.0017920189910563516 0.15759145376672062 1.2660684059496548 1.540205347940244
528 4224 -0.9877611842092143 -0.5623689684342457 0.42843435985541684 0.6444604522362655 0.0017920189910563516 0.15759145376672062 1.2660684059496548 1.540205347940244
529 4232 -0.9922514798062274 -0.5595394416507078 0.4540530278056855 0.5198030203985463 0.001611381188191638 0.1258511751635415 1.2347609242875708 1.5682870735337726
530 4240 -0.9919689929455437 -0.5766727571827368 0.4762672670062141 0.5065011016674927 0.001611381188191638 0.1258511751635415 1.2347609242875708 1.5682870735337726
531 4248 -0.991452164259119 -0.6320312248649982 0.5242433210764925 0.5320677132043805 0.001611381188191638 0.1258511751635415 1.2347609242875708 1.5682870735337726
532 4256 -0.9913090989058524 -0.6616960795511017 0.5123660191707194 0.5636021109799789 0.001611381188191638 0.1258511751635415 1.2347609242875708 1.5682870735337726
533 4264 -0.992329817056542 -0.6811911306719766 0.49646672101423484 0.5919078937550176 0.0014166846488053836 0.11066058955163241 1.2022309023631166 1.5944883456230903
534 4272 -0.9911189035533964 -0.674371298932629 0.5151270456502843 0.5775597698022422 0.0014166846488053836 0.11066058955163241 1.2022309023631166 1.5944883456230903
535 4280 -0.989233295629825 -0.6322805463267261 0.5189599142422131 0.6345106524072127 0.0014166846488053836 0.11066058955163241 1.2022309023631166 1.5944883456230903
536 4288 -0.9873392489746022 -0.5620478531643687 0.4356125579485636 0.649185014531297 0.0014166846488053836 0.11066058955163241 1.2022309023631166 1.5944883456230903
537 4296 -0.9908629405479168 -0.5589088764385157 0.4561524777016031 0.5533928904104737 0.001151105378811119 0.15862042601058 1.2458988548859433 1.5564621032336523
538 4304 -0.9900837918851264 -0.5848073829283523 0.4787667129150412 0.5480059773588511 0.001151105378811119 0.15862042601058 1.2458988548859433 1.5564621032336523
539 4312 -0.9930959115979803 -0.6656307502296656 0.4325037186707575 0.5811429901009695 0.001151105378811119 0.15862042601058 1.2458988548859433 1.5564621032336523
540 4320 -0.9944189415342063 -0.6533386388555734 0.5159176034900051 0.5756752105216425 0.001151105378811119 0.15862042601058 1.2458988548859433 1.5564621032336523
541 4328 -0.9938769144148062 -0.6703388216849769 0.45199732611316884 0.5857036104221981 0.0009237980151768236 0.11899532654560473 1.1587746309696867 1.6257553978008494
542 4336 -0.9953690948091846 -0.7190488505673353 0.4756976738858666 0.6502190479775963 0.0009237980151768236 0.11899532654560473 1.1587746309696867 1.6257553978008494
543 4344 -0.9957976935739993 -0.7347318913010247 0.4950764366069988 0.6707395034904187 0.0009237980151768236 0.11899532654560473 1.1587746309696867 1.6257553978008494
544 4352 -0.9957697660782086 -0.7289562263137288 0.5097164652042153 0.664313094735198 0.0009237980151768236 0.11899532654560473 1.1587746309696867 1.6257553978008494
545 4360 -0.9962713819353511 -0.753959753502467 0.5048726321033412 0.6958170453116668 0.0006589641488968549 0.12210008978744052 1.0799253107362015 1.678943851673268
546 4368 -0.996155806635442 -0.7597176591277449 0.4705393257843736 0.7009747292221771 0.0006589641488968549 0.12210008978744052 1.0799253107362015 1.678943851673268
547 4376 -0.9966695524637799 -0.7907433195266177 0.5109888850958041 0.7392849022200291 0.0006589641488968549 0.12210008978744052 1.0799253107362015 1.678943851673268
548 4384 -0.9961180939236126 -0.7584147874381928 0.48372184742010244 0.6992698785584562 0.0006589641488968549 0.12210008978744052 1.0799253107362015 1.678943851673268
549 4392 -0.9969662833339484 -0.7718894843551609 0.5559181603476462 0.7210152200428626 0.0008404880784175098 0.0995192569140505 1.0430939698074893 1.7035404841782655
550 4400 -0.9971862768124942 -0.7401938620423636 0.5590408944855719 0.6888882301553931 0.0008404880784175098 0.0995192569140505 1.0430939698074893 1.7035404841782655
551 4408 -0.9973256311145308 -0.7612297126673141 0.5941272419069674 0.7131206990728749 0.0008404880784175098 0.0995192569140505 1.0430939698074893 1.7035404841782655
552 4416 -0.9975416167007607 -0.7844207178434486 0.5377798550863065 0.7401116981206143 0.0008404880784175098 0.0995192569140505 1.0430939698074893 1.7035404841782655
553 4424 -0.9969579244471151 -0.7770915317965229 0.4320280598543958 0.7266501456502568 0.0007462309857928029 0.09455840473684199 1.0976794075652965 1.669178860829491
554 4432 -0.9981952602786833 -0.857970054815176 0.501232091673256 0.8262336757983861 0.0007462309857928029 0.09455840473684199 1.0976794075652965 1.669178860829491
555 4440 -0.9984121412886805 -0.8603330067203412 0.5701106646577009 0.830858291168712 0.0007462309857928029 0.09455840473684199 1.0976794075652965 1.669178860829491
556 4448 -0.9987851834634485 -0.8730754595015551 0.6493007621989505 0.84855569022775 0.0007462309857928029 0.09455840473684199 1.0976794075652965 1.669178860829491
557 4456 -0.9990066006077518 -0.9100999802330937 0.6661040406191041 0.8911151144819555 0.00048805888724088843 0.06453951917257066 0.8448980875181153 1.8116240321798909
558 4464 -0.9994165049846001 -0.9315873099531894 0.8100829511440873 0.9188558481681024 0.00048805888724088843 0.06453951917257066 0.8448980875181153 1.8116240321798909
559 4472 -0.9995412309344707 -0.9482357834404893 0.8318198648436077 0.938360918728063 0.00048805888724088843 0.06453951917257066 0.8448980875181153 1.8116240321798909
560 4480 -0.9995800232211568 -0.9507925897206374 0.8245144033751215 0.941601124331499 0.00048805888724088843 0.06453951917257066 0.8448980875181153 1.8116240321798909
561 4488 -0.9995148575601648 -0.9447761864991611 0.807166669596428 0.9343719955992915 0.00031317579177945554 0.05314071528747115 0.6633907907982519 1.8860245557743218
562 4496 -0.9996788367051902 -0.9568501163265224 0.8780480061081429 0.9493671339151488 0.00031317579177945554 0.05314071528747115 0.6633907907982519 1.8860245557743218
563 4504 -0.9996954548857437 -0.9587485584807611 0.9046336487873899 0.951582930888015 0.00031317579177945554 0.05314071528747115 0.6633907907982519 1.8860245557743218
564 4512 -0.999688622118273 -0.9569453879045159 0.9046775287704323 0.9495501972879146 0.00031317579177945554 0.05314071528747115 0.6633907907982519 1.8860245557743218
565 4520 -0.9996981064776544 -0.9557793285543491 0.902703819887742 0.9484884490422449 0.0002621442661266433 0.046552734172143964 0.5137278269826121 1.9323344674266938
566 4528 -0.9997497537961498 -0.9644249174782394 0.9127298681054611 0.9584957564331376 0.0002621442661266433 0.046552734172143964 0.5137278269826121 1.9323344674266938
567 4536 -0.9997696820118279 -0.9654154370548991 0.912645079810771 0.959880156604104 0.0002621442661266433 0.046552734172143964 0.5137278269826121 1.9323344674266938
568 4544 -0.9997937811286093 -0.9666214036282377 0.9179666146042417 0.9614508833403512 0.0002621442661266433 0.046552734172143964 0.5137278269826121 1.9323344674266938
569 4552 -0.9998152612964097 -0.968143877013257 0.9177711992353055 0.9633779951925433 0.0002779075155128695 0.041917373170129134 0.46096679254553313 1.9457010234782248
570 4560 -0.9998064576109918 -0.9656123503448948 0.9183330140746235 0.9605154202150077 0.0002779075155128695 0.041917373170129134 0.46096679254553313 1.9457010234782248
571 4568 -0.9998195371777526 -0.9699547278817319 0.9355864122213877 0.9653861471704394 0.0002779075155128695 0.041917373170129134 0.46096679254553313 1.9457010234782248
572 4576 -0.9998360613693319 -0.9731107655262906 0.9457032162339032 0.9689858356846659 0.0002779075155128695 0.041917373170129134 0.46096679254553313 1.9457010234782248
573 4584 -0.9998469884359549 -0.9758912427403659 0.945628440663578 0.9721086993358299 0.00033246818010139337 0.04098049061396925 0.3843429721673331 1.962294822038607
574 4592 -0.9998366768189179 -0.9721541258010002 0.9406541407445959 0.9679562829393801 0.00033246818010139337 0.04098049061396925 0.3843429721673331 1.962294822038607
575 4600 -0.9997873269927274 -0.966248575711887 0.9155116407544364 0.9608908834966758 0.00033246818010139337 0.04098049061396925 0.3843429721673331 1.962294822038607
576 4608 -0.9998358601924733 -0.9735121296347414 0.9279056490232183 0.969347789666856 0.00033246818010139337 0.04098049061396925 0.3843429721673331 1.962294822038607
577 4616 -0.999806818535569 -0.97109111634269 0.9136104762822876 0.9663365414792305 0.0003012039921186319 0.0340132757982674 0.4623674167656163 1.945522906125527
578 4624 -0.999884845171484 -0.9831161559686443 0.959541725059701 0.980317369932033 0.0003012039921186319 0.0340132757982674 0.4623674167656163 1.945522906125527
579 4632 -0.9999127163057723 -0.985711343342887 0.9692300587017555 0.9834736849924464 0.0003012039921186319 0.0340132757982674 0.4623674167656163 1.945522906125527
580 4640 -0.9999304341126752 -0.9899225483070181 0.9793884982709247 0.9882489432590831 0.0003012039921186319 0.0340132757982674 0.4623674167656163 1.945522906125527
581 4648 -0.9999531800415093 -0.9929867509523587 0.9846131539474242 0.9918511898168476 0.00021779936639866712 0.023615973907583684 0.20653349947925337 1.989167200597448
582 4656 -0.99994075213298 -0.9906547540036489 0.9782775769147696 0.9892005623323438 0.00021779936639866712 0.023615973907583684 0.20653349947925337 1.989167200597448
583 4664 -0.9999472790664498 -0.9915680880288041 0.9798078299636773 0.9902534249600563 0.00021779936639866712 0.023615973907583684 0.20653349947925337 1.989167200597448
584 4672 -0.9999565380742118 -0.9934001400649248 0.9855796344656341 0.9923424187941724 0.00021779936639866712 0.023615973907583684 0.20653349947925337 1.989167200597448
585 4680 -0.9999606437568677 -0.9937036855576833 0.9860506952505108 0.9927321387250747 0.0002002205401630307 0.024281257387865327 0.19600612148066782 1.9902241031586128
