% # columns="iter, evals, sigma, 0, fitness, xbest" seed=716838, Mon Apr 11 03:56:09 2022, <python>{}</python>
1 8 0.8812008707071748 0 380.0 -0.22906719786751473 1.2442969247244382 11.739252484409427 99.91656283721902
2 16 0.7093510768959869 0 343.0 0.6721387310736607 0.804008772472514 10.795579470193973 100.25099588019644
3 24 0.8161240755211181 0 359.0 -0.32295567363387034 2.2626911193943355 11.015267456967827 100.6483501120641
4 32 0.7318827758412519 0 364.0 0.009593574018222306 1.1434165426224014 9.983786504720698 100.16199754838306
5 40 0.6183572043445376 0 368.0 0.07632601960891927 1.5466065271795029 11.034043117822721 99.84559711405876
6 48 0.5762101842909284 0 394.0 -0.4585250614915096 1.9008367353129156 11.073506538627697 100.5997452816007
7 56 0.49169468899235147 0 354.0 -0.29504355515854086 1.741232293682499 10.855570572711551 100.15979536510265
8 64 0.42635002250024073 0 382.0 -0.3965445726074285 1.9703087455912889 11.152361506957856 100.24934463218416
9 72 0.33677163418041195 0 379.0 -0.19029483555663324 1.4102137481115211 10.847953328568483 100.10743323977412
10 80 0.27928156628510115 0 376.0 0.10449960958262511 1.431182418568042 11.153344605211213 99.93440782374549
11 88 0.28564172268828303 0 344.0 -0.19001358395366563 1.4186827219274991 11.040064677529326 100.43718880708978
12 96 0.3486813491721588 0 360.0 0.28448817965496903 1.2723657506341701 10.760853050661343 100.2532120622702
13 104 0.38449890780586066 0 358.0 1.0173915762653356 1.0115758441897584 10.888330334953364 99.93778586420872
14 112 0.370760786375049 0 367.0 0.3634351689779205 1.2775713396102064 10.855951354753657 99.85191274134725
15 120 0.3699304427122369 0 343.0 0.9067512444032513 1.1843435398319733 11.019933818842317 99.9817969065936
16 128 0.406247158610592 0 387.0 1.256434998686656 1.1265680937559746 11.035136989378017 99.78188764084823
17 136 0.36950705311907056 0 352.0 0.10400241930528054 1.6806427899329424 11.29580196620824 100.2236062072683
18 144 0.3697242196345246 0 371.0 0.5677891268597289 1.4421305452190551 10.763801848356943 99.88542196320421
19 152 0.4676514104673804 0 374.0 1.5823602243354329 1.3344376075421314 10.815838938329273 99.8358326349393
20 160 0.6262754833037808 0 361.0 1.5565309200549424 1.3674077367270572 9.975608990712832 100.39510255084465
21 168 0.7684275977104871 0 329.0 2.541248466818439 0.8974596048353909 9.86188824235554 99.9398015153082
22 176 1.0365433159277482 0 306.0 2.4907690784652092 -0.06631314343484918 8.126114546782896 100.11218282698006
23 184 1.1186881792567798 0 336.0 4.399889360159561 0.5493106897881299 10.586463757174661 99.30955272173509
24 192 1.0805285921658552 0 389.0 1.4690309960568464 0.5728555818261253 12.013998747295238 98.68620610378052
25 200 0.900315446142809 0 349.0 1.5760490158948803 0.9939597684724755 11.575725880814277 99.36744535773309
26 208 0.8368927580519968 0 401.0 1.217219676158118 0.7979208316357626 10.248236813207905 99.61464675309722
27 216 0.815578372532902 0 336.0 1.0782334554330124 0.6129826657629349 9.528270959366063 99.62224666769596
28 224 0.8167458556878349 0 354.0 -0.4820501212407733 1.1191180497507167 9.338549674093262 100.03393442527452
29 232 0.8336199397698171 0 338.0 -0.6594160895059533 0.8178985633036313 9.396156189318978 99.51371933241003
30 240 0.7401262371707591 0 365.0 -0.10028989957838386 0.9302526306588352 9.786272942551971 99.79147718722675
31 248 0.7368675604871764 0 373.0 -1.6571527232560315 1.1940250905465617 10.267281344152028 99.73864490819511
32 256 0.7584954610632224 0 352.0 -1.1919454284134705 0.5125496960785851 9.223568265781239 99.29534657893
33 264 0.7090468666084412 0 279.0 -1.0509211323582344 0.7309542866263218 8.679830134473633 99.9136888708944
34 272 0.7554231887303052 0 350.0 -0.5510180119012832 0.6275063391379823 9.262029189038728 99.45974552974423
35 280 0.7115568468467359 0 367.0 0.5730545703753305 0.6447958329177255 9.159143214939503 99.34069096814046
36 288 0.6218066886182084 0 355.0 -0.4913838215576945 0.6719451565242927 9.412885680928737 99.47722202344944
37 296 0.5226902274794204 0 361.0 -0.20979900854064126 0.8073636465182384 9.870627466200043 99.38001262352496
38 304 0.5285071399626459 0 350.0 0.7173559176605177 0.748879547123271 9.237498805755894 99.47568837868477
39 312 0.5250987936368378 0 348.0 0.5437064869017426 0.7952165531086836 9.061459372090237 99.71143006075009
40 320 0.49091302977038415 0 350.0 1.4464234968235978 0.7199544860191115 9.127099112799224 99.49081465812492
41 328 0.4597793364374741 0 371.0 0.6829690937700024 0.6786884816258416 9.778148275575685 99.257458928058
42 336 0.47826243701957827 0 349.0 1.4425853149321863 0.45579215923635924 8.51871500668387 99.49042481712577
43 344 0.4121665782486087 0 333.0 0.22842113431416622 0.7111508778247616 9.411260776175958 99.43696259081865
44 352 0.44508112290082896 0 377.0 -0.15917417906757736 0.6469864192672237 8.957570052217124 99.54880067447282
45 360 0.42841320586442955 0 365.0 0.147734806014131 0.6124574549999623 8.860272756443015 99.59539082848569
46 368 0.3865466423341206 0 365.0 0.731648570340218 0.5989891664971242 9.167213216806948 99.42129001223236
47 376 0.4006648940738815 0 356.0 0.5549882507822204 0.5010750806078555 9.046693857764534 99.44088187474281
48 384 0.35527116206014886 0 374.0 0.26753007213811497 0.6190412527182833 8.861609508198033 99.55954675539559
49 392 0.3167032508988924 0 353.0 -0.21569525715681603 0.6054881345599199 8.64540453785435 99.64491021411634
50 400 0.2819705770075839 0 379.0 0.3846697904987568 0.5820459692755628 8.55028594591749 99.60548901558624
51 408 0.24384704439650373 0 335.0 0.4365234825571325 0.5901721837145214 8.906053396952249 99.504920982902
52 416 0.2671892884506261 0 313.0 0.6957094193933167 0.6416093901025488 9.020979093317214 99.45109769352723
53 424 0.2664611010581176 0 323.0 0.6605934654148763 0.5043545520140114 8.47647957587826 99.57853351326517
54 432 0.2172473344305063 0 327.0 0.6136097301743946 0.5278001296124004 8.57159570803802 99.5540711499455
55 440 0.177821450955926 0 350.0 0.5508577878495551 0.6355349589939676 9.008797127948444 99.46826274437691
56 448 0.1600882733199275 0 360.0 0.40689339294751364 0.6388192601225767 8.98340133819876 99.51105882647202
57 456 0.1487934242259522 0 381.0 0.5355674196335545 0.5740384140330983 8.803914375070526 99.51172040322656
58 464 0.13523407401905968 0 337.0 0.33753767758007475 0.5736839850174158 8.647741843129857 99.58450692653524
59 472 0.1642237179453312 0 338.0 0.6401206861150348 0.5976662707666283 8.76831744027203 99.50603256696141
60 480 0.15252565686789926 0 352.0 0.43445110004371446 0.6031637440925276 8.796713444351562 99.5434763878839
61 488 0.14402356431561122 0 317.0 0.6726975639193791 0.5470149055234628 8.651151185447087 99.55776210970146
62 496 0.12618413467230172 0 355.0 0.6171233053245728 0.5791960736083847 8.70419976994103 99.52411589667432
63 504 0.15262261789091036 0 371.0 0.6630637876845006 0.6319965535660148 8.95184514347735 99.46916288445243
64 512 0.19956841602664063 0 345.0 0.7635895718482223 0.6716033754753485 9.119276344157358 99.41747675678936
65 520 0.2243645262489652 0 316.0 0.6541058917450238 0.686857983470548 9.174835462117148 99.40482041721893
66 528 0.2680266468487595 0 376.0 0.5595148609944843 0.7341796943416508 9.42892619927215 99.33676355566324
67 536 0.2637414343035578 0 327.0 0.6301954100051719 0.6683743590411405 9.062411982846744 99.40301225771479
68 544 0.2389374855736967 0 379.0 0.34846764350175163 0.6602726385376205 9.083206024885085 99.45472157446291
69 552 0.25887697931345305 0 381.0 0.061641005947593364 0.6067400409151098 8.77039520469785 99.56418659483087
70 560 0.26810426668791343 0 360.0 0.39242497530955095 0.6889803116272323 9.314572119587174 99.3740001631893
71 568 0.26040271366562456 0 330.0 0.3948579789008039 0.6351623033615517 9.090077284662899 99.42349144036844
72 576 0.2806430958057705 0 341.0 0.2054139067903233 0.6989594490369883 9.420146229217915 99.40189357580331
73 584 0.2998600456945657 0 366.0 0.48854270526916055 0.620355312009362 9.203435696189825 99.35735791999531
74 592 0.33845512673119127 0 338.0 0.7468813849100314 0.6521768414013681 9.29303970120672 99.29015305011086
75 600 0.35522339246129936 0 377.0 0.6146257013180266 0.5893131386929845 8.957448490870195 99.40033328504722
76 608 0.3986904197981011 0 373.0 1.2189542338619974 0.5736320947973016 8.985925089129903 99.33152227139506
77 616 0.411963942698194 0 359.0 1.1483215481705056 0.49169723166291307 8.668978621604056 99.402716674078
78 624 0.41117677799795826 0 367.0 0.9833790179773689 0.5239224455688194 8.687741311709607 99.44399638526109
79 632 0.42426562268559165 0 353.0 1.088078163125491 0.4907743487411085 8.660098206186 99.48326073535449
80 640 0.42677930795580515 0 356.0 1.366263716570608 0.4930574148643302 8.725558960747493 99.39807564773992
81 648 0.4108640983634041 0 337.0 1.3419919766956505 0.6418765036320427 9.195118558638804 99.30963588153163
82 656 0.35172879812128577 0 329.0 1.122694790379852 0.5327644741805291 8.688467683321491 99.48006459144584
83 664 0.3897213600548917 0 364.0 1.2769266602644582 0.5985830900993968 8.838845028726956 99.42082195069622
84 672 0.3608716222135957 0 319.0 1.3557124009503672 0.4863187325431033 8.47410211707723 99.48718384784299
85 680 0.3844319423805282 0 326.0 1.5335073162977249 0.4851586118569805 8.387008884146692 99.50179182366632
86 688 0.35950464380361213 0 312.0 1.5308348193094758 0.5248445573645882 8.475039765655115 99.50485661023964
87 696 0.3367273525850139 0 354.0 1.768694432209663 0.47015917563620147 8.459972000746491 99.43115340083982
88 704 0.29859484002822795 0 371.0 1.8513587260684654 0.46766703498329165 8.360910744506574 99.46720328636967
89 712 0.28014781171060243 0 332.0 1.8590043430329173 0.45453781773210367 8.396222712564029 99.46713023914694
90 720 0.27043784964231077 0 321.0 1.6059538771060893 0.5387892783784368 8.733304369971423 99.39543537183341
91 728 0.2845093338263094 0 344.0 1.7712936136231034 0.5079751686891458 8.574729937093934 99.41458320639641
92 736 0.3136756863470132 0 364.0 1.808564892718462 0.4947562816553255 8.586884386291809 99.37398085719151
93 744 0.3383518849677999 0 346.0 1.6421004332443707 0.5168324708472422 8.775203575910798 99.34685247156783
94 752 0.259114153577262 0 356.0 1.7932685096697356 0.5018786863066598 8.593331586486627 99.39597128171667
95 760 0.23368490363041247 0 335.0 1.735827275292445 0.45565097374183106 8.503502622819397 99.41403256975903
96 768 0.20109044305300106 0 330.0 1.6018321407085245 0.5062292051226069 8.613068465673809 99.41658498731658
97 776 0.1873679671667327 0 368.0 1.6257834809749623 0.4968004150161208 8.619132559305516 99.39341883051645
98 784 0.176271962673696 0 378.0 1.704020844494759 0.4660214848308369 8.441734755387614 99.43682128686478
99 792 0.19835675838362365 0 352.0 1.7078384454326063 0.5073562682793512 8.576363259727 99.3934612844345
100 800 0.21307607728538522 0 360.0 1.6671690457289188 0.5019277737010324 8.490542244262558 99.43508447873582
101 808 0.21454685923183564 0 293.0 1.6955165791258702 0.47423590153657413 8.3908031065466 99.45627486008213
102 816 0.21911166810205254 0 346.0 1.5047189493392084 0.48850616174447853 8.38013880329618 99.48432840183315
103 824 0.28246972896741174 0 370.0 1.4236260963773328 0.5069808978590078 8.364818136402722 99.50590475107748
104 832 0.33083316629836285 0 361.0 1.5375462266671638 0.5125273193991249 8.416303542902806 99.45994333870294
105 840 0.35107166048506655 0 357.0 1.633425349277994 0.5014642759847446 8.353270876753887 99.46268338410013
106 848 0.293815817761712 0 360.0 1.6520144514211448 0.48530327887836394 8.337069876531924 99.47705201293824
107 856 0.2720045631119249 0 325.0 1.535089793043651 0.506284903477405 8.430019217326016 99.46882378458496
108 864 0.2902321829424273 0 332.0 1.6891928914123358 0.4885263139554093 8.4859672190651 99.43553482417168
109 872 0.27775813553777645 0 383.0 1.455713862066615 0.5159965649267502 8.49714992065797 99.45500039567834
110 880 0.32447700977683896 0 343.0 1.6059044731567604 0.5119390663572572 8.523250722189383 99.45373504402855
111 888 0.3711264642233475 0 326.0 1.5855128232330074 0.5479209346808283 8.761914315296492 99.38204349248032
112 896 0.3802843753701566 0 335.0 1.509330277263993 0.5410478419954461 8.612699467284385 99.42491825577503
113 904 0.4205738227060665 0 338.0 1.3975083016674543 0.5793367350294866 8.828772579029161 99.34745607751829
114 912 0.42556861024254705 0 364.0 1.5367218592061758 0.5430197212386975 8.743739306530042 99.36203807018498
115 920 0.5371859860303717 0 331.0 1.3368324169134755 0.607350422657195 8.873098252488266 99.31877465768606
116 928 0.5430544092587837 0 358.0 1.313840377249711 0.5868262781724543 8.63699083703446 99.39554470660683
117 936 0.4981311079432146 0 375.0 1.4989562838537847 0.5719647387713448 8.597921293900736 99.38332891269964
118 944 0.45812745177332226 0 370.0 1.4613770905529375 0.518892841547499 8.49009548096457 99.44340824458696
119 952 0.434713712352353 0 380.0 1.5714962826450836 0.4885921394880711 8.584782085284221 99.40257241041016
120 960 0.39857895619485517 0 344.0 1.4440654167128986 0.5533639513912448 8.724187375976475 99.3649021940716
121 968 0.36300117931211356 0 365.0 1.5192242871720854 0.5139150302062631 8.602528081803726 99.41881006845084
122 976 0.36286757564570615 0 318.0 1.6432240451025557 0.5235314879403595 8.776225041441927 99.33330450985146
123 984 0.31424087083096885 0 352.0 1.6020911324782008 0.5133998581832668 8.709965439626279 99.3649445870331
124 992 0.2866656387948832 0 362.0 1.600257658658633 0.5190980361618915 8.742076515648776 99.36599645109443
125 1000 0.25118240971363137 0 366.0 1.5536445403261983 0.5445409381069973 8.796276615125754 99.3393379527993
126 1008 0.24947866498644455 0 355.0 1.6107520324248359 0.5440762348333873 8.798829766947577 99.34009052190314
127 1016 0.24847043906792293 0 333.0 1.5651721063619888 0.5549144560900564 8.75412604766057 99.35661453591216
128 1024 0.2912488468217985 0 335.0 1.6322079967243124 0.5647875275593947 8.849415900722382 99.3140374540469
129 1032 0.27135075859576196 0 373.0 1.6040217006882613 0.5635539577036179 8.851627298492055 99.3227887153303
130 1040 0.23131695616095405 0 369.0 1.535044373815809 0.5368860688260387 8.750975437913533 99.36049983003541
131 1048 0.26179577458389486 0 342.0 1.4793114015178284 0.5490576756618576 8.772103038550277 99.35679672129055
132 1056 0.2635377210431645 0 349.0 1.5389060808761978 0.5624110898232862 8.799140178725915 99.33011881780932
133 1064 0.32032000205022554 0 361.0 1.4683692085252547 0.5723565875389646 8.860955235061496 99.3279674464397
134 1072 0.3242644316271337 0 339.0 1.4295065417353727 0.559643932589764 8.747687327300252 99.37239544705106
135 1080 0.3207162393370653 0 349.0 1.4330840104103904 0.5574942679662152 8.784100577504013 99.370853164744
136 1088 0.3026544395362141 0 343.0 1.3887221449384666 0.5605957130647641 8.754866667514301 99.35281422105886
137 1096 0.28146135237474484 0 374.0 1.4788219939902656 0.5498858793922321 8.820299453734384 99.3643168013605
138 1104 0.2495320665739875 0 369.0 1.4475333865302549 0.563562262410465 8.810931876900845 99.35271407882372
139 1112 0.19012709783853435 0 341.0 1.4672836074866435 0.5597827263658275 8.793307440331429 99.36067701190304
140 1120 0.164926777274719 0 338.0 1.4375633468507132 0.5567966949709763 8.746885435494187 99.36438249785944
141 1128 0.14202261833958235 0 353.0 1.4359006454521628 0.5658722424395531 8.794356158333722 99.35085107139717
142 1136 0.14990883973161712 0 387.0 1.4252554209470873 0.5574596557667579 8.739690301415981 99.36958787719065
143 1144 0.13495645960293956 0 352.0 1.416681574036068 0.5631212542152308 8.785926619731173 99.36833805549043
144 1152 0.1443051224660725 0 367.0 1.4122465780762499 0.5536724876749829 8.765427892526157 99.3758417734725
145 1160 0.17100369744256091 0 357.0 1.401094857393213 0.554973679244743 8.728625644922396 99.3767356177895
146 1168 0.20734059828728424 0 352.0 1.4042056016030078 0.548376173429725 8.701398472672553 99.39945197356874
147 1176 0.1643577427965562 0 364.0 1.4294137712033916 0.5513915877804272 8.746355037019356 99.37605478317863
148 1184 0.14185763456973494 0 342.0 1.4100256076775703 0.5545972450030252 8.72691344683426 99.37467059856067
149 1192 0.13155750990697035 0 366.0 1.4228701858122814 0.5501508129276398 8.731801263559655 99.38181607915018
150 1200 0.11788820352511366 0 372.0 1.420761324397097 0.5551672911079487 8.74787464545776 99.37727276536238
151 1208 0.13128957341479927 0 350.0 1.4520956290773472 0.5508862466337301 8.749000125070111 99.37888826272143
152 1216 0.12370078123624491 0 354.0 1.4374745603663064 0.5602687565334316 8.789250075963555 99.36494355225533
153 1224 0.1406480505534978 0 354.0 1.4639594151495372 0.5545562925906752 8.801416037573157 99.36761562186511
154 1232 0.1356378658306901 0 360.0 1.4640131849289701 0.5486429267285704 8.760936769011273 99.37863815863025
155 1240 0.1193045000250838 0 320.0 1.4703836537468666 0.5476212630351237 8.770080231040843 99.37924177113815
156 1248 0.10443454319359385 0 366.0 1.4514979279041451 0.5502557383369714 8.749753428919368 99.37948204860027
157 1256 0.09834595578811386 0 365.0 1.464708941275977 0.5484585080670811 8.763194506830574 99.37860748030789
158 1264 0.09864094123172785 0 357.0 1.4468355154496 0.550754079382166 8.759933725001902 99.38162127318233
159 1272 0.08986002902456294 0 323.0 1.454875664755432 0.5526786226811097 8.777918335564316 99.37737712138475
160 1280 0.07999149641936831 0 325.0 1.4487158595851806 0.5537095028473732 8.76875857107642 99.37497997176274
161 1288 0.09244664263149162 0 365.0 1.4509581177291162 0.5547795626311092 8.786196741387128 99.3733762786013
162 1296 0.08259376210190005 0 326.0 1.4509133391480193 0.5503765953397903 8.76533402238442 99.37959283480767
163 1304 0.08600501420049102 0 333.0 1.4351669537359173 0.5510977500521311 8.76339981124102 99.38295810254517
164 1312 0.09166560727351397 0 355.0 1.4381347876862915 0.5559621153350693 8.784025901280442 99.37695803996716
165 1320 0.09475448191195505 0 372.0 1.4525150729305805 0.5559027819847041 8.791927202006477 99.37512043650634
166 1328 0.10912687379097857 0 344.0 1.417476515838336 0.5591925182036768 8.7925864330961 99.37720493738095
167 1336 0.09271175808106136 0 327.0 1.4517946611206687 0.5535647278206971 8.783187785650357 99.37701825249313
168 1344 0.08008644075787824 0 365.0 1.4409402506423596 0.5526580890812403 8.772652186927582 99.38015179948323
169 1352 0.06745239285712555 0 329.0 1.4337611017936698 0.5572104615499965 8.782848359188803 99.37425624694225
170 1360 0.06492827066301436 0 346.0 1.4287601778259376 0.5559175195376499 8.777343576505315 99.37856394920922
171 1368 0.06814838114145189 0 335.0 1.4318626302506097 0.5534337144851074 8.765202031671318 99.38233597203957
172 1376 0.057212707639856 0 329.0 1.4391407816765283 0.5529499874628835 8.76898047462802 99.3803353450767
173 1384 0.06838536507722412 0 375.0 1.4358318372384602 0.5507276437665556 8.765216089901301 99.38588460779826
174 1392 0.08649092190612519 0 348.0 1.44594781437348 0.5495001803456624 8.763361849085026 99.38450815211749
175 1400 0.10331608992020018 0 384.0 1.4509059245308704 0.5499092326290747 8.770380356587232 99.38257231631292
176 1408 0.10132184190583066 0 321.0 1.4465543159422611 0.5491490351221475 8.77372144213553 99.38387759948532
177 1416 0.0937454701913859 0 360.0 1.4353378119387925 0.5537394442361632 8.77124520837058 99.37980388499915
178 1424 0.07865963100174024 0 356.0 1.451571506646472 0.547419795159678 8.769220610489295 99.38624669126578
179 1432 0.07393679306281237 0 361.0 1.4390712433991892 0.5507043553817618 8.772989813312911 99.38408042094625
180 1440 0.07182711486745434 0 332.0 1.441080047095328 0.5483791150138251 8.764276203746324 99.38661787935516
181 1448 0.06999052057012818 0 334.0 1.4376724732555235 0.5491188722794798 8.760720424212485 99.3858096300378
182 1456 0.0835178635756637 0 369.0 1.4306416265020268 0.5503859371482482 8.760893963888273 99.38555194288267
183 1464 0.0760630806930291 0 356.0 1.4387044104337086 0.5501577362740129 8.76628217095303 99.38423686129954
184 1472 0.06301789386891009 0 344.0 1.438823428998997 0.5495822378965878 8.76386372950379 99.3842400254387
185 1480 0.06393457202076402 0 371.0 1.4322989778388122 0.5520262695520551 8.763160334520208 99.38168311022885
186 1488 0.07704927914975732 0 368.0 1.4328568711479386 0.5513966425537462 8.755498589565896 99.38118946221573
187 1496 0.06946986443179437 0 372.0 1.4304216904331641 0.5533059097006624 8.765310494359145 99.38034806650694
188 1504 0.08201794297433501 0 364.0 1.426282787454455 0.5530510256994486 8.755260434057954 99.38091690363096
189 1512 0.09855902233769459 0 367.0 1.4172285748225417 0.5568641575979889 8.76097856573625 99.37762129302509
190 1520 0.10917252362573295 0 316.0 1.4179909829676718 0.5569862791145038 8.77162237855635 99.37807945256837
191 1528 0.09358543894985989 0 363.0 1.4363690857654476 0.5494990894407837 8.750609815437077 99.38308554929745
192 1536 0.10278517921521393 0 308.0 1.4178826997025062 0.5527899389978562 8.742913173899355 99.38256340897341
193 1544 0.09745466158926029 0 335.0 1.4229989472422873 0.5518243758311552 8.746276920872054 99.38195695769396
194 1552 0.10296243851892597 0 364.0 1.416498320791977 0.5531699323556893 8.743789977650437 99.38154667904622
195 1560 0.12805611994179328 0 334.0 1.4137092799414621 0.551342822682525 8.741351649312618 99.38534181532454
196 1568 0.12217971120582606 0 344.0 1.4279120526996545 0.5526234503846479 8.759063756401448 99.38119371891416
197 1576 0.09670284240551534 0 359.0 1.4200594048836468 0.5522589905372873 8.74488695610511 99.38246289494458
198 1584 0.11355446365596167 0 363.0 1.4211687560163175 0.552185640697635 8.758579752943405 99.3815181641035
199 1592 0.14319084403795482 0 375.0 1.4190067254978262 0.5553383400439087 8.771704384299118 99.37829145194189
200 1600 0.14419591116606845 0 326.0 1.4073982374047995 0.5564609694541499 8.764157772065655 99.37894390049576
201 1608 0.14550584073670209 0 340.0 1.42626058107874 0.5517100048195169 8.751356106409107 99.37816229968325
202 1616 0.16573203616352458 0 328.0 1.4158841756446776 0.5500125476178039 8.726997141256478 99.38341039967376
203 1624 0.14990633686404484 0 365.0 1.4151872969860682 0.5523308711794841 8.739324304829685 99.37802646280048
204 1632 0.11653341779971191 0 336.0 1.4176173116305657 0.5522940226645077 8.745390617599458 99.38017423761558
205 1640 0.12058971471281572 0 346.0 1.4186720565928446 0.5528115842586027 8.755077822873815 99.37931354416904
206 1648 0.14141580576013987 0 371.0 1.4102164944478073 0.5549214565277447 8.745998612169094 99.37842007853713
207 1656 0.14711502795777587 0 331.0 1.4122294941645979 0.5552356800159706 8.752492818618004 99.37901524711934
208 1664 0.1439204085981427 0 369.0 1.418979453931635 0.5519967426676587 8.735528426631708 99.38019326131557
209 1672 0.1341562486719465 0 352.0 1.4133000024228803 0.5564854901207417 8.76385429734348 99.37722805539484
210 1680 0.12483340504129488 0 383.0 1.4263873652863945 0.550598734767616 8.746135538376873 99.38163746401868
211 1688 0.14145018918792504 0 372.0 1.406116933454372 0.5593857128068433 8.768555884531695 99.37387457746681
212 1696 0.1512205688325984 0 368.0 1.4129226663403043 0.5555349584598807 8.746993136951993 99.376827577356
213 1704 0.19517471356837401 0 390.0 1.4062033639210196 0.5600746847110046 8.749188003876068 99.371494604359
214 1712 0.2623447236348705 0 323.0 1.4026087896366237 0.5652823596852121 8.773645316720463 99.36394062136439
215 1720 0.2422289151526083 0 350.0 1.3803503206773884 0.5620074448582137 8.725271458313372 99.37226813637909
216 1728 0.24454373719341926 0 347.0 1.4177817800868342 0.5489906459722357 8.708577268143566 99.38337206349793
217 1736 0.2597117379213795 0 348.0 1.4324759128574658 0.5428343403609251 8.688782423868231 99.38805529935982
218 1744 0.26023392473286466 0 319.0 1.3844954587842546 0.5477558921124397 8.638689429266224 99.38617234627678
219 1752 0.279393112454233 0 346.0 1.386593207223205 0.5518014363689953 8.671482642423255 99.38094582909257
220 1760 0.2927534347062108 0 362.0 1.3934691023650305 0.5444978536443842 8.645695288630188 99.39199716744082
221 1768 0.33531093214455504 0 375.0 1.4145367915945983 0.5449638614375882 8.669920136876126 99.3882125040638
222 1776 0.427835684338575 0 353.0 1.4109327983778948 0.5257572812827102 8.534060258132044 99.41132054802583
223 1784 0.4517915214346096 0 349.0 1.4029796046320873 0.5413008984575043 8.67825351796116 99.3985536098595
224 1792 0.48075535402834246 0 343.0 1.360734900235764 0.5407606642984469 8.582265199206063 99.40484193301702
225 1800 0.5905530791193244 0 355.0 1.3566826661096556 0.5591621231715531 8.703278451067241 99.38596853493942
226 1808 0.6172920788658305 0 338.0 1.3057089654420562 0.557798350359825 8.58630832673688 99.38958504973026
227 1816 0.5854702580403919 0 352.0 1.3607114669040912 0.5626198269960271 8.729659522035513 99.37495537003647
228 1824 0.6152999166004979 0 341.0 1.4258690523244173 0.5534968072098143 8.762629836053115 99.3782855299378
229 1832 0.6951217609458091 0 340.0 1.404277139012974 0.5629099475757845 8.72319865064837 99.35943462553097
230 1840 0.601900544198751 0 367.0 1.3979970774986203 0.5542314413631126 8.656248256634973 99.37402968737851
231 1848 0.5797141222486004 0 355.0 1.3547488702424388 0.559284149392945 8.645522927066288 99.37310644792544
232 1856 0.5592409867005945 0 330.0 1.34022819518545 0.5588304471668976 8.614843264827527 99.37363739040643
233 1864 0.6250960060478326 0 347.0 1.3453813000169423 0.544583989888277 8.548466953865853 99.39275472425767
234 1872 0.5875031102733317 0 378.0 1.3555118391347112 0.5442327095650978 8.544925395687647 99.38811721086596
235 1880 0.6383769049640992 0 366.0 1.3572308535660862 0.5366111404768785 8.489600607753976 99.3935832752451
236 1888 0.6073495150940308 0 331.0 1.3487487235949167 0.5498240275645375 8.594833897570284 99.38430204440752
237 1896 0.5768932437447216 0 378.0 1.3006767039062834 0.5588476796592147 8.560368631145725 99.37836885638157
238 1904 0.5606865951327289 0 342.0 1.3520154044359045 0.564505701811787 8.66810699787697 99.36752261542124
239 1912 0.5255020599158159 0 334.0 1.3453758796905184 0.5551344932240337 8.575271770947305 99.37336263183579
240 1920 0.49774432775041594 0 376.0 1.3287603116796098 0.5680752932649852 8.679140328996013 99.3674676484397
241 1928 0.5371157545320472 0 349.0 1.3212694064460042 0.559310496191068 8.622902447005341 99.379412181161
242 1936 0.46934728114724317 0 335.0 1.3386562823722172 0.5556062601125825 8.635148957501427 99.38263485514942
243 1944 0.4388392081171145 0 317.0 1.3442704325439505 0.5542387395989532 8.609687302846616 99.37936325591215
244 1952 0.4122038488659775 0 349.0 1.3074211467725387 0.5596135764679527 8.610816000411111 99.38150068884694
245 1960 0.3721890853801489 0 334.0 1.3199314161354576 0.550978559587737 8.571127874948532 99.38782428858542
246 1968 0.4323479104303449 0 355.0 1.3237790882877012 0.5555694790572383 8.641237795981873 99.38596939892264
247 1976 0.4443080847843092 0 365.0 1.3093060421817109 0.5471750334905348 8.542646268339997 99.3955028060705
248 1984 0.523068651807833 0 328.0 1.354648268784703 0.5466314643742246 8.642089931796 99.3937551731143
249 1992 0.4981793126861903 0 357.0 1.3552560835230638 0.5453630341365877 8.611456942818526 99.39322896011834
250 2000 0.4783308963464274 0 336.0 1.3213024854564632 0.544926397182401 8.578750487647074 99.39786910419669
251 2008 0.5841252113679744 0 377.0 1.2689071630458217 0.5499458786243712 8.518030839146697 99.39780947460203
252 2016 0.6896210631144277 0 373.0 1.279866671423056 0.5533899753332139 8.50833283295868 99.38874747754507
253 2024 0.8358751410478559 0 321.0 1.2527202639934534 0.5552344624135004 8.460426102421778 99.38754904136371
254 2032 0.8016856881221965 0 397.0 1.284562617396057 0.5421834564142343 8.470438700155311 99.40241416636587
255 2040 1.093233859388699 0 363.0 1.174651735603396 0.5364795016631388 8.256846663630428 99.4207077861641
256 2048 1.0125905298558011 0 350.0 1.3136733816522863 0.5293598930451762 8.45942162689192 99.4158782307901
257 2056 1.1068682696545042 0 348.0 1.199074599885648 0.5562769431578549 8.283903733566437 99.38613712061945
258 2064 1.1675047828785554 0 366.0 1.0821858294002873 0.5733857416681819 8.223843636132507 99.38277422073354
259 2072 1.2234572689003385 0 337.0 1.1849663941933515 0.546841417748715 8.283241478254439 99.40569655345561
260 2080 1.1198027898778262 0 362.0 1.2459922654695361 0.538453130078332 8.340586030222198 99.40561447821372
261 2088 1.0198669642123122 0 361.0 1.1779796016610202 0.5530143774924174 8.35051665032785 99.40295606650763
262 2096 1.1889493336287416 0 360.0 1.0490548425170014 0.5564931770305248 8.212035401986686 99.41898882491282
263 2104 1.3314849251166463 0 363.0 1.0248025787694688 0.5655189952678618 8.184494633482823 99.40873441718671
264 2112 1.2745509734669502 0 366.0 1.008591096039688 0.5488189693963703 8.061122155834262 99.42864931444396
265 2120 1.2298325912318764 0 323.0 1.1093269869868778 0.5367948960031954 8.134168360994654 99.42654298417261
266 2128 1.233854271953184 0 338.0 0.97038989727198 0.5431379463489959 7.932619291481865 99.43595577825354
267 2136 1.214156014245898 0 355.0 1.1626211619290157 0.5072269919673801 8.155790694902747 99.46312277201396
268 2144 1.080409012680676 0 340.0 1.0393850143442969 0.5311456258122355 8.031794398509982 99.44515974540427
269 2152 1.0018420684675464 0 363.0 0.9715155787481394 0.5392673388285188 8.0009545586895 99.44634872618384
270 2160 1.0347055105510634 0 335.0 0.9315469500516472 0.5573056552094068 8.00153575424049 99.42977593872901
271 2168 0.9981214248379299 0 351.0 1.041895508094711 0.532181803316865 8.118362132112452 99.45047333443948
272 2176 1.1010792594199124 0 364.0 0.9817356847929584 0.5441745839167055 8.0501190190612 99.44013857076197
273 2184 1.304208119997489 0 363.0 1.0406093307613942 0.5516308044931858 8.214380376760577 99.42944171729762
274 2192 1.2266735051667677 0 372.0 1.0636166391461193 0.521286058209336 8.053157151447998 99.45612463670949
275 2200 1.1601748613700094 0 366.0 1.0462344210818715 0.5409570603966424 8.158632473220381 99.43796275463775
276 2208 1.057288046482366 0 313.0 1.0946535402995237 0.5295569037524176 8.116662072312954 99.44039476746126
277 2216 1.0147029845846685 0 362.0 1.0525622187240675 0.5347440379453217 8.151270077488826 99.4468336408461
278 2224 1.010179215415759 0 305.0 1.0387816639941099 0.537924865485431 8.131455654676536 99.44408620111093
279 2232 1.116647784590363 0 362.0 0.9679370971249872 0.5560932296846364 8.073940600150488 99.42911323272152
280 2240 1.1711568430181047 0 356.0 1.0263077878499225 0.551404156094369 8.155624904688136 99.42967626261434
281 2248 1.0788086446431546 0 323.0 0.9760462973105799 0.5358716412109079 7.995766623655533 99.45073735289851
282 2256 0.9581545313977413 0 350.0 0.968044914130472 0.5623917620230421 8.132202247365498 99.42390893702338
283 2264 1.0379160741554447 0 351.0 0.9826763680609012 0.5395302764664462 8.085302449719832 99.45142194269711
284 2272 0.8930064732517516 0 351.0 0.9768105581432713 0.5464267844039083 8.043356524590966 99.43932638496294
285 2280 1.036244826720896 0 357.0 0.9888455928157901 0.5454030402035595 8.031108693648502 99.43713386237103
286 2288 1.0837916577491742 0 363.0 0.9457817181198437 0.5459823552501036 8.00302098561169 99.44369638512838
287 2296 0.9951335615562906 0 369.0 0.9935340352091029 0.5314353603079903 8.028998820136854 99.45703207892782
288 2304 0.906126753181386 0 339.0 0.9904556477367056 0.5360064383450475 8.020873586813467 99.44962468637492
289 2312 0.848988164844877 0 333.0 0.9743849291637727 0.5368215511937897 8.013736608681983 99.45148085033786
290 2320 0.8404137037577496 0 335.0 1.018251059152012 0.5330062593389615 8.055869533229608 99.45031611296939
291 2328 1.1608068173233292 0 347.0 0.9849314345242278 0.5297976974248121 7.920552306519247 99.45166047638256
292 2336 1.4905130302757539 0 350.0 1.0387033889403323 0.5085084493264157 7.888956496118363 99.46787119073764
293 2344 1.601522582598839 0 331.0 1.0533666834626871 0.5235969178975465 8.00014623544607 99.45089503571225
294 2352 1.4542986165047609 0 354.0 0.986953194455341 0.531390462447319 7.933766025161107 99.44899855941128
295 2360 1.571462414246835 0 336.0 1.1095825478121748 0.5245673213400012 8.053216252771309 99.44014406456014
296 2368 1.4986509549295568 0 370.0 1.0528306666297946 0.5052327935380535 7.803754915167396 99.46188373148627
297 2376 1.2956548164094706 0 346.0 1.011591680501288 0.5152177521459221 7.896379185092301 99.46481955185742
298 2384 1.2519528328977816 0 343.0 1.0619513203340634 0.5301854148910726 8.026433746232087 99.44036854310112
299 2392 1.2072117312026855 0 342.0 1.0459892539899152 0.5311412757808922 8.031473254078762 99.44395289574176
300 2400 1.2540969161874715 0 330.0 1.1238804814209675 0.5176404116868937 7.996717892524643 99.44205737312792
301 2408 1.0446600943721787 0 339.0 1.0544454769739702 0.5294520579651093 8.013594203359196 99.44233580689053
302 2416 1.1315742798332844 0 348.0 1.0540152555480784 0.5155772678349041 7.891080799300048 99.45491521373819
303 2424 1.2672258673051247 0 323.0 1.0407399397779067 0.5134687506489837 7.889615313358059 99.4604500308219
304 2432 1.1987687305243488 0 356.0 1.065524020534317 0.5164743663512424 7.9824359398267415 99.45785863408462
305 2440 1.2450822201755476 0 314.0 1.1231662707721153 0.5049822229783226 7.953703667084198 99.45879792909048
306 2448 1.3335131548811672 0 339.0 1.1422500129768163 0.5068474735008045 8.036008167153804 99.45676356362809
307 2456 1.3825105605641905 0 350.0 1.0534276315195699 0.5319603770744977 8.072472578922211 99.44330364828609
308 2464 1.4604950493435944 0 356.0 1.0563225136543097 0.5341063987011692 8.042124368200541 99.43716616626229
309 2472 1.3001811193973323 0 369.0 1.064113681770461 0.5301382011961671 8.02681054569568 99.44055554315139
310 2480 1.3311351876164124 0 355.0 1.0606340472976907 0.5394428135181625 8.046560590383901 99.42824442834704
311 2488 1.2692369248012068 0 362.0 1.0553607053725016 0.525113699537055 7.990865792386831 99.44598641191799
312 2496 1.46339837349455 0 388.0 1.0163694494115758 0.5354851910623626 8.008999231532934 99.44249294179578
313 2504 1.3812042192217215 0 368.0 1.0813068024928556 0.5216238954198661 8.02288590071225 99.44833233015366
314 2512 1.2144602281289036 0 375.0 0.9920219034294939 0.5361649031411623 8.0163264959102 99.44768259716915
315 2520 1.0643953193556772 0 386.0 1.0226378658105357 0.5391897534840834 8.025408879989842 99.43569831385935
316 2528 0.9320123517087611 0 341.0 1.0585736172842508 0.5245044311628118 8.01023163640713 99.44881919909706
317 2536 1.0005906144845973 0 365.0 1.002212058213724 0.5371863290975808 8.039743043916515 99.44545288501497
318 2544 1.0235735387928468 0 339.0 1.0160927496739738 0.5421942836910119 8.031902172301988 99.43399655309462
319 2552 0.999905531923396 0 366.0 0.9772225023075538 0.5464708547867209 8.034650609812076 99.43732713192786
320 2560 0.924611169685822 0 366.0 0.9967400324975187 0.551786517681361 8.059098113527615 99.42585094799415
321 2568 0.9652295143798069 0 340.0 1.0373775381078931 0.5397351373174276 8.053086534729125 99.43382371095895
322 2576 0.9412932335874069 0 354.0 1.0118766481263546 0.5527300920218116 8.081195327145577 99.42243993977449
323 2584 0.8774932565228011 0 341.0 1.0688686103149492 0.5394989303832116 8.073880412308682 99.42776583839826
324 2592 0.7185495720493272 0 351.0 0.9968801088579459 0.55292011440376 8.080481123402132 99.42599627436385
325 2600 0.6120245771811677 0 329.0 1.0530540371818722 0.5407991515675424 8.065711216641839 99.42934656961299
326 2608 0.5601210189722755 0 327.0 1.037385310005714 0.5431894798415681 8.058978580149708 99.42898199883342
327 2616 0.48236385854719804 0 372.0 1.0170650666717669 0.5477959304551957 8.069132683430409 99.42794559726649
328 2624 0.3761161182395973 0 346.0 1.0306827488633528 0.5434783738643701 8.058716652426705 99.43025285994435
329 2632 0.3755751057526362 0 323.0 1.0360732560218304 0.5409155405552809 8.049690220330966 99.43223772799732
330 2640 0.33630678435459466 0 388.0 1.037227099119588 0.5432397524957608 8.06238993394912 99.42920869706263
331 2648 0.2919512251342998 0 349.0 1.0351929849056762 0.5426664475880951 8.058810539929793 99.43029891967642
332 2656 0.28834995395282165 0 326.0 1.0260965242539366 0.544517080302957 8.064498045952353 99.43022126527937
333 2664 0.23526135590476846 0 352.0 1.026969083667102 0.544621530301404 8.062329361473093 99.42968398329755
334 2672 0.191290867084432 0 357.0 1.031823842741691 0.5425935528935323 8.057823787753334 99.43118177467477
335 2680 0.19347213757731133 0 325.0 1.0259784028953738 0.5458484578574796 8.06615292815876 99.42830518654355
336 2688 0.1544458945980422 0 317.0 1.0300613484601586 0.5440145153457704 8.062478672632043 99.42980119438928
337 2696 0.14323792688663223 0 357.0 1.0317617525440732 0.5434141652988481 8.05992795084679 99.43012399850856
338 2704 0.1326334803476616 0 360.0 1.0352851505111946 0.5431858890912109 8.062571403168704 99.42976899214543
339 2712 0.12122503147124222 0 371.0 1.0342024046483542 0.5430466096225769 8.060868597719884 99.43017192939422
340 2720 0.10684415714888873 0 325.0 1.0314987826915432 0.5436116502177504 8.062775542150876 99.43012815680308
341 2728 0.09472058393000606 0 368.0 1.0320700105113256 0.5436781737509793 8.062013291466172 99.42979649319557
342 2736 0.08431312204653363 0 363.0 1.033383249733938 0.5435528045824155 8.062037961045245 99.42967911032295
343 2744 0.09106903632199848 0 354.0 1.0325862928152247 0.5436909054989292 8.061861125209685 99.42967631928431
344 2752 0.09518214542604041 0 370.0 1.0323406881085433 0.5436833511683153 8.061807083354678 99.42973368105442
345 2760 0.08797167909902534 0 341.0 1.0344606440445991 0.5432774101507523 8.061695760102165 99.42980908361665
346 2768 0.08018796985968012 0 342.0 1.0314068282349553 0.5443683888244436 8.063343451140799 99.42902802513215
347 2776 0.08347175141165403 0 333.0 1.031484142728168 0.5442177972838118 8.06246677623365 99.42919216361449
348 2784 0.0704382981800146 0 370.0 1.0327801216612191 0.5440466112697528 8.062860234457258 99.42912909601048
349 2792 0.07107960517319988 0 371.0 1.031574766700112 0.5443182283556529 8.063037200999272 99.42902414124654
350 2800 0.0617835922015473 0 340.0 1.032352106113123 0.5440125496590549 8.062651440902007 99.42929901632849
351 2808 0.05294051295476704 0 361.0 1.0326718681396894 0.5440006547646989 8.06291878049471 99.42923897792346
352 2816 0.045706631538406844 0 336.0 1.0325961590748443 0.5438468749821737 8.06227340830835 99.42944492922418
353 2824 0.049874584166909285 0 360.0 1.0321131667489967 0.5442650182588676 8.063008691758974 99.42897449737706
354 2832 0.048938793877887174 0 345.0 1.0325449130806 0.5440350049115228 8.062534952080352 99.42917611683063
355 2840 0.05110363632257439 0 360.0 1.0319843798494532 0.5442003394103296 8.062899189522376 99.42909014825747
356 2848 0.06286771390089473 0 320.0 1.0319596795638193 0.5439826311073354 8.06254745251183 99.42940011555517
357 2856 0.08625956255917601 0 325.0 1.0308210526125154 0.544316431987121 8.0631745848397 99.4292213823206
358 2864 0.10093064856092371 0 355.0 1.0313388506913126 0.544394289611737 8.063597408300575 99.42897825962326
359 2872 0.09539445791723988 0 355.0 1.0312380138141028 0.5446394534072141 8.063718458757618 99.42864242879627
360 2880 0.0841268153399439 0 362.0 1.0318024702199813 0.5443418225405097 8.063633816730684 99.42898291979724
361 2888 0.07094698263240207 0 364.0 1.0307038769752166 0.5446526927859316 8.063856057568028 99.42875272842682
362 2896 0.07060408498232668 0 336.0 1.0317976139022058 0.5445172158834292 8.06414385853293 99.4287393687075
363 2904 0.07616153339648715 0 318.0 1.0323264259438247 0.5444545702658582 8.064434176754613 99.42871989021748
364 2912 0.0884452580221446 0 323.0 1.031730285458702 0.5445419724582561 8.064151057534565 99.42867615144961
365 2920 0.10770540458584581 0 340.0 1.0332147208057911 0.5441563586625641 8.06409344193499 99.42891865749672
366 2928 0.11358854930988392 0 324.0 1.0337147254149022 0.5441910675339882 8.065210973504382 99.42883962728722
367 2936 0.09504455472017322 0 347.0 1.0318824019221802 0.54438172024674 8.063868729240296 99.4288940911818
368 2944 0.09342769538499739 0 334.0 1.0316640625830542 0.5442721397279339 8.063756988971992 99.4291089325491
369 2952 0.07763414176706081 0 374.0 1.0313762799510993 0.5446150122172805 8.064331235696088 99.42870072617983
370 2960 0.0775791932677775 0 315.0 1.0314503010124654 0.5446268469486499 8.064023074351446 99.42861965891106
371 2968 0.06945568565868585 0 346.0 1.0319767576429788 0.5445618886824224 8.064440570515877 99.42863814451992
372 2976 0.06733834446588399 0 343.0 1.0324711144902554 0.5445786237668367 8.0649092186057 99.42853022653723
373 2984 0.06298461771342095 0 351.0 1.031585046453146 0.5445899931552589 8.064381673406645 99.42869683547997
374 2992 0.049292422874081296 0 373.0 1.032221585628744 0.5444924759728854 8.064425174896913 99.42868328459079
375 3000 0.04178730428299131 0 347.0 1.0319257053115003 0.5445287075355597 8.064459507359883 99.42870155439134
376 3008 0.03288875369168177 0 345.0 1.0318992217399814 0.5445647985602335 8.064512581456597 99.4286664380399
377 3016 0.03143573344403755 0 366.0 1.0320897780392142 0.5445395774740076 8.064599835369043 99.42866097236627
378 3024 0.03274234645256377 0 329.0 1.031541707212466 0.5445327515646436 8.064049485184869 99.42875538302562
379 3032 0.03050220317375264 0 358.0 1.0322034297243994 0.5445517285345 8.064665802267461 99.42862288155517
380 3040 0.03502926825250716 0 358.0 1.0320172828464729 0.5446250504240149 8.064696505531911 99.42855383853482
381 3048 0.040110644613525044 0 365.0 1.0317500188360766 0.5446447240029507 8.064571290903537 99.42857765859507
382 3056 0.045117209707039065 0 359.0 1.0316181213263855 0.5446738535843781 8.064668442657593 99.42856590019339
383 3064 0.03875106490550476 0 313.0 1.0322606718050578 0.5445971951922726 8.064801328974825 99.42854846675151
384 3072 0.03589370011231645 0 366.0 1.0318656203911032 0.5446841912412876 8.064693587177276 99.42849656897134
385 3080 0.039462149171502446 0 377.0 1.0318006174059946 0.5447022561401869 8.064740784706716 99.42849096024125
386 3088 0.03340251803013464 0 336.0 1.031784838077136 0.5446897200667178 8.064740631374898 99.42851340307301
387 3096 0.0335042657634114 0 400.0 1.0317695412159864 0.5448468669891764 8.065092737281699 99.42830204098622
388 3104 0.04194309879194251 0 377.0 1.0315688550449036 0.5448657365425618 8.065010301568185 99.42831411668331
389 3112 0.0422129155957478 0 379.0 1.0314457191528377 0.5447456152006444 8.064479370457875 99.42848487526143
390 3120 0.04551804950474516 0 332.0 1.0315154461106377 0.5447969727985875 8.064603416384097 99.42840589498797
391 3128 0.05260474346763375 0 381.0 1.0315647425940935 0.5447551208642996 8.064385065318405 99.42843501732736
392 3136 0.05467937406158974 0 356.0 1.0310311687064253 0.5450046237379189 8.064574320302562 99.42819542580659
393 3144 0.07048998400551768 0 368.0 1.0309013930897402 0.5450604784261974 8.064598262946546 99.42813664571105
394 3152 0.07783785010515018 0 345.0 1.0309603205473943 0.5451753482630968 8.064971298963393 99.42797905218556
395 3160 0.07659622842716893 0 370.0 1.0310036687116289 0.5451463710341343 8.065014048896343 99.42801503800403
396 3168 0.0696039666396308 0 338.0 1.0313109795408382 0.5450462198892485 8.06532153160507 99.42811769950906
397 3176 0.07522906186412077 0 343.0 1.0317148345978555 0.5447048918460953 8.064693615599504 99.4284974731364
398 3184 0.07818046278554326 0 330.0 1.0321613575428346 0.5447451712061165 8.06539363574168 99.42839187083008
399 3192 0.10250718367662467 0 331.0 1.03297126413289 0.5444263525126216 8.065458551762497 99.42869304655704
400 3200 0.10120773404158231 0 358.0 1.0315958773206515 0.5448603930830951 8.065208385111925 99.42831948544357
401 3208 0.10089637029227265 0 365.0 1.0310268381066479 0.5450428560561538 8.064920821930732 99.42814519873727
402 3216 0.09274233608367041 0 344.0 1.0321217542884271 0.5445728935938691 8.064932323341276 99.42861610056119
403 3224 0.08489698705302372 0 349.0 1.0315115007489588 0.5447595812537327 8.064538960894591 99.42844264330537
404 3232 0.08363722543058205 0 336.0 1.031853471654843 0.5447271116676573 8.0647369567079 99.42842659824547
405 3240 0.07846934100458124 0 328.0 1.0319799189389454 0.5446629895425086 8.064877145771172 99.42850501202038
406 3248 0.07731457583339467 0 341.0 1.032154164290286 0.5445077876216268 8.064822856941037 99.4286941835524
407 3256 0.09005131468336702 0 377.0 1.0317389014615843 0.5446846109016551 8.065131988683369 99.4285434157906
408 3264 0.08647129900752352 0 350.0 1.0318203889965885 0.5447273465733 8.065270487660102 99.4284717360777
409 3272 0.09926811132931299 0 363.0 1.0324768422249877 0.5445501139945906 8.065744453580502 99.42862846937568
410 3280 0.09742246915022372 0 313.0 1.0323454208842926 0.5446160180559684 8.066155800456855 99.42858616182829
411 3288 0.09653399370368325 0 318.0 1.0330357442137457 0.544413032748263 8.066253331634766 99.42875456741085
412 3296 0.08989902227802846 0 369.0 1.0330751850206696 0.5444249615661714 8.066220788978391 99.42872324223936
413 3304 0.10174376205096583 0 360.0 1.0322278205216118 0.5445834399038566 8.0659288329614 99.42864426452405
414 3312 0.10066895313203708 0 348.0 1.0323753619557718 0.5446117037874045 8.066195237437936 99.42858996767256
415 3320 0.10740742899790612 0 335.0 1.0334025384471663 0.5441507943930586 8.066122380895214 99.42906079480728
416 3328 0.09974119563403124 0 338.0 1.0328275062940508 0.5444666218741339 8.066554516847852 99.42873335724741
417 3336 0.12261060921840318 0 344.0 1.0331764118891542 0.5440361000149292 8.065591560727768 99.42923926596096
418 3344 0.10501370090838887 0 387.0 1.032569469606596 0.544477368308771 8.066278977288027 99.42875344642866
419 3352 0.11446273893842171 0 322.0 1.031423770512761 0.5448334596148829 8.065576756461313 99.42841761935084
420 3360 0.1452346357696263 0 363.0 1.0303726995597604 0.5449806267990864 8.064116250034461 99.42831938278148
421 3368 0.16225579524054667 0 338.0 1.0316909240458028 0.5447857818153342 8.06537116761726 99.42841852757255
422 3376 0.162150110707024 0 353.0 1.0292835857271339 0.545339343105686 8.063574594638348 99.42798030672249
423 3384 0.1497373873208737 0 345.0 1.0302311109298272 0.5453417194401331 8.064628161054603 99.42785015684221
424 3392 0.13601638277603145 0 330.0 1.0307090076133072 0.545032217644286 8.064952670880196 99.42822747786555
425 3400 0.1328288523688847 0 332.0 1.0305803107368101 0.5453474136901999 8.065507366571417 99.42782525998153
426 3408 0.12710467130227518 0 348.0 1.031273360564354 0.5448254729266322 8.065350206763462 99.42844409704807
427 3416 0.11893799789503981 0 327.0 1.0316356716506319 0.5447208062571857 8.065759626355392 99.42855112615842
428 3424 0.11351761715974569 0 359.0 1.0301253390733265 0.5452308640289093 8.064474562568318 99.42802046570068
429 3432 0.13749677469335675 0 363.0 1.028718837338326 0.5454119981527651 8.062521963861847 99.42791555417952
430 3440 0.15843669120690262 0 332.0 1.0276404314550338 0.5457559473787129 8.062016694900896 99.42759798703264
431 3448 0.14909241188880357 0 348.0 1.0278775998034344 0.5456223756544902 8.062201479671574 99.4277578555132
432 3456 0.13513841707888816 0 325.0 1.0307095886349629 0.5448975812190224 8.064520320747205 99.4283976134327
433 3464 0.12338555794984671 0 356.0 1.0300425338381163 0.5450345252643142 8.063673279637404 99.42827903145644
434 3472 0.11316547887876825 0 343.0 1.0295284736552401 0.5452564825532212 8.06355526344478 99.4280448687553
435 3480 0.10083483616368663 0 372.0 1.0310749887206372 0.5448796995555759 8.064861337110166 99.42837329060191
436 3488 0.0957000650234902 0 363.0 1.0298436166181482 0.5450461707474723 8.06364863712279 99.42829869755487
437 3496 0.08318213329601801 0 364.0 1.0300785570842406 0.5450196902989909 8.063760063920968 99.42829818235926
438 3504 0.09820810475516602 0 388.0 1.02982172926725 0.5450299168516112 8.063307551702499 99.42831017482732
439 3512 0.09479185537112526 0 370.0 1.0313314689439355 0.544687426970118 8.064800196430896 99.42860049241433
440 3520 0.09536351253762619 0 314.0 1.030953286100571 0.5447728427302972 8.06453218806273 99.42853419317326
441 3528 0.1044147991808388 0 351.0 1.0299317185753247 0.5450561585389028 8.063778162400226 99.4282718357807
442 3536 0.09998068723414014 0 365.0 1.0312613152479664 0.5446639625757866 8.064855697133204 99.42864915785366
443 3544 0.08975530580427332 0 353.0 1.0296826047247944 0.5450966459517421 8.06347842290866 99.42824598145158
444 3552 0.08561875644393455 0 355.0 1.0308530663866429 0.544753965339621 8.064489399025181 99.42857656676115
445 3560 0.07791694596189994 0 351.0 1.0303478732893416 0.5449398874097412 8.064103816206803 99.42838359892139
446 3568 0.08563317772544796 0 326.0 1.0309894850380552 0.5446964957506834 8.064701932134977 99.42864808196174
447 3576 0.07124809486831309 0 317.0 1.0305800002930672 0.5448410496613512 8.0643173039107 99.42849426503655
448 3584 0.06354594538108922 0 323.0 1.0306690715243028 0.5448467338630697 8.064517090903063 99.42847946596854
449 3592 0.060440965790739445 0 338.0 1.030613694564959 0.5448310983711353 8.06422870011303 99.42849642232365
450 3600 0.06416930412948273 0 354.0 1.0305976285136413 0.5448442078721464 8.064398386003237 99.42848897785936
451 3608 0.06702814031097311 0 365.0 1.0307212928199916 0.5448244540656914 8.064547653325066 99.42850324210266
452 3616 0.061660509764512365 0 338.0 1.0304387966672541 0.5449270716906659 8.064203140489063 99.42838874117851
453 3624 0.05117156523985921 0 367.0 1.030354027776685 0.5449115264925657 8.06427742495917 99.42843329204678
454 3632 0.04120486480958222 0 340.0 1.0307719118781913 0.5448232520482528 8.064518947446318 99.42849296915008
455 3640 0.035454639352758444 0 316.0 1.0302895166384711 0.544950219650865 8.064196211175528 99.42838351232905
456 3648 0.03060885792047977 0 347.0 1.030293732457054 0.5449730397444117 8.064282411930723 99.42835390766868
457 3656 0.03323572648445513 0 321.0 1.0302743076364225 0.544977810315435 8.06429825965832 99.42835193215645
458 3664 0.031642087392823696 0 312.0 1.0302686224738997 0.5449985669764088 8.06430931859642 99.4283232694736
459 3672 0.03171540828447393 0 341.0 1.0302661688313255 0.5449786945944067 8.06429460083214 99.428352505683
460 3680 0.02936750876392035 0 351.0 1.030150386655196 0.5450098027000962 8.064260324440237 99.42832728188682
461 3688 0.03000543637480991 0 355.0 1.0302079157525421 0.5449989659178528 8.064327722892171 99.42833559996382
462 3696 0.02792454912134517 0 321.0 1.0302790436971807 0.5449776865719262 8.06435900978102 99.42835462889236
463 3704 0.02968113930564498 0 382.0 1.030422475307863 0.5449117675852087 8.064401872351393 99.42842553786878
464 3712 0.03183134101844423 0 364.0 1.030370346535392 0.5449638294917872 8.064481492218324 99.42836367181357
465 3720 0.031424857926410775 0 349.0 1.0302729635911394 0.5449914263447395 8.064350920403967 99.42833577912315
466 3728 0.0316256751014754 0 360.0 1.0303683930295857 0.5449490041187965 8.064456801743518 99.42838499520859
467 3736 0.03676359582089148 0 359.0 1.0304092180057536 0.5449401870727152 8.064556405470036 99.42839489222611
468 3744 0.03150868880249645 0 354.0 1.0303929002691212 0.5449550116689035 8.06450831650561 99.42837382946857
469 3752 0.030660690685139887 0 349.0 1.030467139352255 0.5449210124854083 8.064549392194856 99.42841098471037
470 3760 0.025733111540145764 0 352.0 1.0304465056001404 0.5449356475013684 8.064485796165306 99.42839039797808
471 3768 0.023388378738126107 0 315.0 1.0303820506815031 0.5449454423794028 8.06444930537485 99.42838660363323
472 3776 0.023867643670841578 0 362.0 1.030414308523929 0.5449489019384026 8.064494071091506 99.42837754647351
473 3784 0.024222948002721848 0 377.0 1.0305304354774703 0.5449232664426857 8.064585708713974 99.4283973937891
474 3792 0.027773065349079164 0 372.0 1.030596845025414 0.5449032880498547 8.064660089081798 99.42841752631153
475 3800 0.028202630906090896 0 360.0 1.0305989585150268 0.5448845119608052 8.064581599938666 99.42844055473327
476 3808 0.037160530260511554 0 350.0 1.030681376523716 0.5448658809595759 8.064712638469716 99.42845905226724
477 3816 0.04417555697779905 0 347.0 1.03068858776049 0.5448984022224068 8.064814370725522 99.42841518465906
478 3824 0.051884870928869016 0 354.0 1.0307526357648928 0.5448619731434748 8.06485267039002 99.42845791044455
479 3832 0.05296037535589765 0 355.0 1.0306945908768648 0.544897751991897 8.064860304336953 99.42841728303925
480 3840 0.052081617386422724 0 339.0 1.0305496102496379 0.5449349743161777 8.064738939671251 99.42838473972395
481 3848 0.05358769701283374 0 326.0 1.030557567071988 0.5449427194281007 8.064734560829747 99.42837180575425
482 3856 0.05852287168557139 0 307.0 1.0305152293104907 0.5449531026997486 8.064680332207502 99.42836249291202
483 3864 0.07052574141291397 0 348.0 1.0303667699956727 0.5449887477884381 8.064536676243439 99.42833207500853
484 3872 0.06135786819492735 0 374.0 1.030429057016031 0.5450008692181728 8.064791517876037 99.42831520554975
485 3880 0.05633340664794251 0 311.0 1.0305049155696897 0.5449646292301719 8.064751421233636 99.42835059934535
486 3888 0.0468667101199386 0 342.0 1.030421949046264 0.545001574254306 8.064805062257 99.4283160566636
487 3896 0.045683006413052396 0 365.0 1.0305453871033612 0.5449727921153681 8.064859092431467 99.42833690559885
488 3904 0.04158732097670164 0 328.0 1.0305787129912127 0.5449697841165702 8.064981905788667 99.42834134051166
489 3912 0.038231779018855355 0 341.0 1.0305187014796051 0.5449799030876897 8.064869347662574 99.42833215407124
490 3920 0.03759125268394391 0 335.0 1.030557790890762 0.5449982310326297 8.064955665955793 99.42830250005399
491 3928 0.046017560425276535 0 358.0 1.030450967542045 0.5450425137547142 8.064928909136386 99.42825722614853
492 3936 0.05233090621998009 0 376.0 1.0303568929338942 0.5450861930936206 8.064857910977778 99.42820825456951
493 3944 0.04802660186916191 0 360.0 1.0305240520338654 0.5450098843566451 8.064913720308908 99.42829006001261
494 3952 0.05170560228259209 0 363.0 1.0304352579931564 0.5450973217116872 8.065013154837917 99.42818462411523
495 3960 0.049747675093594436 0 336.0 1.0304116553807223 0.5450794255531168 8.064936076238315 99.42821135183387
496 3968 0.06660405921833515 0 347.0 1.030370464647571 0.5451397362560293 8.064941730010991 99.42813174596127
497 3976 0.0794812742555323 0 328.0 1.0301959524306614 0.5452433865649974 8.064984168567534 99.42801680267553
498 3984 0.0872877646312719 0 344.0 1.0302197805786844 0.5452454555310285 8.065030370416777 99.42801133983886
499 3992 0.07326369548966868 0 385.0 1.0303008886916283 0.5452067097159409 8.065036020986987 99.42805219537583
500 4000 0.06727477031303532 0 332.0 1.0304116350872068 0.5451009945718599 8.06499585957153 99.4281829670362
501 4008 0.060648095374765586 0 378.0 1.0305390406992772 0.5450851914702427 8.065141193127026 99.42818860961954
502 4016 0.05490703131801792 0 302.0 1.03033407247287 0.5451508444665121 8.064966703198797 99.4281233300652
503 4024 0.05501168438530926 0 368.0 1.0304356824637548 0.5451225885659035 8.065038250626895 99.42814873627354
504 4032 0.05461336931968422 0 377.0 1.0303281890876284 0.5451955567422371 8.065060810462246 99.42806429794179
505 4040 0.050952327591717174 0 314.0 1.0303672132213304 0.545169443911248 8.065079537735944 99.42809575640862
506 4048 0.05952428495371453 0 361.0 1.030275473052915 0.545221386740824 8.06499006562803 99.42803328324901
507 4056 0.06544948935718467 0 365.0 1.030360394257788 0.5452280640127857 8.065165418939294 99.428016179769
508 4064 0.06325852867332667 0 350.0 1.030327279574069 0.5451695984354341 8.064950999185477 99.428096767704
509 4072 0.059231020774242284 0 344.0 1.0303462586632537 0.5452013620178502 8.06505492995536 99.42805242372638
510 4080 0.05697555452644653 0 357.0 1.0302077704314154 0.5452594922587138 8.064963078837819 99.42798966108903
511 4088 0.06693797257609366 0 351.0 1.0301900715357444 0.5452542208711235 8.06492377785043 99.42799890055693
512 4096 0.0723433585437661 0 327.0 1.030288351172211 0.5452171376255874 8.064960311805029 99.42803524370608
513 4104 0.07311053912270264 0 367.0 1.0302851144314484 0.5452086253791291 8.064965984887053 99.42804917345097
514 4112 0.0808653782430484 0 332.0 1.0304167896792256 0.5450982869572141 8.064928640032477 99.42818251187839
515 4120 0.08635502675849563 0 316.0 1.0303708144682908 0.5450841218631225 8.064809426404981 99.42820572639039
516 4128 0.07473599075042606 0 335.0 1.0301897819460861 0.5452219318801356 8.064834217367192 99.42804139732286
517 4136 0.08299950396429016 0 344.0 1.03013664958107 0.5452044049736073 8.064727246130769 99.42807180082089
518 4144 0.06890718032837548 0 325.0 1.0302386194863828 0.5451817871331155 8.064834953276856 99.42809032880182
519 4152 0.06765659020375538 0 367.0 1.0302416751236345 0.5451075248778126 8.064648781589257 99.42818818293067
520 4160 0.07920059622716222 0 334.0 1.030171535742979 0.5451516255317459 8.06466748594087 99.42813872547421
521 4168 0.10263977400850179 0 323.0 1.030064699309597 0.54519017159479 8.064633574286402 99.42810169720248
522 4176 0.1186266396454982 0 366.0 1.0300753756524905 0.5452901934907076 8.064915531129222 99.42796841242622
523 4184 0.1278148925651575 0 354.0 1.0298752137458997 0.5453355456986815 8.064673029679094 99.4279284908091
524 4192 0.13466600666106973 0 357.0 1.030091482218885 0.5452444899569343 8.064898107833093 99.42803114555498
525 4200 0.12221024153940963 0 345.0 1.030031998465216 0.5452178775679342 8.064672596526913 99.42806959955782
526 4208 0.12385994020601385 0 376.0 1.0303029521769027 0.5452093706536277 8.065097015719868 99.42805137356802
527 4216 0.09782200739436774 0 363.0 1.0301078128689078 0.545260313397401 8.064935624187605 99.42800674668193
528 4224 0.08060919092217086 0 393.0 1.0302415869776687 0.5451962747969508 8.064919073953991 99.42807295199101
529 4232 0.08727321837435414 0 375.0 1.0301172463407888 0.5452806014508353 8.064944479978653 99.42797542159356
530 4240 0.07559198225407134 0 341.0 1.0301450292292111 0.5452009212701299 8.064796375030953 99.42807865827983
531 4248 0.07053778170104874 0 317.0 1.0301251017731834 0.545176760991235 8.064692188243354 99.428112075576
532 4256 0.058781986218155564 0 329.0 1.0300970888475096 0.5452188444734557 8.064771150818734 99.42806063893957
533 4264 0.06180343350877396 0 388.0 1.0301404543682926 0.5451671844981862 8.064709926584387 99.42812421310315
534 4272 0.06634282977951805 0 358.0 1.03005914138951 0.5452456765028812 8.06478085956238 99.42802941525271
535 4280 0.07752493881106624 0 290.0 1.0300095233297613 0.5451917992123552 8.064542267381377 99.42810504934553
536 4288 0.08677664361229662 0 350.0 1.030109581605592 0.5451783504349911 8.064642438874994 99.42811021263716
537 4296 0.10164691962206736 0 354.0 1.030024980805004 0.5452655148072776 8.06474724005379 99.42800526278923
538 4304 0.09740490299045547 0 361.0 1.030093697047656 0.5451897593404409 8.064659731989213 99.42809763921824
539 4312 0.11611454742581565 0 382.0 1.0302146964899073 0.5450854040982966 8.06454790351305 99.42821993245154
540 4320 0.11459317208609314 0 368.0 1.0301877355901536 0.545171142131109 8.064745849319936 99.42811063982748
541 4328 0.11739417347861242 0 385.0 1.0302538041747564 0.545163433442183 8.064877077425384 99.42811589090486
542 4336 0.12459563094474277 0 364.0 1.030344392990583 0.5450788706954216 8.064786628761263 99.42821649234511
543 4344 0.10581051073313684 0 333.0 1.0302173750183332 0.5451668243773128 8.064776555943304 99.42811276690944
544 4352 0.10105644545997107 0 359.0 1.0302636466876074 0.5451835035112811 8.064892119304316 99.42808538287962
545 4360 0.09118953304165124 0 365.0 1.0302631109896565 0.5451193475373476 8.064711107662731 99.42816942454344
546 4368 0.08922952529212308 0 323.0 1.0301414866689216 0.545152050958897 8.064612703510452 99.4281404637184
547 4376 0.08127254400770745 0 333.0 1.0301598569512322 0.5451904686402371 8.064753316518528 99.4280883216685
548 4384 0.07020544175125211 0 333.0 1.0302286658529678 0.545150455865228 8.06472445393427 99.42813156643875
549 4392 0.08698315677016576 0 388.0 1.030314718899091 0.545046493744432 8.064601155303325 99.42825980368721
550 4400 0.09502115039981615 0 341.0 1.0302033700587487 0.5451097154962603 8.064565205170902 99.42818761626924
551 4408 0.10149570205354319 0 387.0 1.030243509647599 0.5450949415699929 8.064570678099306 99.42820137317625
552 4416 0.1346522658158596 0 349.0 1.030040303813401 0.5452083433675469 8.064511716335465 99.42807261082862
553 4424 0.14945618620165507 0 359.0 1.0301446871402862 0.545182035962107 8.064618345514836 99.42809600098337
554 4432 0.17244632548145825 0 375.0 1.0305705256311029 0.5448830273670071 8.064514071361176 99.42844261800258
555 4440 0.17729573841674437 0 310.0 1.0305442320569635 0.5449590901470956 8.064697178159706 99.42834676099686
556 4448 0.16638305960890465 0 351.0 1.0304808610745444 0.5449545955834036 8.064618484567882 99.42836187168992
557 4456 0.16990753042780796 0 371.0 1.0307140646193806 0.5447311681964547 8.064347310131877 99.42862746915768
558 4464 0.21849603145624205 0 352.0 1.0311818644646216 0.5442395885312341 8.063756610366859 99.42922083635038
559 4472 0.2277184441946166 0 329.0 1.0308561590910603 0.544529009610741 8.064075551684446 99.42887992008545
560 4480 0.23608209057086152 0 350.0 1.0310059613954274 0.5445511171640758 8.06439700818922 99.42883496682241
561 4488 0.23501281448121014 0 347.0 1.030982818472911 0.5444727285964335 8.064133558988011 99.42894003546833
562 4496 0.30693559967169537 0 351.0 1.0318985372798464 0.543429688706077 8.06277875132667 99.43020931428852
563 4504 0.3867032362115368 0 361.0 1.0316254920107277 0.5436444305453977 8.062876575540347 99.42995505774768
564 4512 0.35828864183195064 0 353.0 1.0320754799784113 0.5434368859827265 8.063177502719808 99.43018546352872
565 4520 0.44245419383629836 0 350.0 1.0314957816238524 0.5440876458279951 8.064142853650889 99.42940178576272
566 4528 0.49850933834585603 0 351.0 1.031102318535108 0.5442932137166443 8.064003599723943 99.42917174489767
567 4536 0.490364054125873 0 334.0 1.0311108435723002 0.5444700180025477 8.064573954642922 99.42894283539455
568 4544 0.4812435366144 0 347.0 1.0309191215534088 0.5443737438252807 8.064040967788568 99.4290926884407
569 4552 0.44203011224435956 0 339.0 1.0313473121196932 0.5441742345849601 8.064249265048746 99.4293101474213
570 4560 0.380792291849333 0 394.0 1.0310515008030274 0.5443940903107681 8.064223613537 99.42904651167333
571 4568 0.4044810433587414 0 362.0 1.031151997548672 0.5441956310563115 8.063865286279485 99.42929655001498
572 4576 0.3368101009777649 0 372.0 1.0312483294768773 0.5441157508039962 8.063794721790538 99.42939058419988
573 4584 0.33635422968522505 0 366.0 1.0316598258644036 0.5437233615846955 8.063344291948356 99.42985838319753
574 4592 0.3250031960969999 0 363.0 1.0310454939369393 0.5444559423505942 8.064471087643234 99.42897074175153
575 4600 0.3678975241853429 0 335.0 1.0316719196855662 0.5440301710737162 8.064387993720445 99.42946414786017
576 4608 0.3834727424017922 0 331.0 1.0311005875758101 0.5445650254422366 8.064970124723274 99.42882743077007
577 4616 0.4281767155043344 0 367.0 1.032210289295514 0.5436446220271958 8.064184017407616 99.42991026826961
578 4624 0.4218433177631496 0 367.0 1.0305271316547227 0.5451381936296754 8.06562732929923 99.4281393809697
579 4632 0.42181150432868564 0 372.0 1.0305554165084927 0.5450990838380755 8.065540229108557 99.42818629465958
580 4640 0.4191125486569163 0 384.0 1.0313678970253721 0.5443560702694784 8.064732547908998 99.42906704793194
581 4648 0.3903412475827599 0 323.0 1.0302168755126146 0.5455229031485259 8.066231938105155 99.42767145273764
582 4656 0.3720176327613899 0 320.0 1.030230285081101 0.5454111760434106 8.065833390178728 99.42781063339584
583 4664 0.352430150142409 0 349.0 1.030912541330393 0.5448023443746166 8.065298772118355 99.428535946822
584 4672 0.3552053910100832 0 358.0 1.0313131193212124 0.5443089462802642 8.064514361638283 99.42913527157319
585 4680 0.3528425324006621 0 356.0 1.0316040229859753 0.5440333497957205 8.064211224906613 99.42946383218097
